nodenumber     x-coordinate     y-coordinate     z-coordinate      mach-number         pressure 
         1  2.883190000E-01 -5.998690000E-02  0.000000000E+00  4.892668587E-02  5.625860980E+02 
         2  3.294650000E-01 -5.982680000E-02  0.000000000E+00  5.462583905E-02  5.235685264E+02 
         3  2.471780000E-01 -5.933890000E-02  0.000000000E+00  4.186464479E-02  6.049118759E+02 
         4  3.706030000E-01 -5.898830000E-02  0.000000000E+00  5.936414304E-02  4.878964543E+02 
         5  2.060650000E-01 -5.771190000E-02  0.000000000E+00  3.283743872E-02  6.488362200E+02 
         6  4.117260000E-01 -5.757270000E-02  0.000000000E+00  6.339415100E-02  4.552948874E+02 
         7  4.528280000E-01 -5.566140000E-02  0.000000000E+00  6.688868679E-02  4.253460103E+02 
         8  1.650180000E-01 -5.486620000E-02  0.000000000E+00  2.059586669E-02  6.911305619E+02 
         9  4.939080000E-01 -5.332060000E-02  0.000000000E+00  6.997001639E-02  3.976174292E+02 
        10  5.349650000E-01 -5.060440000E-02  0.000000000E+00  7.272885945E-02  3.716931832E+02 
        11  1.241140000E-01 -5.043730000E-02  0.000000000E+00  8.511025473E-03  7.159432828E+02 
        12  5.759990000E-01 -4.755650000E-02  0.000000000E+00  7.523306087E-02  3.471896836E+02 
        13  6.170090000E-01 -4.421250000E-02  0.000000000E+00  7.753603744E-02  3.237448201E+02 
        14  8.351470000E-02 -4.379180000E-02  0.000000000E+00  1.825155330E-02  6.751943904E+02 
        15  6.579970000E-01 -4.059990000E-02  0.000000000E+00  7.968275262E-02  3.010130394E+02 
        16  5.488770000E-02 -3.697740000E-02  0.000000000E+00  4.938237223E-02  5.142075126E+02 
        17  6.989630000E-01 -3.673990000E-02  0.000000000E+00  8.171302785E-02  2.786589541E+02 
        18  7.399050000E-01 -3.264710000E-02  0.000000000E+00  8.366486627E-02  2.563547674E+02 
        19  3.777470000E-02 -3.147510000E-02  0.000000000E+00  8.300127021E-02  1.957352686E+02 
        20  7.808250000E-01 -2.833060000E-02  0.000000000E+00  8.557837292E-02  2.337433080E+02 
        21  2.634450000E-02 -2.677890000E-02  0.000000000E+00  1.186208176E-01 -3.146168462E+02 
        22  8.217210000E-01 -2.379390000E-02  0.000000000E+00  8.750067524E-02  2.103522572E+02 
        23  1.821900000E-02 -2.259850000E-02  0.000000000E+00  1.560918253E-01 -1.033582455E+03 
        24  1.318260000E-02 -1.942040000E-02  0.000000000E+00  1.922465229E-01 -1.906831445E+03 
        25  8.625920000E-01 -1.903530000E-02  0.000000000E+00  8.950219416E-02  1.855814989E+02 
        26  9.850590000E-03 -1.691540000E-02  0.000000000E+00  2.254437611E-01 -2.863734049E+03 
        27  7.411530000E-03 -1.476420000E-02  0.000000000E+00  2.569178982E-01 -3.900154623E+03 
        28  9.034350000E-01 -1.404860000E-02  0.000000000E+00  9.153073094E-02  1.600585258E+02 
        29  5.510960000E-03 -1.280140000E-02  0.000000000E+00  2.878319612E-01 -5.038692111E+03 
        30  3.983540000E-03 -1.093890000E-02  0.000000000E+00  3.187169938E-01 -6.294133614E+03 
        31  9.337850000E-01 -1.018640000E-02  0.000000000E+00  9.350398261E-02  1.344496606E+02 
        32  2.745270000E-03 -9.124550000E-03  0.000000000E+00  3.497243812E-01 -7.658285433E+03 
        33  1.752850000E-03 -7.324960000E-03  0.000000000E+00  3.805826689E-01 -9.109322148E+03 
        34  9.641170000E-01 -6.185660000E-03  0.000000000E+00  9.565539682E-02  1.050933219E+02 
        35  9.860190000E-04 -5.518970000E-03  0.000000000E+00  4.104588406E-01 -1.060600660E+04 
        36  4.384000000E-04 -3.696570000E-03  0.000000000E+00  4.380141433E-01 -1.206735002E+04 
        37  9.885790000E-01 -2.851310000E-03  0.000000000E+00  9.856578206E-02  7.139451218E+01 
        38  1.095110000E-04 -1.855900000E-03  0.000000000E+00  4.617621003E-01 -1.338392319E+04 
        39  0.000000000E+00  0.000000000E+00  0.000000000E+00  4.804472976E-01 -1.447093071E+04 
        40  1.008950000E+00  0.000000000E+00  0.000000000E+00  7.294467024E-02  1.795542795E+01 
        41  1.095110000E-04  1.855900000E-03  0.000000000E+00  4.932840071E-01 -1.526375128E+04 
        42  9.885790000E-01  2.851310000E-03  0.000000000E+00  1.201695489E-02 -7.387870021E-01 
        43  4.384000000E-04  3.696570000E-03  0.000000000E+00  4.994850238E-01 -1.569242179E+04 
        44  9.860190000E-04  5.518970000E-03  0.000000000E+00  4.987378666E-01 -1.571193074E+04 
        45  9.641170000E-01  6.185660000E-03  0.000000000E+00  5.298967836E-03 -1.156685791E+00 
        46  1.752850000E-03  7.324960000E-03  0.000000000E+00  4.918043764E-01 -1.535250906E+04 
        47  2.745270000E-03  9.124550000E-03  0.000000000E+00  4.798994204E-01 -1.470943520E+04 
        48  9.337850000E-01  1.018640000E-02  0.000000000E+00  6.829173433E-03 -3.091526134E+00 
        49  3.983540000E-03  1.093890000E-02  0.000000000E+00  4.642517736E-01 -1.386959856E+04 
        50  5.510960000E-03  1.280140000E-02  0.000000000E+00  4.458176034E-01 -1.289754144E+04 
        51  9.034350000E-01  1.404860000E-02  0.000000000E+00  6.038813007E-03  2.207890896E+00 
        52  7.411530000E-03  1.476420000E-02  0.000000000E+00  4.251064087E-01 -1.184234850E+04 
        53  9.850590000E-03  1.691540000E-02  0.000000000E+00  4.021131955E-01 -1.071779126E+04 
        54  8.625920000E-01  1.903530000E-02  0.000000000E+00  5.111830555E-03  6.241241384E+00 
        55  1.318260000E-02  1.942040000E-02  0.000000000E+00  3.761128277E-01 -9.511555810E+03 
        56  1.821900000E-02  2.259850000E-02  0.000000000E+00  3.460067273E-01 -8.180988605E+03 
        57  8.217210000E-01  2.379390000E-02  0.000000000E+00  6.935060869E-03  7.102190787E+00 
        58  2.634450000E-02  2.677890000E-02  0.000000000E+00  3.128778506E-01 -6.786384495E+03 
        59  7.808250000E-01  2.833060000E-02  0.000000000E+00  2.219947598E-02 -6.874647819E+00 
        60  3.777470000E-02  3.147510000E-02  0.000000000E+00  2.796027460E-01 -5.497967790E+03 
        61  7.399050000E-01  3.264710000E-02  0.000000000E+00  4.700688124E-02 -5.439145731E+01 
        62  6.989630000E-01  3.673990000E-02  0.000000000E+00  6.760229447E-02 -1.298570907E+02 
        63  5.488770000E-02  3.697740000E-02  0.000000000E+00  2.467971214E-01 -4.352981550E+03 
        64  6.579970000E-01  4.059990000E-02  0.000000000E+00  8.172370916E-02 -2.124402061E+02 
        65  8.351470000E-02  4.379180000E-02  0.000000000E+00  2.147307806E-01 -3.334482191E+03 
        66  6.170090000E-01  4.421250000E-02  0.000000000E+00  9.096643398E-02 -2.944791650E+02 
        67  5.759990000E-01  4.755650000E-02  0.000000000E+00  9.737716224E-02 -3.772864622E+02 
        68  1.241140000E-01  5.043730000E-02  0.000000000E+00  1.868953929E-01 -2.532568145E+03 
        69  5.349650000E-01  5.060440000E-02  0.000000000E+00  1.021846742E-01 -4.630639339E+02 
        70  4.939080000E-01  5.332060000E-02  0.000000000E+00  1.060957531E-01 -5.543302741E+02 
        71  1.650180000E-01  5.486620000E-02  0.000000000E+00  1.662438498E-01 -2.004693091E+03 
        72  4.528280000E-01  5.566140000E-02  0.000000000E+00  1.096827385E-01 -6.534796432E+02 
        73  4.117260000E-01  5.757270000E-02  0.000000000E+00  1.134830078E-01 -7.631365019E+02 
        74  2.060650000E-01  5.771190000E-02  0.000000000E+00  1.512631767E-01 -1.656833792E+03 
        75  3.706030000E-01  5.898830000E-02  0.000000000E+00  1.179776489E-01 -8.866616361E+02 
        76  2.471780000E-01  5.933890000E-02  0.000000000E+00  1.397520321E-01 -1.399211683E+03 
        77  3.294650000E-01  5.982680000E-02  0.000000000E+00  1.235997672E-01 -1.028658420E+03 
        78  2.883190000E-01  5.998690000E-02  0.000000000E+00  1.307183608E-01 -1.195966378E+03 
        79  2.883190000E-01 -5.998690000E-02  1.666670000E-01  4.892484941E-02  5.626006191E+02 
        80  3.294650000E-01 -5.982680000E-02  1.666670000E-01  5.462358140E-02  5.235897052E+02 
        81  2.471780000E-01 -5.933890000E-02  1.666670000E-01  4.186309242E-02  6.049216922E+02 
        82  3.706030000E-01 -5.898830000E-02  1.666670000E-01  5.936130195E-02  4.879269485E+02 
        83  2.060650000E-01 -5.771190000E-02  1.666670000E-01  3.283604405E-02  6.488426441E+02 
        84  4.117260000E-01 -5.757270000E-02  1.666670000E-01  6.339052627E-02  4.553381608E+02 
        85  4.528280000E-01 -5.566140000E-02  1.666670000E-01  6.688402645E-02  4.254064360E+02 
        86  1.650180000E-01 -5.486620000E-02  1.666670000E-01  2.059447879E-02  6.911342748E+02 
        87  4.939080000E-01 -5.332060000E-02  1.666670000E-01  6.996400451E-02  3.977003582E+02 
        88  5.349650000E-01 -5.060440000E-02  1.666670000E-01  7.272110146E-02  3.718051736E+02 
        89  1.241140000E-01 -5.043730000E-02  1.666670000E-01  8.510774068E-03  7.159442066E+02 
        90  5.759990000E-01 -4.755650000E-02  1.666670000E-01  7.522305701E-02  3.473392502E+02 
        91  6.170090000E-01 -4.421250000E-02  1.666670000E-01  7.752313860E-02  3.239441299E+02 
        92  8.351470000E-02 -4.379180000E-02  1.666670000E-01  1.825279510E-02  6.751897672E+02 
        93  6.579970000E-01 -4.059990000E-02  1.666670000E-01  7.966610291E-02  3.012801660E+02 
        94  5.488770000E-02 -3.697740000E-02  1.666670000E-01  4.938413840E-02  5.141937176E+02 
        95  6.989630000E-01 -3.673990000E-02  1.666670000E-01  8.169154237E-02  2.790191541E+02 
        96  7.399050000E-01 -3.264710000E-02  1.666670000E-01  8.363729115E-02  2.568383291E+02 
        97  3.777470000E-02 -3.147510000E-02  1.666670000E-01  8.300360566E-02  1.957068766E+02 
        98  7.808250000E-01 -2.833060000E-02  1.666670000E-01  8.554353333E-02  2.343788310E+02 
        99  2.634450000E-02 -2.677890000E-02  1.666670000E-01  1.186238862E-01 -3.146683334E+02 
       100  8.217210000E-01 -2.379390000E-02  1.666670000E-01  8.745819550E-02  2.111542705E+02 
       101  1.821900000E-02 -2.259850000E-02  1.666670000E-01  1.560957323E-01 -1.033666292E+03 
       102  1.318260000E-02 -1.942040000E-02  1.666670000E-01  1.922513084E-01 -1.906955431E+03 
       103  8.625920000E-01 -1.903530000E-02  1.666670000E-01  8.945441110E-02  1.865336165E+02 
       104  9.850590000E-03 -1.691540000E-02  1.666670000E-01  2.254493940E-01 -2.863902526E+03 
       105  7.411530000E-03 -1.476420000E-02  1.666670000E-01  2.569243743E-01 -3.900371910E+03 
       106  9.034350000E-01 -1.404860000E-02  1.666670000E-01  9.148324190E-02  1.611046154E+02 
       107  5.510960000E-03 -1.280140000E-02  1.666670000E-01  2.878393145E-01 -5.038964073E+03 
       108  3.983540000E-03 -1.093890000E-02  1.666670000E-01  3.187252828E-01 -6.294467383E+03 
       109  9.337850000E-01 -1.018640000E-02  1.666670000E-01  9.346863317E-02  1.355964257E+02 
       110  2.745270000E-03 -9.124550000E-03  1.666670000E-01  3.497336799E-01 -7.658688571E+03 
       111  1.752850000E-03 -7.324960000E-03  1.666670000E-01  3.805930579E-01 -9.109801866E+03 
       112  9.641170000E-01 -6.185660000E-03  1.666670000E-01  9.566241590E-02  1.064232819E+02 
       113  9.860190000E-04 -5.518970000E-03  1.666670000E-01  4.104703922E-01 -1.060656879E+04 
       114  4.384000000E-04 -3.696570000E-03  1.666670000E-01  4.380268975E-01 -1.206799735E+04 
       115  9.885790000E-01 -2.851310000E-03  1.666670000E-01  9.875710561E-02  7.289152669E+01 
       116  1.095110000E-04 -1.855900000E-03  1.666670000E-01  4.617760408E-01 -1.338465332E+04 
       117  0.000000000E+00  0.000000000E+00  1.666670000E-01  4.804623594E-01 -1.447173561E+04 
       118  1.008950000E+00  0.000000000E+00  1.666670000E-01  6.228577322E-02  1.879492407E+01 
       119  1.095110000E-04  1.855900000E-03  1.666670000E-01  4.933000834E-01 -1.526461856E+04 
       120  9.885790000E-01  2.851310000E-03  1.666670000E-01  1.588896691E-02 -9.615224448E+00 
       121  4.384000000E-04  3.696570000E-03  1.666670000E-01  4.995019422E-01 -1.569333170E+04 
       122  9.860190000E-04  5.518970000E-03  1.666670000E-01  4.987553127E-01 -1.571286177E+04 
       123  9.641170000E-01  6.185660000E-03  1.666670000E-01  8.003561153E-03 -2.667836182E+00 
       124  1.752850000E-03  7.324960000E-03  1.666670000E-01  4.918220548E-01 -1.535343851E+04 
       125  2.745270000E-03  9.124550000E-03  1.666670000E-01  4.799171857E-01 -1.471034217E+04 
       126  9.337850000E-01  1.018640000E-02  1.666670000E-01  7.635745908E-03 -1.353842216E+00 
       127  3.983540000E-03  1.093890000E-02  1.666670000E-01  4.642695268E-01 -1.387047105E+04 
       128  5.510960000E-03  1.280140000E-02  1.666670000E-01  4.458352792E-01 -1.289837132E+04 
       129  9.034350000E-01  1.404860000E-02  1.666670000E-01  5.531822438E-03  2.392862306E+00 
       130  7.411530000E-03  1.476420000E-02  1.666670000E-01  4.251239792E-01 -1.184312924E+04 
       131  9.850590000E-03  1.691540000E-02  1.666670000E-01  4.021306469E-01 -1.071851755E+04 
       132  8.625920000E-01  1.903530000E-02  1.666670000E-01  6.496113761E-03  3.085283931E+00 
       133  1.318260000E-02  1.942040000E-02  1.666670000E-01  3.761302109E-01 -9.512222306E+03 
       134  1.821900000E-02  2.259850000E-02  1.666670000E-01  3.460243660E-01 -8.181596038E+03 
       135  8.217210000E-01  2.379390000E-02  1.666670000E-01  1.476085757E-02 -1.341673419E+00 
       136  2.634450000E-02  2.677890000E-02  1.666670000E-01  3.128962020E-01 -6.786935178E+03 
       137  7.808250000E-01  2.833060000E-02  1.666670000E-01  3.194382799E-02 -2.397883269E+01 
       138  3.777470000E-02  3.147510000E-02  1.666670000E-01  2.796224092E-01 -5.498468841E+03 
       139  7.399050000E-01  3.264710000E-02  1.666670000E-01  5.379409622E-02 -7.640362570E+01 
       140  6.989630000E-01  3.673990000E-02  1.666670000E-01  7.163276077E-02 -1.490758787E+02 
       141  5.488770000E-02  3.697740000E-02  1.666670000E-01  2.468194033E-01 -4.353456627E+03 
       142  6.579970000E-01  4.059990000E-02  1.666670000E-01  8.403746978E-02 -2.267914097E+02 
       143  8.351470000E-02  4.379180000E-02  1.666670000E-01  2.147582693E-01 -3.334967906E+03 
       144  6.170090000E-01  4.421250000E-02  1.666670000E-01  9.240960373E-02 -3.050083464E+02 
       145  5.759990000E-01  4.755650000E-02  1.666670000E-01  9.836697298E-02 -3.850247535E+02 
       146  1.241140000E-01  5.043730000E-02  1.666670000E-01  1.869318013E-01 -2.533107986E+03 
       147  5.349650000E-01  5.060440000E-02  1.666670000E-01  1.028906781E-01 -4.688665910E+02 
       148  4.939080000E-01  5.332060000E-02  1.666670000E-01  1.066087663E-01 -5.587278082E+02 
       149  1.650180000E-01  5.486620000E-02  1.666670000E-01  1.662930630E-01 -2.005329269E+03 
       150  4.528280000E-01  5.566140000E-02  1.666670000E-01  1.100611622E-01 -6.568368812E+02 
       151  4.117260000E-01  5.757270000E-02  1.666670000E-01  1.137650405E-01 -7.657136062E+02 
       152  2.060650000E-01  5.771190000E-02  1.666670000E-01  1.513295352E-01 -1.657609671E+03 
       153  3.706030000E-01  5.898830000E-02  1.666670000E-01  1.181888127E-01 -8.886513135E+02 
       154  2.471780000E-01  5.933890000E-02  1.666670000E-01  1.398410395E-01 -1.400176046E+03 
       155  3.294650000E-01  5.982680000E-02  1.666670000E-01  1.237581567E-01 -1.030206378E+03 
       156  2.883190000E-01  5.998690000E-02  1.666670000E-01  1.308372085E-01 -1.197181479E+03 
       157  2.883190000E-01 -5.998690000E-02  3.333330000E-01  4.892087111E-02  5.626315199E+02 
       158  3.294650000E-01 -5.982680000E-02  3.333330000E-01  5.461861048E-02  5.236353745E+02 
       159  2.471780000E-01 -5.933890000E-02  3.333330000E-01  4.185978737E-02  6.049422395E+02 
       160  3.706030000E-01 -5.898830000E-02  3.333330000E-01  5.935494395E-02  4.879934739E+02 
       161  2.060650000E-01 -5.771190000E-02  3.333330000E-01  3.283313057E-02  6.488558025E+02 
       162  4.117260000E-01 -5.757270000E-02  3.333330000E-01  6.338226891E-02  4.554336896E+02 
       163  4.528280000E-01 -5.566140000E-02  3.333330000E-01  6.687319687E-02  4.255415881E+02 
       164  1.650180000E-01 -5.486620000E-02  3.333330000E-01  2.059164357E-02  6.911416094E+02 
       165  4.939080000E-01 -5.332060000E-02  3.333330000E-01  6.994971600E-02  3.978887348E+02 
       166  5.349650000E-01 -5.060440000E-02  3.333330000E-01  7.270217888E-02  3.720644240E+02 
       167  1.241140000E-01 -5.043730000E-02  3.333330000E-01  8.510255709E-03  7.159457817E+02 
       168  5.759990000E-01 -4.755650000E-02  3.333330000E-01  7.519790656E-02  3.476936254E+02 
       169  6.170090000E-01 -4.421250000E-02  3.333330000E-01  7.748954106E-02  3.244295327E+02 
       170  8.351470000E-02 -4.379180000E-02  3.333330000E-01  1.825520191E-02  6.751804849E+02 
       171  6.579970000E-01 -4.059990000E-02  3.333330000E-01  7.962090625E-02  3.019511582E+02 
       172  5.488770000E-02 -3.697740000E-02  3.333330000E-01  4.938754503E-02  5.141667256E+02 
       173  6.989630000E-01 -3.673990000E-02  3.333330000E-01  8.163030964E-02  2.799551900E+02 
       174  7.399050000E-01 -3.264710000E-02  3.333330000E-01  8.355393531E-02  2.581451763E+02 
       175  3.777470000E-02 -3.147510000E-02  3.333330000E-01  8.300813254E-02  1.956514778E+02 
       176  7.808250000E-01 -2.833060000E-02  3.333330000E-01  8.542988867E-02  2.361859039E+02 
       177  2.634450000E-02 -2.677890000E-02  3.333330000E-01  1.186298741E-01 -3.147691413E+02 
       178  8.217210000E-01 -2.379390000E-02  3.333330000E-01  8.730376100E-02  2.136115882E+02 
       179  1.821900000E-02 -2.259850000E-02  3.333330000E-01  1.561033679E-01 -1.033830434E+03 
       180  1.318260000E-02 -1.942040000E-02  3.333330000E-01  1.922606333E-01 -1.907197241E+03 
       181  8.625920000E-01 -1.903530000E-02  3.333330000E-01  8.924706099E-02  1.897961492E+02 
       182  9.850590000E-03 -1.691540000E-02  3.333330000E-01  2.254603607E-01 -2.864230661E+03 
       183  7.411530000E-03 -1.476420000E-02  3.333330000E-01  2.569369920E-01 -3.900795315E+03 
       184  9.034350000E-01 -1.404860000E-02  3.333330000E-01  9.121528018E-02  1.652520739E+02 
       185  5.510960000E-03 -1.280140000E-02  3.333330000E-01  2.878536571E-01 -5.039494506E+03 
       186  3.983540000E-03 -1.093890000E-02  3.333330000E-01  3.187414683E-01 -6.295119006E+03 
       187  9.337850000E-01 -1.018640000E-02  3.333330000E-01  9.314412361E-02  1.407618446E+02 
       188  2.745270000E-03 -9.124550000E-03  3.333330000E-01  3.497518554E-01 -7.659476363E+03 
       189  1.752850000E-03 -7.324960000E-03  3.333330000E-01  3.806133806E-01 -9.110739957E+03 
       190  9.641170000E-01 -6.185660000E-03  3.333330000E-01  9.529868486E-02  1.130996625E+02 
       191  9.860190000E-04 -5.518970000E-03  3.333330000E-01  4.104930006E-01 -1.060766860E+04 
       192  4.384000000E-04 -3.696570000E-03  3.333330000E-01  4.380518657E-01 -1.206926390E+04 
       193  9.885790000E-01 -2.851310000E-03  3.333330000E-01  9.858948936E-02  8.221298949E+01 
       194  1.095110000E-04 -1.855900000E-03  3.333330000E-01  4.618033334E-01 -1.338608173E+04 
       195  0.000000000E+00  0.000000000E+00  3.333330000E-01  4.804918454E-01 -1.447330995E+04 
       196  1.008950000E+00  0.000000000E+00  3.333330000E-01  6.507995530E-02  1.224342929E+01 
       197  1.095110000E-04  1.855900000E-03  3.333330000E-01  4.933315519E-01 -1.526631433E+04 
       198  9.885790000E-01  2.851310000E-03  3.333330000E-01  2.198148000E-02 -1.837586186E+01 
       199  4.384000000E-04  3.696570000E-03  3.333330000E-01  4.995350543E-01 -1.569511015E+04 
       200  9.860190000E-04  5.518970000E-03  3.333330000E-01  4.987894517E-01 -1.571468059E+04 
       201  9.641170000E-01  6.185660000E-03  3.333330000E-01  1.123121527E-02  9.283769985E+00 
       202  1.752850000E-03  7.324960000E-03  3.333330000E-01  4.918566389E-01 -1.535525315E+04 
       203  2.745270000E-03  9.124550000E-03  3.333330000E-01  4.799519283E-01 -1.471211153E+04 
       204  9.337850000E-01  1.018640000E-02  3.333330000E-01  7.261883523E-03  1.413574684E+01 
       205  3.983540000E-03  1.093890000E-02  3.333330000E-01  4.643042334E-01 -1.387217166E+04 
       206  5.510960000E-03  1.280140000E-02  3.333330000E-01  4.458698239E-01 -1.289998738E+04 
       207  9.034350000E-01  1.404860000E-02  3.333330000E-01  8.090427427E-03  1.310488631E+01 
       208  7.411530000E-03  1.476420000E-02  3.333330000E-01  4.251583109E-01 -1.184464820E+04 
       209  9.850590000E-03  1.691540000E-02  3.333330000E-01  4.021647456E-01 -1.071992923E+04 
       210  8.625920000E-01  1.903530000E-02  3.333330000E-01  1.657131389E-02  4.236384205E+00 
       211  1.318260000E-02  1.942040000E-02  3.333330000E-01  3.761641914E-01 -9.513516917E+03 
       212  1.821900000E-02  2.259850000E-02  3.333330000E-01  3.460588782E-01 -8.182775391E+03 
       213  8.217210000E-01  2.379390000E-02  3.333330000E-01  3.198189663E-02 -1.684430600E+01 
       214  2.634450000E-02  2.677890000E-02  3.333330000E-01  3.129321108E-01 -6.788002210E+03 
       215  7.808250000E-01  2.833060000E-02  3.333330000E-01  4.925119361E-02 -5.669534426E+01 
       216  3.777470000E-02  3.147510000E-02  3.333330000E-01  2.796608615E-01 -5.499436135E+03 
       217  7.399050000E-01  3.264710000E-02  3.333330000E-01  6.550546752E-02 -1.146598826E+02 
       218  6.989630000E-01  3.673990000E-02  3.333330000E-01  7.852186283E-02 -1.812450643E+02 
       219  5.488770000E-02  3.697740000E-02  3.333330000E-01  2.468629434E-01 -4.354369664E+03 
       220  6.579970000E-01  4.059990000E-02  3.333330000E-01  8.804215651E-02 -2.507764357E+02 
       221  8.351470000E-02  4.379180000E-02  3.333330000E-01  2.148118890E-01 -3.335896088E+03 
       222  6.170090000E-01  4.421250000E-02  3.333330000E-01  9.495886727E-02 -3.227015481E+02 
       223  5.759990000E-01  4.755650000E-02  3.333330000E-01  1.001402032E-01 -3.982215022E+02 
       224  1.241140000E-01  5.043730000E-02  3.333330000E-01  1.870025848E-01 -2.534132933E+03 
       225  5.349650000E-01  5.060440000E-02  3.333330000E-01  1.041716400E-01 -4.788856551E+02 
       226  4.939080000E-01  5.332060000E-02  3.333330000E-01  1.075498560E-01 -5.664162462E+02 
       227  1.650180000E-01  5.486620000E-02  3.333330000E-01  1.663882964E-01 -2.006528504E+03 
       228  4.528280000E-01  5.566140000E-02  3.333330000E-01  1.107615686E-01 -6.627751123E+02 
       229  4.117260000E-01  5.757270000E-02  3.333330000E-01  1.142909992E-01 -7.703224345E+02 
       230  2.060650000E-01  5.771190000E-02  3.333330000E-01  1.514572672E-01 -1.659061354E+03 
       231  3.706030000E-01  5.898830000E-02  3.333330000E-01  1.185854061E-01 -8.922461699E+02 
       232  2.471780000E-01  5.933890000E-02  3.333330000E-01  1.400114005E-01 -1.401966091E+03 
       233  3.294650000E-01  5.982680000E-02  3.333330000E-01  1.240576420E-01 -1.033029954E+03 
       234  2.883190000E-01  5.998690000E-02  3.333330000E-01  1.310633453E-01 -1.199417925E+03 
       235  2.883190000E-01 -5.998690000E-02  5.000000000E-01  4.891872925E-02  5.626478998E+02 
       236  3.294650000E-01 -5.982680000E-02  5.000000000E-01  5.461589719E-02  5.236598652E+02 
       237  2.471780000E-01 -5.933890000E-02  5.000000000E-01  4.185803468E-02  6.049529706E+02 
       238  3.706030000E-01 -5.898830000E-02  5.000000000E-01  5.935142700E-02  4.880295056E+02 
       239  2.060650000E-01 -5.771190000E-02  5.000000000E-01  3.283161174E-02  6.488625368E+02 
       240  4.117260000E-01 -5.757270000E-02  5.000000000E-01  6.337763623E-02  4.554859456E+02 
       241  4.528280000E-01 -5.566140000E-02  5.000000000E-01  6.686702758E-02  4.256163153E+02 
       242  1.650180000E-01 -5.486620000E-02  5.000000000E-01  2.059019623E-02  6.911452311E+02 
       243  4.939080000E-01 -5.332060000E-02  5.000000000E-01  6.994143929E-02  3.979941835E+02 
       244  5.349650000E-01 -5.060440000E-02  5.000000000E-01  7.269101417E-02  3.722116855E+02 
       245  1.241140000E-01 -5.043730000E-02  5.000000000E-01  8.509988748E-03  7.159464330E+02 
       246  5.759990000E-01 -4.755650000E-02  5.000000000E-01  7.518275983E-02  3.478984361E+02 
       247  6.170090000E-01 -4.421250000E-02  5.000000000E-01  7.746884217E-02  3.247156285E+02 
       248  8.351470000E-02 -4.379180000E-02  5.000000000E-01  1.825636695E-02  6.751758259E+02 
       249  6.579970000E-01 -4.059990000E-02  5.000000000E-01  7.959235904E-02  3.023550275E+02 
       250  5.488770000E-02 -3.697740000E-02  5.000000000E-01  4.938918551E-02  5.141535286E+02 
       251  6.989630000E-01 -3.673990000E-02  5.000000000E-01  8.159056205E-02  2.805310312E+02 
       252  7.399050000E-01 -3.264710000E-02  5.000000000E-01  8.349815412E-02  2.589684691E+02 
       253  3.777470000E-02 -3.147510000E-02  5.000000000E-01  8.301032399E-02  1.956244707E+02 
       254  7.808250000E-01 -2.833060000E-02  5.000000000E-01  8.535108297E-02  2.373574640E+02 
       255  2.634450000E-02 -2.677890000E-02  5.000000000E-01  1.186327934E-01 -3.148184626E+02 
       256  8.217210000E-01 -2.379390000E-02  5.000000000E-01  8.719180536E-02  2.152669063E+02 
       257  1.821900000E-02 -2.259850000E-02  5.000000000E-01  1.561070966E-01 -1.033910740E+03 
       258  1.318260000E-02 -1.942040000E-02  5.000000000E-01  1.922651728E-01 -1.907315067E+03 
       259  8.625920000E-01 -1.903530000E-02  5.000000000E-01  8.908749276E-02  1.921065828E+02 
       260  9.850590000E-03 -1.691540000E-02  5.000000000E-01  2.254656945E-01 -2.864390321E+03 
       261  7.411530000E-03 -1.476420000E-02  5.000000000E-01  2.569431337E-01 -3.901001435E+03 
       262  9.034350000E-01 -1.404860000E-02  5.000000000E-01  9.099480598E-02  1.683534665E+02 
       263  5.510960000E-03 -1.280140000E-02  5.000000000E-01  2.878606464E-01 -5.039752979E+03 
       264  3.983540000E-03 -1.093890000E-02  5.000000000E-01  3.187493651E-01 -6.295436863E+03 
       265  9.337850000E-01 -1.018640000E-02  5.000000000E-01  9.285496161E-02  1.447805283E+02 
       266  2.745270000E-03 -9.124550000E-03  5.000000000E-01  3.497607323E-01 -7.659861021E+03 
       267  1.752850000E-03 -7.324960000E-03  5.000000000E-01  3.806233144E-01 -9.111198336E+03 
       268  9.641170000E-01 -6.185660000E-03  5.000000000E-01  9.492793262E-02  1.184461219E+02 
       269  9.860190000E-04 -5.518970000E-03  5.000000000E-01  4.105040576E-01 -1.060820623E+04 
       270  4.384000000E-04 -3.696570000E-03  5.000000000E-01  4.380640799E-01 -1.206988312E+04 
       271  9.885790000E-01 -2.851310000E-03  5.000000000E-01  9.823054835E-02  9.003749095E+01 
       272  1.095110000E-04 -1.855900000E-03  5.000000000E-01  4.618166855E-01 -1.338678003E+04 
       273  0.000000000E+00  0.000000000E+00  5.000000000E-01  4.805062698E-01 -1.447407939E+04 
       274  1.008950000E+00  0.000000000E+00  5.000000000E-01  7.691870825E-02  1.007244975E+01 
       275  1.095110000E-04  1.855900000E-03  5.000000000E-01  4.933469443E-01 -1.526714284E+04 
       276  9.885790000E-01  2.851310000E-03  5.000000000E-01  2.420201752E-02 -1.826009782E+01 
       277  4.384000000E-04  3.696570000E-03  5.000000000E-01  4.995512484E-01 -1.569597868E+04 
       278  9.860190000E-04  5.518970000E-03  5.000000000E-01  4.988061447E-01 -1.571556839E+04 
       279  9.641170000E-01  6.185660000E-03  5.000000000E-01  1.175429398E-02  2.274659774E+01 
       280  1.752850000E-03  7.324960000E-03  5.000000000E-01  4.918735448E-01 -1.535613833E+04 
       281  2.745270000E-03  9.124550000E-03  5.000000000E-01  4.799689057E-01 -1.471297394E+04 
       282  9.337850000E-01  1.018640000E-02  5.000000000E-01  6.081446465E-03  2.788774160E+01 
       283  3.983540000E-03  1.093890000E-02  5.000000000E-01  4.643211870E-01 -1.387299980E+04 
       284  5.510960000E-03  1.280140000E-02  5.000000000E-01  4.458866929E-01 -1.290077358E+04 
       285  9.034350000E-01  1.404860000E-02  5.000000000E-01  1.115603782E-02  2.363200011E+01 
       286  7.411530000E-03  1.476420000E-02  5.000000000E-01  4.251750724E-01 -1.184538641E+04 
       287  9.850590000E-03  1.691540000E-02  5.000000000E-01  4.021813930E-01 -1.072061464E+04 
       288  8.625920000E-01  1.903530000E-02  5.000000000E-01  2.526228785E-02  8.543448345E+00 
       289  1.318260000E-02  1.942040000E-02  5.000000000E-01  3.761807889E-01 -9.514145041E+03 
       290  1.821900000E-02  2.259850000E-02  5.000000000E-01  3.460757520E-01 -8.183347317E+03 
       291  8.217210000E-01  2.379390000E-02  5.000000000E-01  4.137723802E-02 -2.390316801E+01 
       292  2.634450000E-02  2.677890000E-02  5.000000000E-01  3.129496683E-01 -6.788518564E+03 
       293  7.808250000E-01  2.833060000E-02  5.000000000E-01  5.681430441E-02 -7.230785779E+01 
       294  3.777470000E-02  3.147510000E-02  5.000000000E-01  2.796796507E-01 -5.499902385E+03 
       295  7.399050000E-01  3.264710000E-02  5.000000000E-01  7.042969034E-02 -1.309041877E+02 
       296  6.989630000E-01  3.673990000E-02  5.000000000E-01  8.138053702E-02 -1.941956426E+02 
       297  5.488770000E-02  3.697740000E-02  5.000000000E-01  2.468842019E-01 -4.354807628E+03 
       298  6.579970000E-01  4.059990000E-02  5.000000000E-01  8.973310530E-02 -2.604103940E+02 
       299  8.351470000E-02  4.379180000E-02  5.000000000E-01  2.148380204E-01 -3.336338561E+03 
       300  6.170090000E-01  4.421250000E-02  5.000000000E-01  9.606497554E-02 -3.298656689E+02 
       301  5.759990000E-01  4.755650000E-02  5.000000000E-01  1.009236328E-01 -4.036800348E+02 
       302  1.241140000E-01  5.043730000E-02  5.000000000E-01  1.870369602E-01 -2.534618044E+03 
       303  5.349650000E-01  5.060440000E-02  5.000000000E-01  1.047466052E-01 -4.831021191E+02 
       304  4.939080000E-01  5.332060000E-02  5.000000000E-01  1.079779378E-01 -5.697071937E+02 
       305  1.650180000E-01  5.486620000E-02  5.000000000E-01  1.664343172E-01 -2.007091567E+03 
       306  4.528280000E-01  5.566140000E-02  5.000000000E-01  1.110835555E-01 -6.653561395E+02 
       307  4.117260000E-01  5.757270000E-02  5.000000000E-01  1.145349281E-01 -7.723541849E+02 
       308  2.060650000E-01  5.771190000E-02  5.000000000E-01  1.515186416E-01 -1.659737165E+03 
       309  3.706030000E-01  5.898830000E-02  5.000000000E-01  1.187708379E-01 -8.938513694E+02 
       310  2.471780000E-01  5.933890000E-02  5.000000000E-01  1.400927549E-01 -1.402791784E+03 
       311  3.294650000E-01  5.982680000E-02  5.000000000E-01  1.241987395E-01 -1.034305588E+03 
       312  2.883190000E-01  5.998690000E-02  5.000000000E-01  1.311706358E-01 -1.200439282E+03 
