nodenumber     x-coordinate     y-coordinate     z-coordinate      mach-number         pressure 
         1  2.883190000E-01 -5.998690000E-02  0.000000000E+00  8.505193909E-02  2.045502537E+02 
         2  3.294650000E-01 -5.982680000E-02  0.000000000E+00  8.697918522E-02  1.813528869E+02 
         3  2.471780000E-01 -5.933890000E-02  0.000000000E+00  8.245797806E-02  2.347933046E+02 
         4  3.706030000E-01 -5.898830000E-02  0.000000000E+00  8.844074386E-02  1.633538300E+02 
         5  2.060650000E-01 -5.771190000E-02  0.000000000E+00  7.885585118E-02  2.749019163E+02 
         6  4.117260000E-01 -5.757270000E-02  0.000000000E+00  8.956591302E-02  1.492682052E+02 
         7  4.528280000E-01 -5.566140000E-02  0.000000000E+00  9.044087034E-02  1.381829362E+02 
         8  1.650180000E-01 -5.486620000E-02  0.000000000E+00  7.361306533E-02  3.294303937E+02 
         9  4.939080000E-01 -5.332060000E-02  0.000000000E+00  9.112607960E-02  1.294277809E+02 
        10  5.349650000E-01 -5.060440000E-02  0.000000000E+00  9.166345583E-02  1.225099382E+02 
        11  1.241140000E-01 -5.043730000E-02  0.000000000E+00  6.538636762E-02  4.075976112E+02 
        12  5.759990000E-01 -4.755650000E-02  0.000000000E+00  9.208239181E-02  1.170824623E+02 
        13  6.170090000E-01 -4.421250000E-02  0.000000000E+00  9.240283417E-02  1.129038179E+02 
        14  8.351470000E-02 -4.379180000E-02  0.000000000E+00  5.290836089E-02  5.106343408E+02 
        15  6.579970000E-01 -4.059990000E-02  0.000000000E+00  9.263851186E-02  1.098485224E+02 
        16  5.488770000E-02 -3.697740000E-02  0.000000000E+00  3.763022137E-02  6.095912813E+02 
        17  6.989630000E-01 -3.673990000E-02  0.000000000E+00  9.279387198E-02  1.078218654E+02 
        18  7.399050000E-01 -3.264710000E-02  0.000000000E+00  9.287028317E-02  1.068244122E+02 
        19  3.777470000E-02 -3.147510000E-02  0.000000000E+00  2.071491654E-02  6.821295242E+02 
        20  7.808250000E-01 -2.833060000E-02  0.000000000E+00  9.285386308E-02  1.071312281E+02 
        21  2.634450000E-02 -2.677890000E-02  0.000000000E+00  8.001445687E-03  7.148956167E+02 
        22  8.217210000E-01 -2.379390000E-02  0.000000000E+00  9.270077246E-02  1.092063842E+02 
        23  1.821900000E-02 -2.259850000E-02  0.000000000E+00  1.458698287E-02  6.960579210E+02 
        24  1.318260000E-02 -1.942040000E-02  0.000000000E+00  3.468482723E-02  6.256372769E+02 
        25  8.625920000E-01 -1.903530000E-02  0.000000000E+00  9.235664794E-02  1.136717890E+02 
        26  9.850590000E-03 -1.691540000E-02  0.000000000E+00  5.347336728E-02  5.089690393E+02 
        27  7.411530000E-03 -1.476420000E-02  0.000000000E+00  7.155941271E-02  3.483616241E+02 
        28  9.034350000E-01 -1.404860000E-02  0.000000000E+00  9.179017337E-02  1.213102155E+02 
        29  5.510960000E-03 -1.280140000E-02  0.000000000E+00  8.971813970E-02  1.401858069E+02 
        30  3.983540000E-03 -1.093890000E-02  0.000000000E+00  1.082045470E-01 -1.207488164E+02 
        31  9.337850000E-01 -1.018640000E-02  0.000000000E+00  9.093885364E-02  1.324291551E+02 
        32  2.745270000E-03 -9.124550000E-03  0.000000000E+00  1.270827158E-01 -4.387354007E+02 
        33  1.752850000E-03 -7.324960000E-03  0.000000000E+00  1.462755713E-01 -8.157995345E+02 
        34  9.641170000E-01 -6.185660000E-03  0.000000000E+00  8.950366857E-02  1.502296003E+02 
        35  9.860190000E-04 -5.518970000E-03  0.000000000E+00  1.654793248E-01 -1.241462293E+03 
        36  4.384000000E-04 -3.696570000E-03  0.000000000E+00  1.842830169E-01 -1.704167444E+03 
        37  9.885790000E-01 -2.851310000E-03  0.000000000E+00  8.673406655E-02  1.701044620E+02 
        38  1.095110000E-04 -1.855900000E-03  0.000000000E+00  2.020296280E-01 -2.187188556E+03 
        39  0.000000000E+00  0.000000000E+00  0.000000000E+00  2.180930532E-01 -2.658341049E+03 
        40  1.008950000E+00  0.000000000E+00  0.000000000E+00  7.881968767E-02  1.974150582E+02 
        41  1.095110000E-04  1.855900000E-03  0.000000000E+00  2.318135360E-01 -3.091975526E+03 
        42  9.885790000E-01  2.851310000E-03  0.000000000E+00  7.599942161E-02  1.320562949E+02 
        43  4.384000000E-04  3.696570000E-03  0.000000000E+00  2.425815577E-01 -3.456692411E+03 
        44  9.860190000E-04  5.518970000E-03  0.000000000E+00  2.501095776E-01 -3.722139424E+03 
        45  9.641170000E-01  6.185660000E-03  0.000000000E+00  8.276320616E-02  7.667802921E+01 
        46  1.752850000E-03  7.324960000E-03  0.000000000E+00  2.544580678E-01 -3.881750922E+03 
        47  2.745270000E-03  9.124550000E-03  0.000000000E+00  2.560227862E-01 -3.942778186E+03 
        48  9.337850000E-01  1.018640000E-02  0.000000000E+00  8.728079608E-02  2.353608969E+01 
        49  3.983540000E-03  1.093890000E-02  0.000000000E+00  2.552624173E-01 -3.920984931E+03 
        50  5.510960000E-03  1.280140000E-02  0.000000000E+00  2.525633805E-01 -3.832867908E+03 
        51  9.034350000E-01  1.404860000E-02  0.000000000E+00  9.088053215E-02 -2.190368217E+01 
        52  7.411530000E-03  1.476420000E-02  0.000000000E+00  2.482104044E-01 -3.689945667E+03 
        53  9.850590000E-03  1.691540000E-02  0.000000000E+00  2.422895533E-01 -3.498239191E+03 
        54  8.625920000E-01  1.903530000E-02  0.000000000E+00  9.433952370E-02 -6.727754401E+01 
        55  1.318260000E-02  1.942040000E-02  0.000000000E+00  2.346423395E-01 -3.252754219E+03 
        56  1.821900000E-02  2.259850000E-02  0.000000000E+00  2.247486010E-01 -2.956331475E+03 
        57  8.217210000E-01  2.379390000E-02  0.000000000E+00  9.753387120E-02 -1.100099265E+02 
        58  2.634450000E-02  2.677890000E-02  0.000000000E+00  2.129369955E-01 -2.616585400E+03 
        59  7.808250000E-01  2.833060000E-02  0.000000000E+00  1.003990030E-01 -1.498622578E+02 
        60  3.777470000E-02  3.147510000E-02  0.000000000E+00  2.004559601E-01 -2.261367293E+03 
        61  7.399050000E-01  3.264710000E-02  0.000000000E+00  1.030879054E-01 -1.882781754E+02 
        62  6.989630000E-01  3.673990000E-02  0.000000000E+00  1.056999890E-01 -2.263648234E+02 
        63  5.488770000E-02  3.697740000E-02  0.000000000E+00  1.876777280E-01 -1.917959679E+03 
        64  6.579970000E-01  4.059990000E-02  0.000000000E+00  1.082750087E-01 -2.649713395E+02 
        65  8.351470000E-02  4.379180000E-02  0.000000000E+00  1.747521761E-01 -1.587484750E+03 
        66  6.170090000E-01  4.421250000E-02  0.000000000E+00  1.108682276E-01 -3.047751557E+02 
        67  5.759990000E-01  4.755650000E-02  0.000000000E+00  1.135255392E-01 -3.463948384E+02 
        68  1.241140000E-01  5.043730000E-02  0.000000000E+00  1.630145514E-01 -1.301869807E+03 
        69  5.349650000E-01  5.060440000E-02  0.000000000E+00  1.162742042E-01 -3.904544822E+02 
        70  4.939080000E-01  5.332060000E-02  0.000000000E+00  1.191430662E-01 -4.376096408E+02 
        71  1.650180000E-01  5.486620000E-02  0.000000000E+00  1.540442517E-01 -1.099809942E+03 
        72  4.528280000E-01  5.566140000E-02  0.000000000E+00  1.221661617E-01 -4.886139087E+02 
        73  4.117260000E-01  5.757270000E-02  0.000000000E+00  1.253938274E-01 -5.443527213E+02 
        74  2.060650000E-01  5.771190000E-02  0.000000000E+00  1.472215837E-01 -9.572604795E+02 
        75  3.706030000E-01  5.898830000E-02  0.000000000E+00  1.288759114E-01 -6.059851312E+02 
        76  2.471780000E-01  5.933890000E-02  0.000000000E+00  1.416484205E-01 -8.459512115E+02 
        77  3.294650000E-01  5.982680000E-02  0.000000000E+00  1.326788146E-01 -6.750739703E+02 
        78  2.883190000E-01  5.998690000E-02  0.000000000E+00  1.368840866E-01 -7.538974990E+02 
        79  2.883190000E-01 -5.998690000E-02  8.333330000E-02  8.505193852E-02  2.045502604E+02 
        80  3.294650000E-01 -5.982680000E-02  8.333330000E-02  8.697918549E-02  1.813528836E+02 
        81  2.471780000E-01 -5.933890000E-02  8.333330000E-02  8.245797612E-02  2.347933269E+02 
        82  3.706030000E-01 -5.898830000E-02  8.333330000E-02  8.844074355E-02  1.633538339E+02 
        83  2.060650000E-01 -5.771190000E-02  8.333330000E-02  7.885584811E-02  2.749019498E+02 
        84  4.117260000E-01 -5.757270000E-02  8.333330000E-02  8.956591254E-02  1.492682113E+02 
        85  4.528280000E-01 -5.566140000E-02  8.333330000E-02  9.044086998E-02  1.381829409E+02 
        86  1.650180000E-01 -5.486620000E-02  8.333330000E-02  7.361305627E-02  3.294304850E+02 
        87  4.939080000E-01 -5.332060000E-02  8.333330000E-02  9.112607953E-02  1.294277818E+02 
        88  5.349650000E-01 -5.060440000E-02  8.333330000E-02  9.166345573E-02  1.225099394E+02 
        89  1.241140000E-01 -5.043730000E-02  8.333330000E-02  6.538634857E-02  4.075977855E+02 
        90  5.759990000E-01 -4.755650000E-02  8.333330000E-02  9.208239177E-02  1.170824624E+02 
        91  6.170090000E-01 -4.421250000E-02  8.333330000E-02  9.240283436E-02  1.129038155E+02 
        92  8.351470000E-02 -4.379180000E-02  8.333330000E-02  5.290831200E-02  5.106347144E+02 
        93  6.579970000E-01 -4.059990000E-02  8.333330000E-02  9.263851240E-02  1.098485138E+02 
        94  5.488770000E-02 -3.697740000E-02  8.333330000E-02  3.763016432E-02  6.095915942E+02 
        95  6.989630000E-01 -3.673990000E-02  8.333330000E-02  9.279387363E-02  1.078218498E+02 
        96  7.399050000E-01 -3.264710000E-02  8.333330000E-02  9.287028329E-02  1.068243759E+02 
        97  3.777470000E-02 -3.147510000E-02  8.333330000E-02  2.071487021E-02  6.821296735E+02 
        98  7.808250000E-01 -2.833060000E-02  8.333330000E-02  9.285386407E-02  1.071311262E+02 
        99  2.634450000E-02 -2.677890000E-02  8.333330000E-02  8.001437081E-03  7.148956262E+02 
       100  8.217210000E-01 -2.379390000E-02  8.333330000E-02  9.270082503E-02  1.092060915E+02 
       101  1.821900000E-02 -2.259850000E-02  8.333330000E-02  1.458700227E-02  6.960578781E+02 
       102  1.318260000E-02 -1.942040000E-02  8.333330000E-02  3.468488462E-02  6.256369963E+02 
       103  8.625920000E-01 -1.903530000E-02  8.333330000E-02  9.235675371E-02  1.136710989E+02 
       104  9.850590000E-03 -1.691540000E-02  8.333330000E-02  5.347344790E-02  5.089684254E+02 
       105  7.411530000E-03 -1.476420000E-02  8.333330000E-02  7.155949612E-02  3.483607766E+02 
       106  9.034350000E-01 -1.404860000E-02  8.333330000E-02  9.178966217E-02  1.213091785E+02 
       107  5.510960000E-03 -1.280140000E-02  8.333330000E-02  8.971821730E-02  1.401848182E+02 
       108  3.983540000E-03 -1.093890000E-02  8.333330000E-02  1.082046121E-01 -1.207498231E+02 
       109  9.337850000E-01 -1.018640000E-02  8.333330000E-02  9.093746118E-02  1.324209174E+02 
       110  2.745270000E-03 -9.124550000E-03  8.333330000E-02  1.270827656E-01 -4.387363070E+02 
       111  1.752850000E-03 -7.324960000E-03  8.333330000E-02  1.462756048E-01 -8.158002410E+02 
       112  9.641170000E-01 -6.185660000E-03  8.333330000E-02  8.951547906E-02  1.501985149E+02 
       113  9.860190000E-04 -5.518970000E-03  8.333330000E-02  1.654793445E-01 -1.241462750E+03 
       114  4.384000000E-04 -3.696570000E-03  8.333330000E-02  1.842830264E-01 -1.704167691E+03 
       115  9.885790000E-01 -2.851310000E-03  8.333330000E-02  8.680539673E-02  1.702404251E+02 
       116  1.095110000E-04 -1.855900000E-03  8.333330000E-02  2.020296310E-01 -2.187188642E+03 
       117  0.000000000E+00  0.000000000E+00  8.333330000E-02  2.180930532E-01 -2.658341049E+03 
       118  1.008950000E+00  0.000000000E+00  8.333330000E-02  7.841246446E-02  1.685936928E+02 
       119  1.095110000E-04  1.855900000E-03  8.333330000E-02  2.318135338E-01 -3.091975453E+03 
       120  9.885790000E-01  2.851310000E-03  8.333330000E-02  7.599928763E-02  1.320456692E+02 
       121  4.384000000E-04  3.696570000E-03  8.333330000E-02  2.425815530E-01 -3.456692247E+03 
       122  9.860190000E-04  5.518970000E-03  8.333330000E-02  2.501095716E-01 -3.722139206E+03 
       123  9.641170000E-01  6.185660000E-03  8.333330000E-02  8.276352761E-02  7.667281343E+01 
       124  1.752850000E-03  7.324960000E-03  8.333330000E-02  2.544580629E-01 -3.881750736E+03 
       125  2.745270000E-03  9.124550000E-03  8.333330000E-02  2.560227854E-01 -3.942778147E+03 
       126  9.337850000E-01  1.018640000E-02  8.333330000E-02  8.728106117E-02  2.353335509E+01 
       127  3.983540000E-03  1.093890000E-02  8.333330000E-02  2.552624237E-01 -3.920985135E+03 
       128  5.510960000E-03  1.280140000E-02  8.333330000E-02  2.525633957E-01 -3.832868406E+03 
       129  9.034350000E-01  1.404860000E-02  8.333330000E-02  9.088063618E-02 -2.190500647E+01 
       130  7.411530000E-03  1.476420000E-02  8.333330000E-02  2.482104281E-01 -3.689946447E+03 
       131  9.850590000E-03  1.691540000E-02  8.333330000E-02  2.422895830E-01 -3.498240145E+03 
       132  8.625920000E-01  1.903530000E-02  8.333330000E-02  9.433956046E-02 -6.727814137E+01 
       133  1.318260000E-02  1.942040000E-02  8.333330000E-02  2.346423649E-01 -3.252755036E+03 
       134  1.821900000E-02  2.259850000E-02  8.333330000E-02  2.247486114E-01 -2.956331771E+03 
       135  8.217210000E-01  2.379390000E-02  8.333330000E-02  9.753388415E-02 -1.100101475E+02 
       136  2.634450000E-02  2.677890000E-02  8.333330000E-02  2.129370094E-01 -2.616585804E+03 
       137  7.808250000E-01  2.833060000E-02  8.333330000E-02  1.003990082E-01 -1.498623412E+02 
       138  3.777470000E-02  3.147510000E-02  8.333330000E-02  2.004559929E-01 -2.261368202E+03 
       139  7.399050000E-01  3.264710000E-02  8.333330000E-02  1.030879076E-01 -1.882782125E+02 
       140  6.989630000E-01  3.673990000E-02  8.333330000E-02  1.056999890E-01 -2.263648265E+02 
       141  5.488770000E-02  3.697740000E-02  8.333330000E-02  1.876777742E-01 -1.917960881E+03 
       142  6.579970000E-01  4.059990000E-02  8.333330000E-02  1.082750090E-01 -2.649713452E+02 
       143  8.351470000E-02  4.379180000E-02  8.333330000E-02  1.747522195E-01 -1.587485840E+03 
       144  6.170090000E-01  4.421250000E-02  8.333330000E-02  1.108682280E-01 -3.047751611E+02 
       145  5.759990000E-01  4.755650000E-02  8.333330000E-02  1.135255399E-01 -3.463948491E+02 
       146  1.241140000E-01  5.043730000E-02  8.333330000E-02  1.630145707E-01 -1.301870259E+03 
       147  5.349650000E-01  5.060440000E-02  8.333330000E-02  1.162742049E-01 -3.904544941E+02 
       148  4.939080000E-01  5.332060000E-02  8.333330000E-02  1.191430666E-01 -4.376096473E+02 
       149  1.650180000E-01  5.486620000E-02  8.333330000E-02  1.540442627E-01 -1.099810177E+03 
       150  4.528280000E-01  5.566140000E-02  8.333330000E-02  1.221661632E-01 -4.886139343E+02 
       151  4.117260000E-01  5.757270000E-02  8.333330000E-02  1.253938291E-01 -5.443527503E+02 
       152  2.060650000E-01  5.771190000E-02  8.333330000E-02  1.472215881E-01 -9.572605692E+02 
       153  3.706030000E-01  5.898830000E-02  8.333330000E-02  1.288759123E-01 -6.059851471E+02 
       154  2.471780000E-01  5.933890000E-02  8.333330000E-02  1.416484238E-01 -8.459512763E+02 
       155  3.294650000E-01  5.982680000E-02  8.333330000E-02  1.326788139E-01 -6.750739584E+02 
       156  2.883190000E-01  5.998690000E-02  8.333330000E-02  1.368840878E-01 -7.538975206E+02 
       157  2.883190000E-01 -5.998690000E-02  1.666670000E-01  8.505193852E-02  2.045502604E+02 
       158  3.294650000E-01 -5.982680000E-02  1.666670000E-01  8.697918549E-02  1.813528836E+02 
       159  2.471780000E-01 -5.933890000E-02  1.666670000E-01  8.245797612E-02  2.347933269E+02 
       160  3.706030000E-01 -5.898830000E-02  1.666670000E-01  8.844074355E-02  1.633538339E+02 
       161  2.060650000E-01 -5.771190000E-02  1.666670000E-01  7.885584811E-02  2.749019498E+02 
       162  4.117260000E-01 -5.757270000E-02  1.666670000E-01  8.956591254E-02  1.492682113E+02 
       163  4.528280000E-01 -5.566140000E-02  1.666670000E-01  9.044086999E-02  1.381829409E+02 
       164  1.650180000E-01 -5.486620000E-02  1.666670000E-01  7.361305627E-02  3.294304850E+02 
       165  4.939080000E-01 -5.332060000E-02  1.666670000E-01  9.112607954E-02  1.294277818E+02 
       166  5.349650000E-01 -5.060440000E-02  1.666670000E-01  9.166345575E-02  1.225099394E+02 
       167  1.241140000E-01 -5.043730000E-02  1.666670000E-01  6.538634857E-02  4.075977855E+02 
       168  5.759990000E-01 -4.755650000E-02  1.666670000E-01  9.208239179E-02  1.170824624E+02 
       169  6.170090000E-01 -4.421250000E-02  1.666670000E-01  9.240283438E-02  1.129038154E+02 
       170  8.351470000E-02 -4.379180000E-02  1.666670000E-01  5.290831145E-02  5.106347186E+02 
       171  6.579970000E-01 -4.059990000E-02  1.666670000E-01  9.263851243E-02  1.098485138E+02 
       172  5.488770000E-02 -3.697740000E-02  1.666670000E-01  3.763016383E-02  6.095915969E+02 
       173  6.989630000E-01 -3.673990000E-02  1.666670000E-01  9.279387366E-02  1.078218498E+02 
       174  7.399050000E-01 -3.264710000E-02  1.666670000E-01  9.287028333E-02  1.068243759E+02 
       175  3.777470000E-02 -3.147510000E-02  1.666670000E-01  2.071487002E-02  6.821296741E+02 
       176  7.808250000E-01 -2.833060000E-02  1.666670000E-01  9.285386411E-02  1.071311262E+02 
       177  2.634450000E-02 -2.677890000E-02  1.666670000E-01  8.001437047E-03  7.148956262E+02 
       178  8.217210000E-01 -2.379390000E-02  1.666670000E-01  9.270082506E-02  1.092060915E+02 
       179  1.821900000E-02 -2.259850000E-02  1.666670000E-01  1.458700234E-02  6.960578780E+02 
       180  1.318260000E-02 -1.942040000E-02  1.666670000E-01  3.468488465E-02  6.256369962E+02 
       181  8.625920000E-01 -1.903530000E-02  1.666670000E-01  9.235675374E-02  1.136710989E+02 
       182  9.850590000E-03 -1.691540000E-02  1.666670000E-01  5.347344791E-02  5.089684254E+02 
       183  7.411530000E-03 -1.476420000E-02  1.666670000E-01  7.155949612E-02  3.483607765E+02 
       184  9.034350000E-01 -1.404860000E-02  1.666670000E-01  9.178966218E-02  1.213091788E+02 
       185  5.510960000E-03 -1.280140000E-02  1.666670000E-01  8.971821730E-02  1.401848182E+02 
       186  3.983540000E-03 -1.093890000E-02  1.666670000E-01  1.082046121E-01 -1.207498231E+02 
       187  9.337850000E-01 -1.018640000E-02  1.666670000E-01  9.093746120E-02  1.324209175E+02 
       188  2.745270000E-03 -9.124550000E-03  1.666670000E-01  1.270827656E-01 -4.387363070E+02 
       189  1.752850000E-03 -7.324960000E-03  1.666670000E-01  1.462756048E-01 -8.158002410E+02 
       190  9.641170000E-01 -6.185660000E-03  1.666670000E-01  8.951547903E-02  1.501985154E+02 
       191  9.860190000E-04 -5.518970000E-03  1.666670000E-01  1.654793445E-01 -1.241462750E+03 
       192  4.384000000E-04 -3.696570000E-03  1.666670000E-01  1.842830264E-01 -1.704167691E+03 
       193  9.885790000E-01 -2.851310000E-03  1.666670000E-01  8.680539659E-02  1.702404252E+02 
       194  1.095110000E-04 -1.855900000E-03  1.666670000E-01  2.020296310E-01 -2.187188642E+03 
       195  0.000000000E+00  0.000000000E+00  1.666670000E-01  2.180930532E-01 -2.658341049E+03 
       196  1.008950000E+00  0.000000000E+00  1.666670000E-01  7.841246440E-02  1.685936925E+02 
       197  1.095110000E-04  1.855900000E-03  1.666670000E-01  2.318135338E-01 -3.091975453E+03 
       198  9.885790000E-01  2.851310000E-03  1.666670000E-01  7.599928761E-02  1.320456697E+02 
       199  4.384000000E-04  3.696570000E-03  1.666670000E-01  2.425815530E-01 -3.456692247E+03 
       200  9.860190000E-04  5.518970000E-03  1.666670000E-01  2.501095716E-01 -3.722139206E+03 
       201  9.641170000E-01  6.185660000E-03  1.666670000E-01  8.276352758E-02  7.667281439E+01 
       202  1.752850000E-03  7.324960000E-03  1.666670000E-01  2.544580629E-01 -3.881750736E+03 
       203  2.745270000E-03  9.124550000E-03  1.666670000E-01  2.560227854E-01 -3.942778147E+03 
       204  9.337850000E-01  1.018640000E-02  1.666670000E-01  8.728106121E-02  2.353335505E+01 
       205  3.983540000E-03  1.093890000E-02  1.666670000E-01  2.552624237E-01 -3.920985135E+03 
       206  5.510960000E-03  1.280140000E-02  1.666670000E-01  2.525633957E-01 -3.832868406E+03 
       207  9.034350000E-01  1.404860000E-02  1.666670000E-01  9.088063609E-02 -2.190500493E+01 
       208  7.411530000E-03  1.476420000E-02  1.666670000E-01  2.482104281E-01 -3.689946447E+03 
       209  9.850590000E-03  1.691540000E-02  1.666670000E-01  2.422895830E-01 -3.498240145E+03 
       210  8.625920000E-01  1.903530000E-02  1.666670000E-01  9.433956049E-02 -6.727814139E+01 
       211  1.318260000E-02  1.942040000E-02  1.666670000E-01  2.346423649E-01 -3.252755036E+03 
       212  1.821900000E-02  2.259850000E-02  1.666670000E-01  2.247486115E-01 -2.956331772E+03 
       213  8.217210000E-01  2.379390000E-02  1.666670000E-01  9.753388417E-02 -1.100101475E+02 
       214  2.634450000E-02  2.677890000E-02  1.666670000E-01  2.129370094E-01 -2.616585806E+03 
       215  7.808250000E-01  2.833060000E-02  1.666670000E-01  1.003990082E-01 -1.498623412E+02 
       216  3.777470000E-02  3.147510000E-02  1.666670000E-01  2.004559930E-01 -2.261368206E+03 
       217  7.399050000E-01  3.264710000E-02  1.666670000E-01  1.030879076E-01 -1.882782125E+02 
       218  6.989630000E-01  3.673990000E-02  1.666670000E-01  1.056999890E-01 -2.263648265E+02 
       219  5.488770000E-02  3.697740000E-02  1.666670000E-01  1.876777746E-01 -1.917960891E+03 
       220  6.579970000E-01  4.059990000E-02  1.666670000E-01  1.082750090E-01 -2.649713452E+02 
       221  8.351470000E-02  4.379180000E-02  1.666670000E-01  1.747522200E-01 -1.587485852E+03 
       222  6.170090000E-01  4.421250000E-02  1.666670000E-01  1.108682280E-01 -3.047751611E+02 
       223  5.759990000E-01  4.755650000E-02  1.666670000E-01  1.135255399E-01 -3.463948491E+02 
       224  1.241140000E-01  5.043730000E-02  1.666670000E-01  1.630145707E-01 -1.301870259E+03 
       225  5.349650000E-01  5.060440000E-02  1.666670000E-01  1.162742049E-01 -3.904544941E+02 
       226  4.939080000E-01  5.332060000E-02  1.666670000E-01  1.191430666E-01 -4.376096473E+02 
       227  1.650180000E-01  5.486620000E-02  1.666670000E-01  1.540442627E-01 -1.099810177E+03 
       228  4.528280000E-01  5.566140000E-02  1.666670000E-01  1.221661632E-01 -4.886139343E+02 
       229  4.117260000E-01  5.757270000E-02  1.666670000E-01  1.253938291E-01 -5.443527503E+02 
       230  2.060650000E-01  5.771190000E-02  1.666670000E-01  1.472215881E-01 -9.572605692E+02 
       231  3.706030000E-01  5.898830000E-02  1.666670000E-01  1.288759123E-01 -6.059851471E+02 
       232  2.471780000E-01  5.933890000E-02  1.666670000E-01  1.416484239E-01 -8.459512763E+02 
       233  3.294650000E-01  5.982680000E-02  1.666670000E-01  1.326788140E-01 -6.750739584E+02 
       234  2.883190000E-01  5.998690000E-02  1.666670000E-01  1.368840878E-01 -7.538975206E+02 
       235  2.883190000E-01 -5.998690000E-02  2.500000000E-01  8.505193909E-02  2.045502537E+02 
       236  3.294650000E-01 -5.982680000E-02  2.500000000E-01  8.697918522E-02  1.813528869E+02 
       237  2.471780000E-01 -5.933890000E-02  2.500000000E-01  8.245797806E-02  2.347933046E+02 
       238  3.706030000E-01 -5.898830000E-02  2.500000000E-01  8.844074387E-02  1.633538300E+02 
       239  2.060650000E-01 -5.771190000E-02  2.500000000E-01  7.885585118E-02  2.749019163E+02 
       240  4.117260000E-01 -5.757270000E-02  2.500000000E-01  8.956591304E-02  1.492682052E+02 
       241  4.528280000E-01 -5.566140000E-02  2.500000000E-01  9.044087036E-02  1.381829362E+02 
       242  1.650180000E-01 -5.486620000E-02  2.500000000E-01  7.361306533E-02  3.294303937E+02 
       243  4.939080000E-01 -5.332060000E-02  2.500000000E-01  9.112607963E-02  1.294277809E+02 
       244  5.349650000E-01 -5.060440000E-02  2.500000000E-01  9.166345587E-02  1.225099382E+02 
       245  1.241140000E-01 -5.043730000E-02  2.500000000E-01  6.538636762E-02  4.075976112E+02 
       246  5.759990000E-01 -4.755650000E-02  2.500000000E-01  9.208239185E-02  1.170824623E+02 
       247  6.170090000E-01 -4.421250000E-02  2.500000000E-01  9.240283422E-02  1.129038179E+02 
       248  8.351470000E-02 -4.379180000E-02  2.500000000E-01  5.290835978E-02  5.106343493E+02 
       249  6.579970000E-01 -4.059990000E-02  2.500000000E-01  9.263851192E-02  1.098485224E+02 
       250  5.488770000E-02 -3.697740000E-02  2.500000000E-01  3.763022040E-02  6.095912866E+02 
       251  6.989630000E-01 -3.673990000E-02  2.500000000E-01  9.279387204E-02  1.078218654E+02 
       252  7.399050000E-01 -3.264710000E-02  2.500000000E-01  9.287028323E-02  1.068244122E+02 
       253  3.777470000E-02 -3.147510000E-02  2.500000000E-01  2.071491617E-02  6.821295254E+02 
       254  7.808250000E-01 -2.833060000E-02  2.500000000E-01  9.285386315E-02  1.071312282E+02 
       255  2.634450000E-02 -2.677890000E-02  2.500000000E-01  8.001445620E-03  7.148956168E+02 
       256  8.217210000E-01 -2.379390000E-02  2.500000000E-01  9.270077253E-02  1.092063842E+02 
       257  1.821900000E-02 -2.259850000E-02  2.500000000E-01  1.458698300E-02  6.960579207E+02 
       258  1.318260000E-02 -1.942040000E-02  2.500000000E-01  3.468482727E-02  6.256372767E+02 
       259  8.625920000E-01 -1.903530000E-02  2.500000000E-01  9.235664800E-02  1.136717890E+02 
       260  9.850590000E-03 -1.691540000E-02  2.500000000E-01  5.347336730E-02  5.089690392E+02 
       261  7.411530000E-03 -1.476420000E-02  2.500000000E-01  7.155941272E-02  3.483616240E+02 
       262  9.034350000E-01 -1.404860000E-02  2.500000000E-01  9.179017338E-02  1.213102161E+02 
       263  5.510960000E-03 -1.280140000E-02  2.500000000E-01  8.971813970E-02  1.401858069E+02 
       264  3.983540000E-03 -1.093890000E-02  2.500000000E-01  1.082045470E-01 -1.207488164E+02 
       265  9.337850000E-01 -1.018640000E-02  2.500000000E-01  9.093885369E-02  1.324291551E+02 
       266  2.745270000E-03 -9.124550000E-03  2.500000000E-01  1.270827158E-01 -4.387354007E+02 
       267  1.752850000E-03 -7.324960000E-03  2.500000000E-01  1.462755713E-01 -8.157995346E+02 
       268  9.641170000E-01 -6.185660000E-03  2.500000000E-01  8.950366855E-02  1.502296011E+02 
       269  9.860190000E-04 -5.518970000E-03  2.500000000E-01  1.654793248E-01 -1.241462293E+03 
       270  4.384000000E-04 -3.696570000E-03  2.500000000E-01  1.842830169E-01 -1.704167444E+03 
       271  9.885790000E-01 -2.851310000E-03  2.500000000E-01  8.673406650E-02  1.701044625E+02 
       272  1.095110000E-04 -1.855900000E-03  2.500000000E-01  2.020296280E-01 -2.187188556E+03 
       273  0.000000000E+00  0.000000000E+00  2.500000000E-01  2.180930532E-01 -2.658341049E+03 
       274  1.008950000E+00  0.000000000E+00  2.500000000E-01  7.881968775E-02  1.974150583E+02 
       275  1.095110000E-04  1.855900000E-03  2.500000000E-01  2.318135360E-01 -3.091975526E+03 
       276  9.885790000E-01  2.851310000E-03  2.500000000E-01  7.599942157E-02  1.320562958E+02 
       277  4.384000000E-04  3.696570000E-03  2.500000000E-01  2.425815577E-01 -3.456692411E+03 
       278  9.860190000E-04  5.518970000E-03  2.500000000E-01  2.501095776E-01 -3.722139424E+03 
       279  9.641170000E-01  6.185660000E-03  2.500000000E-01  8.276320609E-02  7.667803113E+01 
       280  1.752850000E-03  7.324960000E-03  2.500000000E-01  2.544580678E-01 -3.881750922E+03 
       281  2.745270000E-03  9.124550000E-03  2.500000000E-01  2.560227862E-01 -3.942778186E+03 
       282  9.337850000E-01  1.018640000E-02  2.500000000E-01  8.728079616E-02  2.353608960E+01 
       283  3.983540000E-03  1.093890000E-02  2.500000000E-01  2.552624173E-01 -3.920984931E+03 
       284  5.510960000E-03  1.280140000E-02  2.500000000E-01  2.525633805E-01 -3.832867908E+03 
       285  9.034350000E-01  1.404860000E-02  2.500000000E-01  9.088053198E-02 -2.190367910E+01 
       286  7.411530000E-03  1.476420000E-02  2.500000000E-01  2.482104044E-01 -3.689945667E+03 
       287  9.850590000E-03  1.691540000E-02  2.500000000E-01  2.422895533E-01 -3.498239191E+03 
       288  8.625920000E-01  1.903530000E-02  2.500000000E-01  9.433952375E-02 -6.727754405E+01 
       289  1.318260000E-02  1.942040000E-02  2.500000000E-01  2.346423395E-01 -3.252754220E+03 
       290  1.821900000E-02  2.259850000E-02  2.500000000E-01  2.247486011E-01 -2.956331477E+03 
       291  8.217210000E-01  2.379390000E-02  2.500000000E-01  9.753387123E-02 -1.100099266E+02 
       292  2.634450000E-02  2.677890000E-02  2.500000000E-01  2.129369956E-01 -2.616585403E+03 
       293  7.808250000E-01  2.833060000E-02  2.500000000E-01  1.003990031E-01 -1.498622579E+02 
       294  3.777470000E-02  3.147510000E-02  2.500000000E-01  2.004559603E-01 -2.261367300E+03 
       295  7.399050000E-01  3.264710000E-02  2.500000000E-01  1.030879054E-01 -1.882781754E+02 
       296  6.989630000E-01  3.673990000E-02  2.500000000E-01  1.056999890E-01 -2.263648234E+02 
       297  5.488770000E-02  3.697740000E-02  2.500000000E-01  1.876777288E-01 -1.917959699E+03 
       298  6.579970000E-01  4.059990000E-02  2.500000000E-01  1.082750087E-01 -2.649713395E+02 
       299  8.351470000E-02  4.379180000E-02  2.500000000E-01  1.747521770E-01 -1.587484775E+03 
       300  6.170090000E-01  4.421250000E-02  2.500000000E-01  1.108682277E-01 -3.047751557E+02 
       301  5.759990000E-01  4.755650000E-02  2.500000000E-01  1.135255393E-01 -3.463948384E+02 
       302  1.241140000E-01  5.043730000E-02  2.500000000E-01  1.630145514E-01 -1.301869807E+03 
       303  5.349650000E-01  5.060440000E-02  2.500000000E-01  1.162742042E-01 -3.904544822E+02 
       304  4.939080000E-01  5.332060000E-02  2.500000000E-01  1.191430662E-01 -4.376096408E+02 
       305  1.650180000E-01  5.486620000E-02  2.500000000E-01  1.540442517E-01 -1.099809942E+03 
       306  4.528280000E-01  5.566140000E-02  2.500000000E-01  1.221661617E-01 -4.886139087E+02 
       307  4.117260000E-01  5.757270000E-02  2.500000000E-01  1.253938274E-01 -5.443527213E+02 
       308  2.060650000E-01  5.771190000E-02  2.500000000E-01  1.472215837E-01 -9.572604795E+02 
       309  3.706030000E-01  5.898830000E-02  2.500000000E-01  1.288759114E-01 -6.059851312E+02 
       310  2.471780000E-01  5.933890000E-02  2.500000000E-01  1.416484205E-01 -8.459512115E+02 
       311  3.294650000E-01  5.982680000E-02  2.500000000E-01  1.326788146E-01 -6.750739704E+02 
       312  2.883190000E-01  5.998690000E-02  2.500000000E-01  1.368840867E-01 -7.538974990E+02 
