nodenumber     x-coordinate     y-coordinate     z-coordinate      mach-number         pressure 
         1  3.121500000E-01 -5.998350000E-02  0.000000000E+00  9.388951751E-02  7.751633028E+01 
         2  2.710040000E-01 -5.982130000E-02  0.000000000E+00  9.209150131E-02  1.006675615E+02 
         3  3.532920000E-01 -5.941680000E-02  0.000000000E+00  9.524896078E-02  5.963693380E+01 
         4  2.298710000E-01 -5.878540000E-02  0.000000000E+00  8.965041729E-02  1.311373273E+02 
         5  3.944220000E-01 -5.823310000E-02  0.000000000E+00  9.629775980E-02  4.561725365E+01 
         6  1.887790000E-01 -5.668000000E-02  0.000000000E+00  8.621087260E-02  1.720097681E+02 
         7  4.355330000E-01 -5.652160000E-02  0.000000000E+00  9.712335423E-02  3.445610328E+01 
         8  4.766220000E-01 -5.435440000E-02  0.000000000E+00  9.778712448E-02  2.542227912E+01 
         9  1.477800000E-01 -5.322310000E-02  0.000000000E+00  8.104373823E-02  2.288578865E+02 
        10  5.176890000E-01 -5.179020000E-02  0.000000000E+00  9.833192285E-02  1.795984912E+01 
        11  5.587330000E-01 -4.887710000E-02  0.000000000E+00  9.879000143E-02  1.165064745E+01 
        12  1.069750000E-01 -4.796380000E-02  0.000000000E+00  7.243579531E-02  3.121869626E+02 
        13  5.997530000E-01 -4.565400000E-02  0.000000000E+00  9.918535890E-02  6.177956317E+00 
        14  6.407510000E-01 -4.215150000E-02  0.000000000E+00  9.953553743E-02  1.308556185E+00 
        15  6.660800000E-02 -4.005300000E-02  0.000000000E+00  5.526168074E-02  4.524850559E+02 
        16  6.817250000E-01 -3.839350000E-02  0.000000000E+00  9.985375930E-02 -3.131227080E+00 
        17  7.226780000E-01 -3.439720000E-02  0.000000000E+00  1.001500061E-01 -7.277614303E+00 
        18  7.636070000E-01 -3.017410000E-02  0.000000000E+00  1.004306547E-01 -1.122246215E+01 
        19  2.753760000E-02 -2.732310000E-02  0.000000000E+00  2.912409435E-02  6.095129814E+02 
        20  8.045130000E-01 -2.572990000E-02  0.000000000E+00  1.006999044E-01 -1.500970925E+01 
        21  8.453950000E-01 -2.106530000E-02  0.000000000E+00  1.009581742E-01 -1.869633952E+01 
        22  9.773690000E-03 -1.685240000E-02  0.000000000E+00  3.052033681E-02  5.889218555E+02 
        23  8.862500000E-01 -1.617560000E-02  0.000000000E+00  1.012112634E-01 -2.224751022E+01 
        24  9.270770000E-01 -1.105190000E-02  0.000000000E+00  1.014379512E-01 -2.542145660E+01 
        25  2.562410000E-03 -8.822370000E-03  0.000000000E+00  7.237612726E-02  2.106678500E+02 
        26  9.456000000E-01 -8.645110000E-03  0.000000000E+00  1.015908143E-01 -2.759834527E+01 
        27  9.641170000E-01 -6.185660000E-03  0.000000000E+00  1.017077563E-01 -2.891406714E+01 
        28  9.885790000E-01 -2.851310000E-03  0.000000000E+00  1.016878722E-01 -3.061824651E+01 
        29  0.000000000E+00  0.000000000E+00  0.000000000E+00  1.237927864E-01 -5.822607503E+02 
        30  1.008950000E+00  0.000000000E+00  0.000000000E+00  6.044470740E-02 -5.855185180E+01 
        31  9.885790000E-01  2.851310000E-03  0.000000000E+00  4.941214670E-03 -7.362557057E+01 
        32  9.641170000E-01  6.185660000E-03  0.000000000E+00  1.084244584E-03 -6.203782071E+01 
        33  9.456000000E-01  8.645110000E-03  0.000000000E+00  1.050830150E-03 -6.200881102E+01 
        34  2.562410000E-03  8.822370000E-03  0.000000000E+00  1.581797807E-01 -1.468424083E+03 
        35  9.270770000E-01  1.105190000E-02  0.000000000E+00  5.900616426E-04 -6.178352079E+01 
        36  8.862500000E-01  1.617560000E-02  0.000000000E+00  1.617737958E-03 -6.184910801E+01 
        37  9.773690000E-03  1.685240000E-02  0.000000000E+00  1.655195784E-01 -1.805095776E+03 
        38  8.453950000E-01  2.106530000E-02  0.000000000E+00  4.289438459E-03 -6.265814240E+01 
        39  8.045130000E-01  2.572990000E-02  0.000000000E+00  8.013120460E-03 -6.524721917E+01 
        40  2.753760000E-02  2.732310000E-02  0.000000000E+00  1.541757172E-01 -1.628234209E+03 
        41  7.636070000E-01  3.017410000E-02  0.000000000E+00  1.285763844E-02 -7.107583719E+01 
        42  7.226780000E-01  3.439720000E-02  0.000000000E+00  1.863076629E-02 -8.171084817E+01 
        43  6.817250000E-01  3.839350000E-02  0.000000000E+00  2.503793602E-02 -9.832374178E+01 
        44  6.660800000E-02  4.005300000E-02  0.000000000E+00  1.361376053E-01 -1.315965001E+03 
        45  6.407510000E-01  4.215150000E-02  0.000000000E+00  3.175826939E-02 -1.212680681E+02 
        46  5.997530000E-01  4.565400000E-02  0.000000000E+00  3.853793276E-02 -1.503574597E+02 
        47  1.069750000E-01  4.796380000E-02  0.000000000E+00  1.217837508E-01 -1.032308574E+03 
        48  5.587330000E-01  4.887710000E-02  0.000000000E+00  4.523600971E-02 -1.851036736E+02 
        49  5.176890000E-01  5.179020000E-02  0.000000000E+00  5.176251123E-02 -2.247103963E+02 
        50  1.477800000E-01  5.322310000E-02  0.000000000E+00  1.114157264E-01 -8.627999057E+02 
        51  4.766220000E-01  5.435440000E-02  0.000000000E+00  5.807894829E-02 -2.685664290E+02 
        52  4.355330000E-01  5.652160000E-02  0.000000000E+00  6.422627700E-02 -3.165853142E+02 
        53  1.887790000E-01  5.668000000E-02  0.000000000E+00  1.029733011E-01 -7.414200238E+02 
        54  3.944220000E-01  5.823310000E-02  0.000000000E+00  7.030193103E-02 -3.693088075E+02 
        55  2.298710000E-01  5.878540000E-02  0.000000000E+00  9.562426386E-02 -6.444899718E+02 
        56  3.532920000E-01  5.941680000E-02  0.000000000E+00  7.640563537E-02 -4.275449247E+02 
        57  2.710040000E-01  5.982130000E-02  0.000000000E+00  8.893669429E-02 -5.630900052E+02 
        58  3.121500000E-01  5.998350000E-02  0.000000000E+00  8.259297233E-02 -4.917661488E+02 
        59  3.121500000E-01 -5.998350000E-02  1.666670000E-01  9.388949887E-02  7.751655543E+01 
        60  2.710040000E-01 -5.982130000E-02  1.666670000E-01  9.209148590E-02  1.006677370E+02 
        61  3.532920000E-01 -5.941680000E-02  1.666670000E-01  9.524893544E-02  5.963725564E+01 
        62  2.298710000E-01 -5.878540000E-02  1.666670000E-01  8.965040171E-02  1.311374964E+02 
        63  3.944220000E-01 -5.823310000E-02  1.666670000E-01  9.629772310E-02  4.561773616E+01 
        64  1.887790000E-01 -5.668000000E-02  1.666670000E-01  8.621085099E-02  1.720099955E+02 
        65  4.355330000E-01 -5.652160000E-02  1.666670000E-01  9.712329969E-02  3.445683777E+01 
        66  4.766220000E-01 -5.435440000E-02  1.666670000E-01  9.778704220E-02  2.542340836E+01 
        67  1.477800000E-01 -5.322310000E-02  1.666670000E-01  8.104369427E-02  2.288583294E+02 
        68  5.176890000E-01 -5.179020000E-02  1.666670000E-01  9.833179737E-02  1.796159671E+01 
        69  5.587330000E-01 -4.887710000E-02  1.666670000E-01  9.878980878E-02  1.165336257E+01 
        70  1.069750000E-01 -4.796380000E-02  1.666670000E-01  7.243564944E-02  3.121882722E+02 
        71  5.997530000E-01 -4.565400000E-02  1.666670000E-01  9.918506026E-02  6.182195895E+00 
        72  6.407510000E-01 -4.215150000E-02  1.666670000E-01  9.953506915E-02  1.315231466E+00 
        73  6.660800000E-02 -4.005300000E-02  1.666670000E-01  5.526067872E-02  4.524927488E+02 
        74  6.817250000E-01 -3.839350000E-02  1.666670000E-01  9.985302292E-02 -3.120640684E+00 
        75  7.226780000E-01 -3.439720000E-02  1.666670000E-01  1.001488454E-01 -7.260791743E+00 
        76  7.636070000E-01 -3.017410000E-02  1.666670000E-01  1.004287962E-01 -1.119540190E+01 
        77  2.753760000E-02 -2.732310000E-02  1.666670000E-01  2.912139934E-02  6.095254192E+02 
        78  8.045130000E-01 -2.572990000E-02  1.666670000E-01  1.006968630E-01 -1.496531915E+01 
        79  8.453950000E-01 -2.106530000E-02  1.666670000E-01  1.009531048E-01 -1.862263574E+01 
        80  9.773690000E-03 -1.685240000E-02  1.666670000E-01  3.052288969E-02  5.889076261E+02 
        81  8.862500000E-01 -1.617560000E-02  1.666670000E-01  1.012028156E-01 -2.212522291E+01 
        82  9.270770000E-01 -1.105190000E-02  1.666670000E-01  1.014250631E-01 -2.523524453E+01 
        83  2.562410000E-03 -8.822370000E-03  1.666670000E-01  7.237718130E-02  2.106560264E+02 
        84  9.456000000E-01 -8.645110000E-03  1.666670000E-01  1.015730370E-01 -2.733594547E+01 
        85  9.641170000E-01 -6.185660000E-03  1.666670000E-01  1.016821689E-01 -2.851793018E+01 
        86  9.885790000E-01 -2.851310000E-03  1.666670000E-01  1.016405656E-01 -3.001547370E+01 
        87  0.000000000E+00  0.000000000E+00  1.666670000E-01  1.237929108E-01 -5.822633766E+02 
        88  1.008950000E+00  0.000000000E+00  1.666670000E-01  5.539099680E-02 -5.768482595E+01 
        89  9.885790000E-01  2.851310000E-03  1.666670000E-01  5.028295929E-03 -7.329612510E+01 
        90  9.641170000E-01  6.185660000E-03  1.666670000E-01  8.768547293E-04 -6.222500384E+01 
        91  9.456000000E-01  8.645110000E-03  1.666670000E-01  7.696046992E-04 -6.204888837E+01 
        92  2.562410000E-03  8.822370000E-03  1.666670000E-01  1.581796140E-01 -1.468414169E+03 
        93  9.270770000E-01  1.105190000E-02  1.666670000E-01  8.123612092E-04 -6.184838491E+01 
        94  8.862500000E-01  1.617560000E-02  1.666670000E-01  2.135276515E-03 -6.200608303E+01 
        95  9.773690000E-03  1.685240000E-02  1.666670000E-01  1.655200309E-01 -1.805108903E+03 
        96  8.453950000E-01  2.106530000E-02  1.666670000E-01  4.762944437E-03 -6.294404200E+01 
        97  8.045130000E-01  2.572990000E-02  1.666670000E-01  8.405429703E-03 -6.565535323E+01 
        98  2.753760000E-02  2.732310000E-02  1.666670000E-01  1.541773421E-01 -1.628257523E+03 
        99  7.636070000E-01  3.017410000E-02  1.666670000E-01  1.315716710E-02 -7.156468913E+01 
       100  7.226780000E-01  3.439720000E-02  1.666670000E-01  1.884630942E-02 -8.222281881E+01 
       101  6.817250000E-01  3.839350000E-02  1.666670000E-01  2.518686533E-02 -9.880304538E+01 
       102  6.660800000E-02  4.005300000E-02  1.666670000E-01  1.361382315E-01 -1.315979652E+03 
       103  6.407510000E-01  4.215150000E-02  1.666670000E-01  3.185753316E-02 -1.216779178E+02 
       104  5.997530000E-01  4.565400000E-02  1.666670000E-01  3.860245453E-02 -1.506857481E+02 
       105  1.069750000E-01  4.796380000E-02  1.666670000E-01  1.217840469E-01 -1.032316567E+03 
       106  5.587330000E-01  4.887710000E-02  1.666670000E-01  4.527726393E-02 -1.853529684E+02 
       107  5.176890000E-01  5.179020000E-02  1.666670000E-01  5.178834571E-02 -2.248908844E+02 
       108  1.477800000E-01  5.322310000E-02  1.666670000E-01  1.114160140E-01 -8.628067180E+02 
       109  4.766220000E-01  5.435440000E-02  1.666670000E-01  5.809486526E-02 -2.686933123E+02 
       110  4.355330000E-01  5.652160000E-02  1.666670000E-01  6.423602117E-02 -3.166723916E+02 
       111  1.887790000E-01  5.668000000E-02  1.666670000E-01  1.029737422E-01 -7.414285657E+02 
       112  3.944220000E-01  5.823310000E-02  1.666670000E-01  7.030790091E-02 -3.693684278E+02 
       113  2.298710000E-01  5.878540000E-02  1.666670000E-01  9.562502049E-02 -6.445022023E+02 
       114  3.532920000E-01  5.941680000E-02  1.666670000E-01  7.640930544E-02 -4.275855394E+02 
       115  2.710040000E-01  5.982130000E-02  1.666670000E-01  8.893799337E-02 -5.631081774E+02 
       116  3.121500000E-01  5.998350000E-02  1.666670000E-01  8.259518160E-02 -4.917932669E+02 
       117  3.121500000E-01 -5.998350000E-02  3.333330000E-01  9.388949885E-02  7.751655557E+01 
       118  2.710040000E-01 -5.982130000E-02  3.333330000E-01  9.209148589E-02  1.006677371E+02 
       119  3.532920000E-01 -5.941680000E-02  3.333330000E-01  9.524893542E-02  5.963725582E+01 
       120  2.298710000E-01 -5.878540000E-02  3.333330000E-01  8.965040170E-02  1.311374965E+02 
       121  3.944220000E-01 -5.823310000E-02  3.333330000E-01  9.629772308E-02  4.561773640E+01 
       122  1.887790000E-01 -5.668000000E-02  3.333330000E-01  8.621085099E-02  1.720099955E+02 
       123  4.355330000E-01 -5.652160000E-02  3.333330000E-01  9.712329966E-02  3.445683810E+01 
       124  4.766220000E-01 -5.435440000E-02  3.333330000E-01  9.778704217E-02  2.542340881E+01 
       125  1.477800000E-01 -5.322310000E-02  3.333330000E-01  8.104369426E-02  2.288583295E+02 
       126  5.176890000E-01 -5.179020000E-02  3.333330000E-01  9.833179733E-02  1.796159731E+01 
       127  5.587330000E-01 -4.887710000E-02  3.333330000E-01  9.878980872E-02  1.165336339E+01 
       128  1.069750000E-01 -4.796380000E-02  3.333330000E-01  7.243564943E-02  3.121882722E+02 
       129  5.997530000E-01 -4.565400000E-02  3.333330000E-01  9.918506018E-02  6.182197010E+00 
       130  6.407510000E-01 -4.215150000E-02  3.333330000E-01  9.953506904E-02  1.315232996E+00 
       131  6.660800000E-02 -4.005300000E-02  3.333330000E-01  5.526067871E-02  4.524927489E+02 
       132  6.817250000E-01 -3.839350000E-02  3.333330000E-01  9.985302276E-02 -3.120638577E+00 
       133  7.226780000E-01 -3.439720000E-02  3.333330000E-01  1.001488452E-01 -7.260788835E+00 
       134  7.636070000E-01 -3.017410000E-02  3.333330000E-01  1.004287960E-01 -1.119539786E+01 
       135  2.753760000E-02 -2.732310000E-02  3.333330000E-01  2.912139933E-02  6.095254192E+02 
       136  8.045130000E-01 -2.572990000E-02  3.333330000E-01  1.006968626E-01 -1.496531346E+01 
       137  8.453950000E-01 -2.106530000E-02  3.333330000E-01  1.009531042E-01 -1.862262766E+01 
       138  9.773690000E-03 -1.685240000E-02  3.333330000E-01  3.052288971E-02  5.889076259E+02 
       139  8.862500000E-01 -1.617560000E-02  3.333330000E-01  1.012028148E-01 -2.212521134E+01 
       140  9.270770000E-01 -1.105190000E-02  3.333330000E-01  1.014250620E-01 -2.523522880E+01 
       141  2.562410000E-03 -8.822370000E-03  3.333330000E-01  7.237718135E-02  2.106560258E+02 
       142  9.456000000E-01 -8.645110000E-03  3.333330000E-01  1.015730356E-01 -2.733592554E+01 
       143  9.641170000E-01 -6.185660000E-03  3.333330000E-01  1.016821671E-01 -2.851790514E+01 
       144  9.885790000E-01 -2.851310000E-03  3.333330000E-01  1.016405633E-01 -3.001544125E+01 
       145  0.000000000E+00  0.000000000E+00  3.333330000E-01  1.237929108E-01 -5.822633781E+02 
       146  1.008950000E+00  0.000000000E+00  3.333330000E-01  5.539099701E-02 -5.768478490E+01 
       147  9.885790000E-01  2.851310000E-03  3.333330000E-01  5.028294235E-03 -7.329610550E+01 
       148  9.641170000E-01  6.185660000E-03  3.333330000E-01  8.768468790E-04 -6.222500638E+01 
       149  9.456000000E-01  8.645110000E-03  3.333330000E-01  7.695955477E-04 -6.204888681E+01 
       150  2.562410000E-03  8.822370000E-03  3.333330000E-01  1.581796141E-01 -1.468414171E+03 
       151  9.270770000E-01  1.105190000E-02  3.333330000E-01  8.123643774E-04 -6.184838303E+01 
       152  8.862500000E-01  1.617560000E-02  3.333330000E-01  2.135293418E-03 -6.200608447E+01 
       153  9.773690000E-03  1.685240000E-02  3.333330000E-01  1.655200309E-01 -1.805108906E+03 
       154  8.453950000E-01  2.106530000E-02  3.333330000E-01  4.762963098E-03 -6.294405007E+01 
       155  8.045130000E-01  2.572990000E-02  3.333330000E-01  8.405447847E-03 -6.565536907E+01 
       156  2.753760000E-02  2.732310000E-02  3.333330000E-01  1.541773421E-01 -1.628257523E+03 
       157  7.636070000E-01  3.017410000E-02  3.333330000E-01  1.315718272E-02 -7.156471246E+01 
       158  7.226780000E-01  3.439720000E-02  3.333330000E-01  1.884632211E-02 -8.222284729E+01 
       159  6.817250000E-01  3.839350000E-02  3.333330000E-01  2.518687520E-02 -9.880307596E+01 
       160  6.660800000E-02  4.005300000E-02  3.333330000E-01  1.361382314E-01 -1.315979651E+03 
       161  6.407510000E-01  4.215150000E-02  3.333330000E-01  3.185754056E-02 -1.216779476E+02 
       162  5.997530000E-01  4.565400000E-02  3.333330000E-01  3.860245993E-02 -1.506857751E+02 
       163  1.069750000E-01  4.796380000E-02  3.333330000E-01  1.217840469E-01 -1.032316569E+03 
       164  5.587330000E-01  4.887710000E-02  3.333330000E-01  4.527726779E-02 -1.853529916E+02 
       165  5.176890000E-01  5.179020000E-02  3.333330000E-01  5.178834841E-02 -2.248909034E+02 
       166  1.477800000E-01  5.322310000E-02  3.333330000E-01  1.114160140E-01 -8.628067202E+02 
       167  4.766220000E-01  5.435440000E-02  3.333330000E-01  5.809486712E-02 -2.686933275E+02 
       168  4.355330000E-01  5.652160000E-02  3.333330000E-01  6.423602242E-02 -3.166724034E+02 
       169  1.887790000E-01  5.668000000E-02  3.333330000E-01  1.029737423E-01 -7.414285681E+02 
       170  3.944220000E-01  5.823310000E-02  3.333330000E-01  7.030790176E-02 -3.693684370E+02 
       171  2.298710000E-01  5.878540000E-02  3.333330000E-01  9.562502063E-02 -6.445022054E+02 
       172  3.532920000E-01  5.941680000E-02  3.333330000E-01  7.640930601E-02 -4.275855464E+02 
       173  2.710040000E-01  5.982130000E-02  3.333330000E-01  8.893799360E-02 -5.631081814E+02 
       174  3.121500000E-01  5.998350000E-02  3.333330000E-01  8.259518197E-02 -4.917932722E+02 
       175  3.121500000E-01 -5.998350000E-02  5.000000000E-01  9.388951749E-02  7.751633055E+01 
       176  2.710040000E-01 -5.982130000E-02  5.000000000E-01  9.209150129E-02  1.006675617E+02 
       177  3.532920000E-01 -5.941680000E-02  5.000000000E-01  9.524896075E-02  5.963693417E+01 
       178  2.298710000E-01 -5.878540000E-02  5.000000000E-01  8.965041727E-02  1.311373275E+02 
       179  3.944220000E-01 -5.823310000E-02  5.000000000E-01  9.629775975E-02  4.561725414E+01 
       180  1.887790000E-01 -5.668000000E-02  5.000000000E-01  8.621087258E-02  1.720097682E+02 
       181  4.355330000E-01 -5.652160000E-02  5.000000000E-01  9.712335418E-02  3.445610394E+01 
       182  4.766220000E-01 -5.435440000E-02  5.000000000E-01  9.778712441E-02  2.542228001E+01 
       183  1.477800000E-01 -5.322310000E-02  5.000000000E-01  8.104373821E-02  2.288578866E+02 
       184  5.176890000E-01 -5.179020000E-02  5.000000000E-01  9.833192275E-02  1.795985033E+01 
       185  5.587330000E-01 -4.887710000E-02  5.000000000E-01  9.879000131E-02  1.165064908E+01 
       186  1.069750000E-01 -4.796380000E-02  5.000000000E-01  7.243579529E-02  3.121869628E+02 
       187  5.997530000E-01 -4.565400000E-02  5.000000000E-01  9.918535873E-02  6.177958548E+00 
       188  6.407510000E-01 -4.215150000E-02  5.000000000E-01  9.953553720E-02  1.308559244E+00 
       189  6.660800000E-02 -4.005300000E-02  5.000000000E-01  5.526168071E-02  4.524850561E+02 
       190  6.817250000E-01 -3.839350000E-02  5.000000000E-01  9.985375899E-02 -3.131222865E+00 
       191  7.226780000E-01 -3.439720000E-02  5.000000000E-01  1.001500056E-01 -7.277608488E+00 
       192  7.636070000E-01 -3.017410000E-02  5.000000000E-01  1.004306542E-01 -1.122245406E+01 
       193  2.753760000E-02 -2.732310000E-02  5.000000000E-01  2.912409434E-02  6.095129815E+02 
       194  8.045130000E-01 -2.572990000E-02  5.000000000E-01  1.006999036E-01 -1.500969788E+01 
       195  8.453950000E-01 -2.106530000E-02  5.000000000E-01  1.009581731E-01 -1.869632335E+01 
       196  9.773690000E-03 -1.685240000E-02  5.000000000E-01  3.052033685E-02  5.889218552E+02 
       197  8.862500000E-01 -1.617560000E-02  5.000000000E-01  1.012112617E-01 -2.224748709E+01 
       198  9.270770000E-01 -1.105190000E-02  5.000000000E-01  1.014379490E-01 -2.542142514E+01 
       199  2.562410000E-03 -8.822370000E-03  5.000000000E-01  7.237612737E-02  2.106678487E+02 
       200  9.456000000E-01 -8.645110000E-03  5.000000000E-01  1.015908115E-01 -2.759830540E+01 
       201  9.641170000E-01 -6.185660000E-03  5.000000000E-01  1.017077527E-01 -2.891401706E+01 
       202  9.885790000E-01 -2.851310000E-03  5.000000000E-01  1.016878675E-01 -3.061818161E+01 
       203  0.000000000E+00  0.000000000E+00  5.000000000E-01  1.237927865E-01 -5.822607534E+02 
       204  1.008950000E+00  0.000000000E+00  5.000000000E-01  6.044470589E-02 -5.855176248E+01 
       205  9.885790000E-01  2.851310000E-03  5.000000000E-01  4.941211282E-03 -7.362553137E+01 
       206  9.641170000E-01  6.185660000E-03  5.000000000E-01  1.084228883E-03 -6.203782579E+01 
       207  9.456000000E-01  8.645110000E-03  5.000000000E-01  1.050811847E-03 -6.200880788E+01 
       208  2.562410000E-03  8.822370000E-03  5.000000000E-01  1.581797809E-01 -1.468424088E+03 
       209  9.270770000E-01  1.105190000E-02  5.000000000E-01  5.900679796E-04 -6.178351703E+01 
       210  8.862500000E-01  1.617560000E-02  5.000000000E-01  1.617771765E-03 -6.184911090E+01 
       211  9.773690000E-03  1.685240000E-02  5.000000000E-01  1.655195786E-01 -1.805095782E+03 
       212  8.453950000E-01  2.106530000E-02  5.000000000E-01  4.289475780E-03 -6.265815854E+01 
       213  8.045130000E-01  2.572990000E-02  5.000000000E-01  8.013156748E-03 -6.524725087E+01 
       214  2.753760000E-02  2.732310000E-02  5.000000000E-01  1.541757170E-01 -1.628234208E+03 
       215  7.636070000E-01  3.017410000E-02  5.000000000E-01  1.285766968E-02 -7.107588385E+01 
       216  7.226780000E-01  3.439720000E-02  5.000000000E-01  1.863079166E-02 -8.171090513E+01 
       217  6.817250000E-01  3.839350000E-02  5.000000000E-01  2.503795575E-02 -9.832380293E+01 
       218  6.660800000E-02  4.005300000E-02  5.000000000E-01  1.361376052E-01 -1.315965000E+03 
       219  6.407510000E-01  4.215150000E-02  5.000000000E-01  3.175828419E-02 -1.212681277E+02 
       220  5.997530000E-01  4.565400000E-02  5.000000000E-01  3.853794356E-02 -1.503575137E+02 
       221  1.069750000E-01  4.796380000E-02  5.000000000E-01  1.217837509E-01 -1.032308579E+03 
       222  5.587330000E-01  4.887710000E-02  5.000000000E-01  4.523601742E-02 -1.851037200E+02 
       223  5.176890000E-01  5.179020000E-02  5.000000000E-01  5.176251662E-02 -2.247104343E+02 
       224  1.477800000E-01  5.322310000E-02  5.000000000E-01  1.114157265E-01 -8.627999100E+02 
       225  4.766220000E-01  5.435440000E-02  5.000000000E-01  5.807895200E-02 -2.685664593E+02 
       226  4.355330000E-01  5.652160000E-02  5.000000000E-01  6.422627951E-02 -3.165853377E+02 
       227  1.887790000E-01  5.668000000E-02  5.000000000E-01  1.029733013E-01 -7.414200287E+02 
       228  3.944220000E-01  5.823310000E-02  5.000000000E-01  7.030193273E-02 -3.693088258E+02 
       229  2.298710000E-01  5.878540000E-02  5.000000000E-01  9.562426413E-02 -6.444899780E+02 
       230  3.532920000E-01  5.941680000E-02  5.000000000E-01  7.640563650E-02 -4.275449388E+02 
       231  2.710040000E-01  5.982130000E-02  5.000000000E-01  8.893669474E-02 -5.630900133E+02 
       232  3.121500000E-01  5.998350000E-02  5.000000000E-01  8.259297306E-02 -4.917661595E+02 
