nodenumber     x-coordinate     y-coordinate     z-coordinate      mach-number         pressure 
         1  2.883190000E-01 -5.998690000E-02  0.000000000E+00  2.378375254E-02 -8.877290061E+02 
         2  3.294650000E-01 -5.982680000E-02  0.000000000E+00  2.260262154E-02 -8.798190375E+02 
         3  2.471780000E-01 -5.933890000E-02  0.000000000E+00  2.521799618E-02 -8.981860399E+02 
         4  3.706030000E-01 -5.898830000E-02  0.000000000E+00  2.178726199E-02 -8.744658996E+02 
         5  2.060650000E-01 -5.771190000E-02  0.000000000E+00  2.729083512E-02 -9.120864705E+02 
         6  4.117260000E-01 -5.757270000E-02  0.000000000E+00  2.138072226E-02 -8.709169444E+02 
         7  4.528280000E-01 -5.566140000E-02  0.000000000E+00  2.131857843E-02 -8.687007023E+02 
         8  1.650180000E-01 -5.486620000E-02  0.000000000E+00  3.051492737E-02 -9.343430469E+02 
         9  4.939080000E-01 -5.332060000E-02  0.000000000E+00  2.155107106E-02 -8.675204005E+02 
        10  5.349650000E-01 -5.060440000E-02  0.000000000E+00  2.208424907E-02 -8.672654511E+02 
        11  1.241140000E-01 -5.043730000E-02  0.000000000E+00  3.362015441E-02 -9.735945992E+02 
        12  5.759990000E-01 -4.755650000E-02  0.000000000E+00  2.287587184E-02 -8.679659797E+02 
        13  6.170090000E-01 -4.421250000E-02  0.000000000E+00  2.392213465E-02 -8.695596424E+02 
        14  8.351470000E-02 -4.379180000E-02  0.000000000E+00  3.247840420E-02 -1.045825358E+03 
        15  6.579970000E-01 -4.059990000E-02  0.000000000E+00  2.526857257E-02 -8.719257706E+02 
        16  5.488770000E-02 -3.697740000E-02  0.000000000E+00  1.692175032E-02 -1.165855341E+03 
        17  6.989630000E-01 -3.673990000E-02  0.000000000E+00  2.687328449E-02 -8.748612174E+02 
        18  7.399050000E-01 -3.264710000E-02  0.000000000E+00  2.866645536E-02 -8.779514105E+02 
        19  3.777470000E-02 -3.147510000E-02  0.000000000E+00  3.225868243E-02 -1.382683817E+03 
        20  7.808250000E-01 -2.833060000E-02  0.000000000E+00  3.054722712E-02 -8.805716126E+02 
        21  2.634450000E-02 -2.677890000E-02  0.000000000E+00  8.793325692E-02 -1.814040850E+03 
        22  8.159680000E-01 -2.444550000E-02  0.000000000E+00  3.218070059E-02 -8.815573361E+02 
        23  1.821900000E-02 -2.259850000E-02  0.000000000E+00  1.383677450E-01 -2.435962692E+03 
        24  8.510930000E-01 -2.039720000E-02  0.000000000E+00  3.357046485E-02 -8.801791099E+02 
        25  1.318260000E-02 -1.942040000E-02  0.000000000E+00  1.736015467E-01 -3.074773851E+03 
        26  8.782860000E-01 -1.714700000E-02  0.000000000E+00  3.439745489E-02 -8.763312525E+02 
        27  9.850590000E-03 -1.691540000E-02  0.000000000E+00  2.007072012E-01 -3.662275414E+03 
        28  7.411530000E-03 -1.476420000E-02  0.000000000E+00  2.242356557E-01 -4.185642930E+03 
        29  9.009380000E-01 -1.436040000E-02  0.000000000E+00  3.463654487E-02 -8.705271509E+02 
        30  5.510960000E-03 -1.280140000E-02  0.000000000E+00  2.428585012E-01 -4.580384300E+03 
        31  9.198070000E-01 -1.198220000E-02  0.000000000E+00  3.436831347E-02 -8.632528463E+02 
        32  3.983540000E-03 -1.093890000E-02  0.000000000E+00  2.551789451E-01 -4.873281603E+03 
        33  9.355260000E-01 -9.960600000E-03  0.000000000E+00  3.363810932E-02 -8.547802201E+02 
        34  2.745270000E-03 -9.124550000E-03  0.000000000E+00  2.641067886E-01 -5.119094830E+03 
        35  9.486220000E-01 -8.247430000E-03  0.000000000E+00  3.247845059E-02 -8.458065574E+02 
        36  1.752850000E-03 -7.324960000E-03  0.000000000E+00  2.709927187E-01 -5.289580563E+03 
        37  9.595320000E-01 -6.799650000E-03  0.000000000E+00  3.100658809E-02 -8.375024595E+02 
        38  9.686220000E-01 -5.578890000E-03  0.000000000E+00  2.931649078E-02 -8.301786255E+02 
        39  9.860190000E-04 -5.518970000E-03  0.000000000E+00  2.749065453E-01 -5.351274188E+03 
        40  9.761960000E-01 -4.551510000E-03  0.000000000E+00  2.735595527E-02 -8.235391387E+02 
        41  4.384000000E-04 -3.696570000E-03  0.000000000E+00  2.760082064E-01 -5.260108372E+03 
        42  9.825070000E-01 -3.688230000E-03  0.000000000E+00  2.505634157E-02 -8.178681466E+02 
        43  9.877650000E-01 -2.963870000E-03  0.000000000E+00  2.246824163E-02 -8.134203444E+02 
        44  9.921460000E-01 -2.356690000E-03  0.000000000E+00  1.976382713E-02 -8.104178111E+02 
        45  1.095110000E-04 -1.855900000E-03  0.000000000E+00  2.750144092E-01 -5.000996297E+03 
        46  9.957970000E-01 -1.848260000E-03  0.000000000E+00  1.713932385E-02 -8.089768849E+02 
        47  9.988390000E-01 -1.422790000E-03  0.000000000E+00  1.474457975E-02 -8.090108763E+02 
        48  1.001370000E+00 -1.062990000E-03  0.000000000E+00  1.276407384E-02 -8.104805756E+02 
        49  1.003480000E+00 -7.543150000E-04  0.000000000E+00  1.149628356E-02 -8.128101262E+02 
        50  1.005240000E+00 -4.991700000E-04  0.000000000E+00  1.128329669E-02 -8.154128078E+02 
        51  1.006710000E+00 -2.932730000E-04  0.000000000E+00  1.230120736E-02 -8.170048456E+02 
        52  1.007930000E+00 -1.294160000E-04  0.000000000E+00  1.560102295E-02 -8.320008859E+02 
        53  0.000000000E+00  0.000000000E+00  0.000000000E+00  2.708460179E-01 -4.633918957E+03 
        54  1.008950000E+00  0.000000000E+00  0.000000000E+00  2.176073929E-02 -7.861491749E+02 
        55  1.008950000E+00  1.204820000E-03  0.000000000E+00  2.158686435E-02 -7.316864464E+02 
        56  1.095110000E-04  1.855900000E-03  0.000000000E+00  2.613743156E-01 -4.212426346E+03 
        57  1.008950000E+00  2.409640000E-03  0.000000000E+00  1.885382606E-02 -7.324877179E+02 
        58  1.008950000E+00  3.614460000E-03  0.000000000E+00  1.760599245E-02 -7.295657539E+02 
        59  4.384000000E-04  3.696570000E-03  0.000000000E+00  2.474409881E-01 -3.690153525E+03 
        60  1.008950000E+00  4.819280000E-03  0.000000000E+00  1.691686132E-02 -7.295973235E+02 
        61  9.860190000E-04  5.518970000E-03  0.000000000E+00  2.309693363E-01 -3.077501653E+03 
        62  1.008950000E+00  6.024100000E-03  0.000000000E+00  1.675122267E-02 -7.302165946E+02 
        63  1.008950000E+00  7.228920000E-03  0.000000000E+00  1.688775853E-02 -7.314810926E+02 
        64  1.752850000E-03  7.324960000E-03  0.000000000E+00  2.127106099E-01 -2.453360173E+03 
        65  1.008950000E+00  8.433730000E-03  0.000000000E+00  1.723596010E-02 -7.332081868E+02 
        66  2.745270000E-03  9.124550000E-03  0.000000000E+00  1.929954971E-01 -1.840631559E+03 
        67  1.008950000E+00  9.638550000E-03  0.000000000E+00  1.772969560E-02 -7.352914642E+02 
        68  1.008950000E+00  1.084340000E-02  0.000000000E+00  1.832109217E-02 -7.376367686E+02 
        69  3.983540000E-03  1.093890000E-02  0.000000000E+00  1.726292252E-01 -1.258947589E+03 
        70  1.008950000E+00  1.204820000E-02  0.000000000E+00  1.897435609E-02 -7.401844720E+02 
        71  5.510960000E-03  1.280140000E-02  0.000000000E+00  1.530449356E-01 -7.638650120E+02 
        72  1.008950000E+00  1.325300000E-02  0.000000000E+00  1.966439771E-02 -7.428831395E+02 
        73  9.009380000E-01  1.436040000E-02  0.000000000E+00  5.403813718E-03  7.070078323E+02 
        74  1.008950000E+00  1.445780000E-02  0.000000000E+00  2.037238152E-02 -7.456909338E+02 
        75  7.411530000E-03  1.476420000E-02  0.000000000E+00  1.343202823E-01 -3.624689010E+02 
        76  1.008950000E+00  1.566270000E-02  0.000000000E+00  2.108392301E-02 -7.485711056E+02 
        77  1.008950000E+00  1.686750000E-02  0.000000000E+00  2.178781857E-02 -7.514902803E+02 
        78  9.850590000E-03  1.691540000E-02  0.000000000E+00  1.152487954E-01 -5.515114941E+00 
        79  8.782860000E-01  1.714700000E-02  0.000000000E+00  5.097040886E-03  6.985231808E+02 
        80  1.008950000E+00  1.807230000E-02  0.000000000E+00  2.247530879E-02 -7.544177568E+02 
        81  1.008950000E+00  1.927710000E-02  0.000000000E+00  2.313958161E-02 -7.573256671E+02 
        82  1.318260000E-02  1.942040000E-02  0.000000000E+00  9.448834977E-02  3.264069711E+02 
        83  8.510930000E-01  2.039720000E-02  0.000000000E+00  5.649579600E-03  6.798535031E+02 
        84  1.008950000E+00  2.048190000E-02  0.000000000E+00  2.377543116E-02 -7.601894462E+02 
        85  1.008950000E+00  2.168670000E-02  0.000000000E+00  2.437895547E-02 -7.629872892E+02 
        86  1.821900000E-02  2.259850000E-02  0.000000000E+00  7.131285434E-02  6.146422635E+02 
        87  9.198070000E-01  2.283540000E-02  0.000000000E+00  4.751243030E-03  7.136996028E+02 
        88  1.008950000E+00  2.289160000E-02  0.000000000E+00  2.494720429E-02 -7.656992796E+02 
        89  1.008950000E+00  2.409640000E-02  0.000000000E+00  2.547794526E-02 -7.683074755E+02 
        90  8.159680000E-01  2.444550000E-02  0.000000000E+00  1.658434674E-02  6.438238612E+02 
        91  1.008950000E+00  2.530120000E-02  0.000000000E+00  2.596961636E-02 -7.707964963E+02 
        92  1.008950000E+00  2.650600000E-02  0.000000000E+00  2.642126761E-02 -7.731539014E+02 
        93  2.634450000E-02  2.677890000E-02  0.000000000E+00  4.699538203E-02  8.264741818E+02 
        94  1.008950000E+00  2.771080000E-02  0.000000000E+00  2.683239221E-02 -7.753692981E+02 
        95  7.808250000E-01  2.833060000E-02  0.000000000E+00  2.982768525E-02  6.032305732E+02 
        96  1.008950000E+00  2.891570000E-02  0.000000000E+00  2.720251468E-02 -7.774312314E+02 
        97  1.008950000E+00  3.012050000E-02  0.000000000E+00  2.753058679E-02 -7.793239116E+02 
        98  1.008950000E+00  3.132530000E-02  0.000000000E+00  2.781547129E-02 -7.810348344E+02 
        99  3.777470000E-02  3.147510000E-02  0.000000000E+00  2.390454351E-02  9.474409403E+02 
       100  1.008950000E+00  3.253010000E-02  0.000000000E+00  2.805695133E-02 -7.825597489E+02 
       101  7.399050000E-01  3.264710000E-02  0.000000000E+00  3.839214789E-02  5.667033814E+02 
       102  1.008950000E+00  3.373490000E-02  0.000000000E+00  2.825540775E-02 -7.838961156E+02 
       103  1.008950000E+00  3.493980000E-02  0.000000000E+00  2.841097692E-02 -7.850395393E+02 
       104  1.008950000E+00  3.614460000E-02  0.000000000E+00  2.852380624E-02 -7.859894544E+02 
       105  9.355260000E-01  3.653300000E-02  0.000000000E+00  1.406427455E-02  7.018264551E+02 
       106  6.989630000E-01  3.673990000E-02  0.000000000E+00  4.300939661E-02  5.437012507E+02 
       107  5.488770000E-02  3.697740000E-02  0.000000000E+00  9.012910306E-03  9.900133007E+02 
       108  1.008950000E+00  3.734940000E-02  0.000000000E+00  2.859477618E-02 -7.867517594E+02 
       109  1.008950000E+00  3.855420000E-02  0.000000000E+00  2.862443909E-02 -7.873256513E+02 
       110  1.008950000E+00  3.975900000E-02  0.000000000E+00  2.861347581E-02 -7.877172034E+02 
       111  6.579970000E-01  4.059990000E-02  0.000000000E+00  4.586808177E-02  5.318909177E+02 
       112  1.008950000E+00  4.096390000E-02  0.000000000E+00  2.856343484E-02 -7.879366394E+02 
       113  1.008950000E+00  4.216870000E-02  0.000000000E+00  2.847585881E-02 -7.879924783E+02 
       114  1.008950000E+00  4.337350000E-02  0.000000000E+00  2.835230319E-02 -7.878954489E+02 
       115  8.351470000E-02  4.379180000E-02  0.000000000E+00  1.367859437E-02  9.668614138E+02 
       116  6.170090000E-01  4.421250000E-02  0.000000000E+00  4.773520987E-02  5.285869992E+02 
       117  1.008950000E+00  4.457830000E-02  0.000000000E+00  2.819370805E-02 -7.876469688E+02 
       118  1.008950000E+00  4.578310000E-02  0.000000000E+00  2.800085771E-02 -7.872529374E+02 
       119  1.008950000E+00  4.698800000E-02  0.000000000E+00  2.777495346E-02 -7.867234997E+02 
       120  5.759990000E-01  4.755650000E-02  0.000000000E+00  4.902593531E-02  5.316558542E+02 
       121  9.486220000E-01  4.791560000E-02  0.000000000E+00  2.947371678E-02  6.543085913E+02 
       122  1.008950000E+00  4.819280000E-02  0.000000000E+00  2.751732312E-02 -7.860668809E+02 
       123  1.008950000E+00  4.939760000E-02  0.000000000E+00  2.722916478E-02 -7.852883307E+02 
       124  1.241140000E-01  5.043730000E-02  0.000000000E+00  3.037016028E-02  8.997327787E+02 
       125  1.008950000E+00  5.060240000E-02  0.000000000E+00  2.691094825E-02 -7.843899144E+02 
       126  5.349650000E-01  5.060440000E-02  0.000000000E+00  4.999031439E-02  5.393474077E+02 
       127  1.008950000E+00  5.180720000E-02  0.000000000E+00  2.656259369E-02 -7.833756328E+02 
       128  1.008950000E+00  5.301200000E-02  0.000000000E+00  2.618405699E-02 -7.822517946E+02 
       129  4.939080000E-01  5.332060000E-02  0.000000000E+00  5.060863248E-02  5.512484301E+02 
       130  1.008950000E+00  5.421690000E-02  0.000000000E+00  2.577555495E-02 -7.810262634E+02 
       131  1.650180000E-01  5.486620000E-02  0.000000000E+00  4.044369428E-02  8.286957866E+02 
       132  1.008950000E+00  5.542170000E-02  0.000000000E+00  2.533750231E-02 -7.797076660E+02 
       133  4.528280000E-01  5.566140000E-02  0.000000000E+00  5.101565606E-02  5.672710360E+02 
       134  1.008950000E+00  5.662650000E-02  0.000000000E+00  2.487037805E-02 -7.783047473E+02 
       135  9.595320000E-01  5.737830000E-02  0.000000000E+00  4.204673329E-02  5.838947014E+02 
       136  4.117260000E-01  5.757270000E-02  0.000000000E+00  5.124333317E-02  5.873577260E+02 
       137  2.060650000E-01  5.771190000E-02  0.000000000E+00  4.584329155E-02  7.672774539E+02 
       138  1.008950000E+00  5.783130000E-02  0.000000000E+00  2.437465316E-02 -7.768261985E+02 
       139  3.706030000E-01  5.898830000E-02  0.000000000E+00  5.126498950E-02  6.117815966E+02 
       140  1.008950000E+00  5.903610000E-02  0.000000000E+00  2.385068950E-02 -7.752805672E+02 
       141  2.471780000E-01  5.933890000E-02  0.000000000E+00  4.866748806E-02  7.174835353E+02 
       142  3.294650000E-01  5.982680000E-02  0.000000000E+00  5.098361563E-02  6.409907491E+02 
       143  2.883190000E-01  5.998690000E-02  0.000000000E+00  5.022430401E-02  6.759006771E+02 
       144  1.008950000E+00  6.024100000E-02  0.000000000E+00  2.329864557E-02 -7.736759254E+02 
       145  1.008950000E+00  6.144580000E-02  0.000000000E+00  2.271852417E-02 -7.720196147E+02 
       146  1.008950000E+00  6.265060000E-02  0.000000000E+00  2.211023749E-02 -7.703184539E+02 
       147  1.008950000E+00  6.385540000E-02  0.000000000E+00  2.147363573E-02 -7.685786400E+02 
       148  1.008950000E+00  6.506020000E-02  0.000000000E+00  2.080840848E-02 -7.668054263E+02 
       149  9.686220000E-01  6.524760000E-02  0.000000000E+00  5.179492822E-02  5.083952742E+02 
       150  1.008950000E+00  6.626510000E-02  0.000000000E+00  2.011351619E-02 -7.650019075E+02 
       151  1.008950000E+00  6.746990000E-02  0.000000000E+00  1.938593626E-02 -7.631724324E+02 
       152  1.008950000E+00  6.867470000E-02  0.000000000E+00  1.862044435E-02 -7.614297333E+02 
       153  1.008950000E+00  6.987950000E-02  0.000000000E+00  1.781076717E-02 -7.598158056E+02 
       154  1.008950000E+00  7.108430000E-02  0.000000000E+00  1.694983086E-02 -7.582626559E+02 
       155  9.761960000E-01  7.179400000E-02  0.000000000E+00  5.972284362E-02  4.320709266E+02 
       156  1.008950000E+00  7.228920000E-02  0.000000000E+00  1.603154949E-02 -7.567823038E+02 
       157  1.008950000E+00  7.349400000E-02  0.000000000E+00  1.505117447E-02 -7.554038863E+02 
       158  1.008950000E+00  7.469880000E-02  0.000000000E+00  1.400367929E-02 -7.541577009E+02 
       159  1.008950000E+00  7.590360000E-02  0.000000000E+00  1.288442532E-02 -7.530660737E+02 
       160  1.008950000E+00  7.710840000E-02  0.000000000E+00  1.169018883E-02 -7.521396829E+02 
       161  9.825070000E-01  7.724120000E-02  0.000000000E+00  6.652438264E-02  3.550884527E+02 
       162  1.008950000E+00  7.831330000E-02  0.000000000E+00  1.042001693E-02 -7.513808381E+02 
       163  1.008950000E+00  7.951810000E-02  0.000000000E+00  9.075792666E-03 -7.507910554E+02 
       164  1.008950000E+00  8.072290000E-02  0.000000000E+00  7.662566509E-03 -7.503873825E+02 
       165  9.877650000E-01  8.177490000E-02  0.000000000E+00  7.265238944E-02  2.782875967E+02 
       166  1.008950000E+00  8.192770000E-02  0.000000000E+00  6.187756722E-03 -7.502021766E+02 
       167  1.008950000E+00  8.313250000E-02  0.000000000E+00  4.660785859E-03 -7.502975960E+02 
       168  1.008950000E+00  8.433730000E-02  0.000000000E+00  3.100120717E-03 -7.507767459E+02 
       169  1.008950000E+00  8.554220000E-02  0.000000000E+00  1.620850306E-03 -7.517263817E+02 
       170  9.921460000E-01  8.554900000E-02  0.000000000E+00  7.835659607E-02  2.015148902E+02 
       171  1.008950000E+00  8.674700000E-02  0.000000000E+00  1.198409468E-03 -7.531990719E+02 
       172  1.008950000E+00  8.795180000E-02  0.000000000E+00  2.307241276E-03 -7.552478413E+02 
       173  9.957970000E-01  8.869120000E-02  0.000000000E+00  8.380416168E-02  1.244330674E+02 
       174  1.008950000E+00  8.915660000E-02  0.000000000E+00  4.062002803E-03 -7.579366769E+02 
       175  1.008950000E+00  9.036140000E-02  0.000000000E+00  5.948246127E-03 -7.613483025E+02 
       176  9.988390000E-01  9.130770000E-02  0.000000000E+00  8.916712299E-02  4.646384330E+01 
       177  1.008950000E+00  9.156630000E-02  0.000000000E+00  7.944264267E-03 -7.656078651E+02 
       178  1.008950000E+00  9.277110000E-02  0.000000000E+00  1.007608184E-02 -7.709152035E+02 
       179  1.001370000E+00  9.348220000E-02  0.000000000E+00  9.441163141E-02 -3.340239523E+01 
       180  1.008950000E+00  9.397590000E-02  0.000000000E+00  1.239750969E-02 -7.775956176E+02 
       181  1.008950000E+00  9.518070000E-02  0.000000000E+00  1.500079118E-02 -7.859704593E+02 
       182  1.003480000E+00  9.528420000E-02  0.000000000E+00  9.941631317E-02 -1.135392357E+02 
       183  1.008950000E+00  9.638550000E-02  0.000000000E+00  1.790484946E-02 -7.972971915E+02 
       184  1.005240000E+00  9.678820000E-02  0.000000000E+00  1.044897745E-01 -1.949316651E+02 
       185  1.008950000E+00  9.759040000E-02  0.000000000E+00  2.136187972E-02 -8.071886517E+02 
       186  1.006710000E+00  9.804920000E-02  0.000000000E+00  1.096204582E-01 -2.838091673E+02 
       187  1.008950000E+00  9.879520000E-02  0.000000000E+00  2.327236750E-02 -8.529886866E+02 
       188  1.007930000E+00  9.910880000E-02  0.000000000E+00  1.172316395E-01 -3.496669994E+02 
       189  1.008950000E+00  1.000000000E-01  0.000000000E+00  7.661826888E-02 -6.313238446E+02 
       190  2.883190000E-01 -5.998690000E-02  3.333330000E-02  2.378407068E-02 -8.877290018E+02 
       191  3.294650000E-01 -5.982680000E-02  3.333330000E-02  2.260302819E-02 -8.798189765E+02 
       192  2.471780000E-01 -5.933890000E-02  3.333330000E-02  2.521823577E-02 -8.981861504E+02 
       193  3.706030000E-01 -5.898830000E-02  3.333330000E-02  2.178777129E-02 -8.744658008E+02 
       194  2.060650000E-01 -5.771190000E-02  3.333330000E-02  2.729102696E-02 -9.120865586E+02 
       195  4.117260000E-01 -5.757270000E-02  3.333330000E-02  2.138136805E-02 -8.709168308E+02 
       196  4.528280000E-01 -5.566140000E-02  3.333330000E-02  2.131941033E-02 -8.687005824E+02 
       197  1.650180000E-01 -5.486620000E-02  3.333330000E-02  3.051513019E-02 -9.343431707E+02 
       198  4.939080000E-01 -5.332060000E-02  3.333330000E-02  2.155213092E-02 -8.675202752E+02 
       199  5.349650000E-01 -5.060440000E-02  3.333330000E-02  2.208556761E-02 -8.672653303E+02 
       200  1.241140000E-01 -5.043730000E-02  3.333330000E-02  3.362037350E-02 -9.735946502E+02 
       201  5.759990000E-01 -4.755650000E-02  3.333330000E-02  2.287748377E-02 -8.679658530E+02 
       202  6.170090000E-01 -4.421250000E-02  3.333330000E-02  2.392407952E-02 -8.695595013E+02 
       203  8.351470000E-02 -4.379180000E-02  3.333330000E-02  3.247853531E-02 -1.045826495E+03 
       204  6.579970000E-01 -4.059990000E-02  3.333330000E-02  2.527086562E-02 -8.719256012E+02 
       205  5.488770000E-02 -3.697740000E-02  3.333330000E-02  1.692120840E-02 -1.165858549E+03 
       206  6.989630000E-01 -3.673990000E-02  3.333330000E-02  2.687589406E-02 -8.748610833E+02 
       207  7.399050000E-01 -3.264710000E-02  3.333330000E-02  2.866928004E-02 -8.779513109E+02 
       208  3.777470000E-02 -3.147510000E-02  3.333330000E-02  3.225971815E-02 -1.382688369E+03 
       209  7.808250000E-01 -2.833060000E-02  3.333330000E-02  3.055015611E-02 -8.805713683E+02 
       210  2.634450000E-02 -2.677890000E-02  3.333330000E-02  8.793366057E-02 -1.814044727E+03 
       211  8.159680000E-01 -2.444550000E-02  3.333330000E-02  3.218369082E-02 -8.815568583E+02 
       212  1.821900000E-02 -2.259850000E-02  3.333330000E-02  1.383679892E-01 -2.435966396E+03 
       213  8.510930000E-01 -2.039720000E-02  3.333330000E-02  3.357380023E-02 -8.801798837E+02 
       214  1.318260000E-02 -1.942040000E-02  3.333330000E-02  1.736020501E-01 -3.074783974E+03 
       215  8.782860000E-01 -1.714700000E-02  3.333330000E-02  3.440106956E-02 -8.763307676E+02 
       216  9.850590000E-03 -1.691540000E-02  3.333330000E-02  2.007078441E-01 -3.662289700E+03 
       217  7.411530000E-03 -1.476420000E-02  3.333330000E-02  2.242362524E-01 -4.185655435E+03 
       218  9.009380000E-01 -1.436040000E-02  3.333330000E-02  3.464013026E-02 -8.705265586E+02 
       219  5.510960000E-03 -1.280140000E-02  3.333330000E-02  2.428588521E-01 -4.580390828E+03 
       220  9.198070000E-01 -1.198220000E-02  3.333330000E-02  3.437181803E-02 -8.632537401E+02 
       221  3.983540000E-03 -1.093890000E-02  3.333330000E-02  2.551791211E-01 -4.873286524E+03 
       222  9.355260000E-01 -9.960600000E-03  3.333330000E-02  3.364135228E-02 -8.547806589E+02 
       223  2.745270000E-03 -9.124550000E-03  3.333330000E-02  2.641068965E-01 -5.119097227E+03 
       224  9.486220000E-01 -8.247430000E-03  3.333330000E-02  3.248107127E-02 -8.458074266E+02 
       225  1.752850000E-03 -7.324960000E-03  3.333330000E-02  2.709927556E-01 -5.289581033E+03 
       226  9.595320000E-01 -6.799650000E-03  3.333330000E-02  3.100819344E-02 -8.375041624E+02 
       227  9.686220000E-01 -5.578890000E-03  3.333330000E-02  2.931641506E-02 -8.301816694E+02 
       228  9.860190000E-04 -5.518970000E-03  3.333330000E-02  2.749065391E-01 -5.351273300E+03 
       229  9.761960000E-01 -4.551510000E-03  3.333330000E-02  2.735331735E-02 -8.235439555E+02 
       230  4.384000000E-04 -3.696570000E-03  3.333330000E-02  2.760081868E-01 -5.260107053E+03 
       231  9.825070000E-01 -3.688230000E-03  3.333330000E-02  2.505058289E-02 -8.178756842E+02 
       232  9.877650000E-01 -2.963870000E-03  3.333330000E-02  2.245952484E-02 -8.134317798E+02 
       233  9.921460000E-01 -2.356690000E-03  3.333330000E-02  1.975245127E-02 -8.104345531E+02 
       234  1.095110000E-04 -1.855900000E-03  3.333330000E-02  2.750143893E-01 -5.000995293E+03 
       235  9.957970000E-01 -1.848260000E-03  3.333330000E-02  1.712504775E-02 -8.090012378E+02 
       236  9.988390000E-01 -1.422790000E-03  3.333330000E-02  1.472747650E-02 -8.090487931E+02 
       237  1.001370000E+00 -1.062990000E-03  3.333330000E-02  1.274543800E-02 -8.105338814E+02 
       238  1.003480000E+00 -7.543150000E-04  3.333330000E-02  1.147818626E-02 -8.128732491E+02 
       239  1.005240000E+00 -4.991700000E-04  3.333330000E-02  1.126868200E-02 -8.154826377E+02 
       240  1.006710000E+00 -2.932730000E-04  3.333330000E-02  1.229336000E-02 -8.170810924E+02 
       241  1.007930000E+00 -1.294160000E-04  3.333330000E-02  1.560491724E-02 -8.320735983E+02 
       242  0.000000000E+00  0.000000000E+00  3.333330000E-02  2.708460018E-01 -4.633918385E+03 
       243  1.008950000E+00  0.000000000E+00  3.333330000E-02  2.086802809E-02 -7.873707152E+02 
       244  1.008950000E+00  1.204820000E-03  3.333330000E-02  2.163631576E-02 -7.316242588E+02 
       245  1.095110000E-04  1.855900000E-03  3.333330000E-02  2.613743151E-01 -4.212426298E+03 
       246  1.008950000E+00  2.409640000E-03  3.333330000E-02  1.889842639E-02 -7.325297068E+02 
       247  1.008950000E+00  3.614460000E-03  3.333330000E-02  1.764634570E-02 -7.295869561E+02 
       248  4.384000000E-04  3.696570000E-03  3.333330000E-02  2.474410243E-01 -3.690154964E+03 
       249  1.008950000E+00  4.819280000E-03  3.333330000E-02  1.695088608E-02 -7.296077661E+02 
       250  9.860190000E-04  5.518970000E-03  3.333330000E-02  2.309694375E-01 -3.077505315E+03 
       251  1.008950000E+00  6.024100000E-03  3.333330000E-02  1.678088677E-02 -7.302200259E+02 
       252  1.008950000E+00  7.228920000E-03  3.333330000E-02  1.691439447E-02 -7.314789967E+02 
       253  1.752850000E-03  7.324960000E-03  3.333330000E-02  2.127108051E-01 -2.453366545E+03 
       254  1.008950000E+00  8.433730000E-03  3.333330000E-02  1.726040175E-02 -7.332027817E+02 
       255  2.745270000E-03  9.124550000E-03  3.333330000E-02  1.929958212E-01 -1.840641196E+03 
       256  1.008950000E+00  9.638550000E-03  3.333330000E-02  1.775257638E-02 -7.352843501E+02 
       257  1.008950000E+00  1.084340000E-02  3.333330000E-02  1.834282601E-02 -7.376287912E+02 
       258  3.983540000E-03  1.093890000E-02  3.333330000E-02  1.726296590E-01 -1.258959501E+03 
       259  1.008950000E+00  1.204820000E-02  3.333330000E-02  1.899518388E-02 -7.401762162E+02 
       260  5.510960000E-03  1.280140000E-02  3.333330000E-02  1.530454293E-01 -7.638763747E+02 
       261  1.008950000E+00  1.325300000E-02  3.333330000E-02  1.968448076E-02 -7.428749274E+02 
       262  9.009380000E-01  1.436040000E-02  3.333330000E-02  5.400889345E-03  7.070150171E+02 
       263  1.008950000E+00  1.445780000E-02  3.333330000E-02  2.039183472E-02 -7.456829433E+02 
       264  7.411530000E-03  1.476420000E-02  3.333330000E-02  1.343208132E-01 -3.624794248E+02 
       265  1.008950000E+00  1.566270000E-02  3.333330000E-02  2.110283507E-02 -7.485634293E+02 
       266  1.008950000E+00  1.686750000E-02  3.333330000E-02  2.180626263E-02 -7.514829633E+02 
       267  9.850590000E-03  1.691540000E-02  3.333330000E-02  1.152493353E-01 -5.524650315E+00 
       268  8.782860000E-01  1.714700000E-02  3.333330000E-02  5.097073056E-03  6.985232559E+02 
       269  1.008950000E+00  1.807230000E-02  3.333330000E-02  2.249334832E-02 -7.544108199E+02 
       270  1.008950000E+00  1.927710000E-02  3.333330000E-02  2.315727362E-02 -7.573191258E+02 
       271  1.318260000E-02  1.942040000E-02  3.333330000E-02  9.448876650E-02  3.264009363E+02 
       272  8.510930000E-01  2.039720000E-02  3.333330000E-02  5.649522523E-03  6.798538181E+02 
       273  1.008950000E+00  2.048190000E-02  3.333330000E-02  2.379282745E-02 -7.601833137E+02 
       274  1.008950000E+00  2.168670000E-02  3.333330000E-02  2.439610246E-02 -7.629815713E+02 
       275  1.821900000E-02  2.259850000E-02  3.333330000E-02  7.131305339E-02  6.146401598E+02 
       276  9.198070000E-01  2.283540000E-02  3.333330000E-02  4.755252250E-03  7.137134003E+02 
       277  1.008950000E+00  2.289160000E-02  3.333330000E-02  2.496414304E-02 -7.656939761E+02 
       278  1.008950000E+00  2.409640000E-02  3.333330000E-02  2.549471176E-02 -7.683025802E+02 
       279  8.159680000E-01  2.444550000E-02  3.333330000E-02  1.658434821E-02  6.438238579E+02 
       280  1.008950000E+00  2.530120000E-02  3.333330000E-02  2.598624156E-02 -7.707919947E+02 
       281  1.008950000E+00  2.650600000E-02  3.333330000E-02  2.643777799E-02 -7.731497731E+02 
       282  2.634450000E-02  2.677890000E-02  3.333330000E-02  4.699561208E-02  8.264726278E+02 
       283  1.008950000E+00  2.771080000E-02  3.333330000E-02  2.684881149E-02 -7.753655236E+02 
       284  7.808250000E-01  2.833060000E-02  3.333330000E-02  2.982761713E-02  6.032308369E+02 
       285  1.008950000E+00  2.891570000E-02  3.333330000E-02  2.721886721E-02 -7.774278238E+02 
       286  1.008950000E+00  3.012050000E-02  3.333330000E-02  2.754689885E-02 -7.793209234E+02 
       287  1.008950000E+00  3.132530000E-02  3.333330000E-02  2.783176593E-02 -7.810322651E+02 
       288  3.777470000E-02  3.147510000E-02  3.333330000E-02  2.390500380E-02  9.474393189E+02 
       289  1.008950000E+00  3.253010000E-02  3.333330000E-02  2.807325258E-02 -7.825576103E+02 
       290  7.399050000E-01  3.264710000E-02  3.333330000E-02  3.839214960E-02  5.667033733E+02 
       291  1.008950000E+00  3.373490000E-02  3.333330000E-02  2.827178285E-02 -7.838947888E+02 
       292  1.008950000E+00  3.493980000E-02  3.333330000E-02  2.842763419E-02 -7.850404413E+02 
       293  1.008950000E+00  3.614460000E-02  3.333330000E-02  2.854090902E-02 -7.859925743E+02 
       294  9.355260000E-01  3.653300000E-02  3.333330000E-02  1.410770407E-02  7.017498756E+02 
       295  6.989630000E-01  3.673990000E-02  3.333330000E-02  4.300939412E-02  5.437012618E+02 
       296  5.488770000E-02  3.697740000E-02  3.333330000E-02  9.013120168E-03  9.900131777E+02 
       297  1.008950000E+00  3.734940000E-02  3.333330000E-02  2.861188276E-02 -7.867522678E+02 
       298  1.008950000E+00  3.855420000E-02  3.333330000E-02  2.864097494E-02 -7.873222956E+02 
       299  1.008950000E+00  3.975900000E-02  3.333330000E-02  2.862963306E-02 -7.877141156E+02 
       300  6.579970000E-01  4.059990000E-02  3.333330000E-02  4.586808183E-02  5.318909154E+02 
       301  1.008950000E+00  4.096390000E-02  3.333330000E-02  2.857967439E-02 -7.879348310E+02 
       302  1.008950000E+00  4.216870000E-02  3.333330000E-02  2.849229784E-02 -7.879911779E+02 
       303  1.008950000E+00  4.337350000E-02  3.333330000E-02  2.836889371E-02 -7.878943945E+02 
       304  8.351470000E-02  4.379180000E-02  3.333330000E-02  1.367818900E-02  9.668626076E+02 
       305  6.170090000E-01  4.421250000E-02  3.333330000E-02  4.773520999E-02  5.285869970E+02 
       306  1.008950000E+00  4.457830000E-02  3.333330000E-02  2.821041210E-02 -7.876459147E+02 
       307  1.008950000E+00  4.578310000E-02  3.333330000E-02  2.801764652E-02 -7.872516799E+02 
       308  1.008950000E+00  4.698800000E-02  3.333330000E-02  2.779180800E-02 -7.867219049E+02 
       309  5.759990000E-01  4.755650000E-02  3.333330000E-02  4.902593580E-02  5.316558553E+02 
       310  9.486220000E-01  4.791560000E-02  3.333330000E-02  2.950799521E-02  6.541520460E+02 
       311  1.008950000E+00  4.819280000E-02  3.333330000E-02  2.753423588E-02 -7.860648763E+02 
       312  1.008950000E+00  4.939760000E-02  3.333330000E-02  2.724613636E-02 -7.852858524E+02 
       313  1.241140000E-01  5.043730000E-02  3.333330000E-02  3.037008620E-02  8.997331925E+02 
       314  1.008950000E+00  5.060240000E-02  3.333330000E-02  2.692798264E-02 -7.843869168E+02 
       315  5.349650000E-01  5.060440000E-02  3.333330000E-02  4.999031455E-02  5.393474116E+02 
       316  1.008950000E+00  5.180720000E-02  3.333330000E-02  2.657970168E-02 -7.833721178E+02 
       317  1.008950000E+00  5.301200000E-02  3.333330000E-02  2.620125797E-02 -7.822477651E+02 
       318  4.939080000E-01  5.332060000E-02  3.333330000E-02  5.060863220E-02  5.512484312E+02 
       319  1.008950000E+00  5.421690000E-02  3.333330000E-02  2.579287335E-02 -7.810217061E+02 
       320  1.650180000E-01  5.486620000E-02  3.333330000E-02  4.044366204E-02  8.286960794E+02 
       321  1.008950000E+00  5.542170000E-02  3.333330000E-02  2.535496502E-02 -7.797025550E+02 
       322  4.528280000E-01  5.566140000E-02  3.333330000E-02  5.101565595E-02  5.672710571E+02 
       323  1.008950000E+00  5.662650000E-02  3.333330000E-02  2.488801257E-02 -7.782990553E+02 
       324  9.595320000E-01  5.737830000E-02  3.333330000E-02  4.206986480E-02  5.837342617E+02 
       325  4.117260000E-01  5.757270000E-02  3.333330000E-02  5.124333269E-02  5.873577531E+02 
       326  2.060650000E-01  5.771190000E-02  3.333330000E-02  4.584328295E-02  7.672775656E+02 
       327  1.008950000E+00  5.783130000E-02  3.333330000E-02  2.439247936E-02 -7.768197966E+02 
       328  3.706030000E-01  5.898830000E-02  3.333330000E-02  5.126498862E-02  6.117816091E+02 
       329  1.008950000E+00  5.903610000E-02  3.333330000E-02  2.386871519E-02 -7.752732971E+02 
       330  2.471780000E-01  5.933890000E-02  3.333330000E-02  4.866748313E-02  7.174836157E+02 
       331  3.294650000E-01  5.982680000E-02  3.333330000E-02  5.098361499E-02  6.409907246E+02 
       332  2.883190000E-01  5.998690000E-02  3.333330000E-02  5.022430229E-02  6.759006981E+02 
       333  1.008950000E+00  6.024100000E-02  3.333330000E-02  2.331687553E-02 -7.736677120E+02 
       334  1.008950000E+00  6.144580000E-02  3.333330000E-02  2.273696522E-02 -7.720104025E+02 
       335  1.008950000E+00  6.265060000E-02  3.333330000E-02  2.212889654E-02 -7.703082099E+02 
       336  1.008950000E+00  6.385540000E-02  3.333330000E-02  2.149251926E-02 -7.685673571E+02 
       337  1.008950000E+00  6.506020000E-02  3.333330000E-02  2.082752866E-02 -7.667930530E+02 
       338  9.686220000E-01  6.524760000E-02  3.333330000E-02  5.181098840E-02  5.082546719E+02 
       339  1.008950000E+00  6.626510000E-02  3.333330000E-02  2.013294922E-02 -7.649885310E+02 
       340  1.008950000E+00  6.746990000E-02  3.333330000E-02  1.940577440E-02 -7.631576899E+02 
       341  1.008950000E+00  6.867470000E-02  3.333330000E-02  1.864083997E-02 -7.614084819E+02 
       342  1.008950000E+00  6.987950000E-02  3.333330000E-02  1.783200381E-02 -7.597878095E+02 
       343  1.008950000E+00  7.108430000E-02  3.333330000E-02  1.697212846E-02 -7.582323376E+02 
       344  9.761960000E-01  7.179400000E-02  3.333330000E-02  5.973444808E-02  4.319471763E+02 
       345  1.008950000E+00  7.228920000E-02  3.333330000E-02  1.605501088E-02 -7.567491908E+02 
       346  1.008950000E+00  7.349400000E-02  3.333330000E-02  1.507589608E-02 -7.553670776E+02 
       347  1.008950000E+00  7.469880000E-02  3.333330000E-02  1.402978695E-02 -7.541164900E+02 
       348  1.008950000E+00  7.590360000E-02  3.333330000E-02  1.291205164E-02 -7.530200577E+02 
       349  1.008950000E+00  7.710840000E-02  3.333330000E-02  1.171944139E-02 -7.520888272E+02 
       350  9.825070000E-01  7.724120000E-02  3.333330000E-02  6.653319726E-02  3.549822969E+02 
       351  1.008950000E+00  7.831330000E-02  3.333330000E-02  1.045094316E-02 -7.513252977E+02 
       352  1.008950000E+00  7.951810000E-02  3.333330000E-02  9.108359947E-03 -7.507310342E+02 
       353  1.008950000E+00  8.072290000E-02  3.333330000E-02  7.696594199E-03 -7.503221249E+02 
       354  9.877650000E-01  8.177490000E-02  3.333330000E-02  7.265937966E-02  2.781965118E+02 
       355  1.008950000E+00  8.192770000E-02  3.333330000E-02  6.223123633E-03 -7.501320746E+02 
       356  1.008950000E+00  8.313250000E-02  3.333330000E-02  4.697482279E-03 -7.502193146E+02 
       357  1.008950000E+00  8.433730000E-02  3.333330000E-02  3.137600265E-03 -7.506868345E+02 
       358  1.008950000E+00  8.554220000E-02  3.333330000E-02  1.651509538E-03 -7.516243062E+02 
       359  9.921460000E-01  8.554900000E-02  3.333330000E-02  7.836233829E-02  2.014354213E+02 
       360  1.008950000E+00  8.674700000E-02  3.333330000E-02  1.191214009E-03 -7.530822475E+02 
       361  1.008950000E+00  8.795180000E-02  3.333330000E-02  2.264621487E-03 -7.551141017E+02 
       362  9.957970000E-01  8.869120000E-02  3.333330000E-02  8.380910561E-02  1.243620935E+02 
       363  1.008950000E+00  8.915660000E-02  3.333330000E-02  4.012515605E-03 -7.577831010E+02 
       364  1.008950000E+00  9.036140000E-02  3.333330000E-02  5.894143247E-03 -7.611716533E+02 
       365  9.988390000E-01  9.130770000E-02  3.333330000E-02  8.917161045E-02  4.639778314E+01 
       366  1.008950000E+00  9.156630000E-02  3.333330000E-02  7.885538411E-03 -7.654042077E+02 
       367  1.008950000E+00  9.277110000E-02  3.333330000E-02  1.001275279E-02 -7.706803356E+02 
       368  1.001370000E+00  9.348220000E-02  3.333330000E-02  9.441572697E-02 -3.346687593E+01 
       369  1.008950000E+00  9.397590000E-02  3.333330000E-02  1.233019757E-02 -7.773266971E+02 
       370  1.008950000E+00  9.518070000E-02  3.333330000E-02  1.493145227E-02 -7.856693684E+02 
       371  1.003480000E+00  9.528420000E-02  3.333330000E-02  9.942033897E-02 -1.136039697E+02 
       372  1.008950000E+00  9.638550000E-02  3.333330000E-02  1.783852177E-02 -7.969741185E+02 
       373  1.005240000E+00  9.678820000E-02  3.333330000E-02  1.044943610E-01 -1.950049298E+02 
       374  1.008950000E+00  9.759040000E-02  3.333330000E-02  2.130683715E-02 -8.068835356E+02 
       375  1.006710000E+00  9.804920000E-02  3.333330000E-02  1.096257324E-01 -2.838991688E+02 
       376  1.008950000E+00  9.879520000E-02  3.333330000E-02  2.323898705E-02 -8.527232455E+02 
       377  1.007930000E+00  9.910880000E-02  3.333330000E-02  1.172395697E-01 -3.497492897E+02 
       378  1.008950000E+00  1.000000000E-01  3.333330000E-02  7.278342412E-02 -6.319457631E+02 
       379  2.883190000E-01 -5.998690000E-02  6.666670000E-02  2.378425736E-02 -8.877289830E+02 
       380  3.294650000E-01 -5.982680000E-02  6.666670000E-02  2.260323610E-02 -8.798188989E+02 
       381  2.471780000E-01 -5.933890000E-02  6.666670000E-02  2.521840088E-02 -8.981862543E+02 
       382  3.706030000E-01 -5.898830000E-02  6.666670000E-02  2.178800324E-02 -8.744657030E+02 
       383  2.060650000E-01 -5.771190000E-02  6.666670000E-02  2.729117058E-02 -9.120866771E+02 
       384  4.117260000E-01 -5.757270000E-02  6.666670000E-02  2.138163630E-02 -8.709167526E+02 
       385  4.528280000E-01 -5.566140000E-02  6.666670000E-02  2.131973300E-02 -8.687005318E+02 
       386  1.650180000E-01 -5.486620000E-02  6.666670000E-02  3.051525296E-02 -9.343431930E+02 
       387  4.939080000E-01 -5.332060000E-02  6.666670000E-02  2.155251910E-02 -8.675202380E+02 
       388  5.349650000E-01 -5.060440000E-02  6.666670000E-02  2.208602535E-02 -8.672653087E+02 
       389  1.241140000E-01 -5.043730000E-02  6.666670000E-02  3.362047776E-02 -9.735944458E+02 
       390  5.759990000E-01 -4.755650000E-02  6.666670000E-02  2.287801501E-02 -8.679658431E+02 
       391  6.170090000E-01 -4.421250000E-02  6.666670000E-02  2.392468598E-02 -8.695594969E+02 
       392  8.351470000E-02 -4.379180000E-02  6.666670000E-02  3.247864444E-02 -1.045826045E+03 
       393  6.579970000E-01 -4.059990000E-02  6.666670000E-02  2.527153842E-02 -8.719255952E+02 
       394  5.488770000E-02 -3.697740000E-02  6.666670000E-02  1.692132391E-02 -1.165857899E+03 
       395  6.989630000E-01 -3.673990000E-02  6.666670000E-02  2.687661340E-02 -8.748610925E+02 
       396  7.399050000E-01 -3.264710000E-02  6.666670000E-02  2.867001275E-02 -8.779513377E+02 
       397  3.777470000E-02 -3.147510000E-02  6.666670000E-02  3.225970229E-02 -1.382687439E+03 
       398  7.808250000E-01 -2.833060000E-02  6.666670000E-02  3.055086421E-02 -8.805713567E+02 
       399  2.634450000E-02 -2.677890000E-02  6.666670000E-02  8.793355534E-02 -1.814043550E+03 
       400  8.159680000E-01 -2.444550000E-02  6.666670000E-02  3.218436673E-02 -8.815567968E+02 
       401  1.821900000E-02 -2.259850000E-02  6.666670000E-02  1.383679294E-01 -2.435965156E+03 
       402  8.510930000E-01 -2.039720000E-02  6.666670000E-02  3.357450770E-02 -8.801802314E+02 
       403  1.318260000E-02 -1.942040000E-02  6.666670000E-02  1.736020110E-01 -3.074782847E+03 
       404  8.782860000E-01 -1.714700000E-02  6.666670000E-02  3.440180317E-02 -8.763307954E+02 
       405  9.850590000E-03 -1.691540000E-02  6.666670000E-02  2.007078123E-01 -3.662288668E+03 
       406  7.411530000E-03 -1.476420000E-02  6.666670000E-02  2.242362248E-01 -4.185654505E+03 
       407  9.009380000E-01 -1.436040000E-02  6.666670000E-02  3.464081152E-02 -8.705264641E+02 
       408  5.510960000E-03 -1.280140000E-02  6.666670000E-02  2.428588304E-01 -4.580390024E+03 
       409  9.198070000E-01 -1.198220000E-02  6.666670000E-02  3.437244894E-02 -8.632540181E+02 
       410  3.983540000E-03 -1.093890000E-02  6.666670000E-02  2.551791039E-01 -4.873285790E+03 
       411  9.355260000E-01 -9.960600000E-03  6.666670000E-02  3.364191672E-02 -8.547808020E+02 
       412  2.745270000E-03 -9.124550000E-03  6.666670000E-02  2.641068804E-01 -5.119096533E+03 
       413  9.486220000E-01 -8.247430000E-03  6.666670000E-02  3.248151788E-02 -8.458075710E+02 
       414  1.752850000E-03 -7.324960000E-03  6.666670000E-02  2.709927404E-01 -5.289580376E+03 
       415  9.595320000E-01 -6.799650000E-03  6.666670000E-02  3.100848990E-02 -8.375043290E+02 
       416  9.686220000E-01 -5.578890000E-03  6.666670000E-02  2.931650352E-02 -8.301818935E+02 
       417  9.860190000E-04 -5.518970000E-03  6.666670000E-02  2.749065251E-01 -5.351272687E+03 
       418  9.761960000E-01 -4.551510000E-03  6.666670000E-02  2.735312719E-02 -8.235442786E+02 
       419  4.384000000E-04 -3.696570000E-03  6.666670000E-02  2.760081739E-01 -5.260106498E+03 
       420  9.825070000E-01 -3.688230000E-03  6.666670000E-02  2.505008926E-02 -8.178761946E+02 
       421  9.877650000E-01 -2.963870000E-03  6.666670000E-02  2.245878087E-02 -8.134325708E+02 
       422  9.921460000E-01 -2.356690000E-03  6.666670000E-02  1.975152434E-02 -8.104357448E+02 
       423  1.095110000E-04 -1.855900000E-03  6.666670000E-02  2.750143772E-01 -5.000994797E+03 
       424  9.957970000E-01 -1.848260000E-03  6.666670000E-02  1.712395237E-02 -8.090030533E+02 
       425  9.988390000E-01 -1.422790000E-03  6.666670000E-02  1.472622874E-02 -8.090517182E+02 
       426  1.001370000E+00 -1.062990000E-03  6.666670000E-02  1.274413068E-02 -8.105379870E+02 
       427  1.003480000E+00 -7.543150000E-04  6.666670000E-02  1.147696345E-02 -8.128780961E+02 
       428  1.005240000E+00 -4.991700000E-04  6.666670000E-02  1.126774057E-02 -8.154880640E+02 
       429  1.006710000E+00 -2.932730000E-04  6.666670000E-02  1.229289293E-02 -8.170870157E+02 
       430  1.007930000E+00 -1.294160000E-04  6.666670000E-02  1.560517334E-02 -8.320791273E+02 
       431  0.000000000E+00  0.000000000E+00  6.666670000E-02  2.708459908E-01 -4.633917933E+03 
       432  1.008950000E+00  0.000000000E+00  6.666670000E-02  2.086983085E-02 -7.873692172E+02 
       433  1.008950000E+00  1.204820000E-03  6.666670000E-02  2.163892556E-02 -7.316226737E+02 
       434  1.095110000E-04  1.855900000E-03  6.666670000E-02  2.613743051E-01 -4.212425891E+03 
       435  1.008950000E+00  2.409640000E-03  6.666670000E-02  1.890068545E-02 -7.325336578E+02 
       436  1.008950000E+00  3.614460000E-03  6.666670000E-02  1.764831679E-02 -7.295896786E+02 
       437  4.384000000E-04  3.696570000E-03  6.666670000E-02  2.474410152E-01 -3.690154613E+03 
       438  1.008950000E+00  4.819280000E-03  6.666670000E-02  1.695246461E-02 -7.296097922E+02 
       439  9.860190000E-04  5.518970000E-03  6.666670000E-02  2.309694292E-01 -3.077505020E+03 
       440  1.008950000E+00  6.024100000E-03  6.666670000E-02  1.678218318E-02 -7.302215599E+02 
       441  1.008950000E+00  7.228920000E-03  6.666670000E-02  1.691548471E-02 -7.314801262E+02 
       442  1.752850000E-03  7.324960000E-03  6.666670000E-02  2.127107976E-01 -2.453366299E+03 
       443  1.008950000E+00  8.433730000E-03  6.666670000E-02  1.726133601E-02 -7.332036239E+02 
       444  2.745270000E-03  9.124550000E-03  6.666670000E-02  1.929958145E-01 -1.840640997E+03 
       445  1.008950000E+00  9.638550000E-03  6.666670000E-02  1.775339375E-02 -7.352849911E+02 
       446  1.008950000E+00  1.084340000E-02  6.666670000E-02  1.834355368E-02 -7.376292771E+02 
       447  3.983540000E-03  1.093890000E-02  6.666670000E-02  1.726296532E-01 -1.258959346E+03 
       448  1.008950000E+00  1.204820000E-02  6.666670000E-02  1.899583961E-02 -7.401765817E+02 
       449  5.510960000E-03  1.280140000E-02  6.666670000E-02  1.530454242E-01 -7.638762552E+02 
       450  1.008950000E+00  1.325300000E-02  6.666670000E-02  1.968507796E-02 -7.428751948E+02 
       451  9.009380000E-01  1.436040000E-02  6.666670000E-02  5.400899526E-03  7.070150360E+02 
       452  1.008950000E+00  1.445780000E-02  6.666670000E-02  2.039238407E-02 -7.456831291E+02 
       453  7.411530000E-03  1.476420000E-02  6.666670000E-02  1.343208087E-01 -3.624793321E+02 
       454  1.008950000E+00  1.566270000E-02  6.666670000E-02  2.110334551E-02 -7.485635471E+02 
       455  1.008950000E+00  1.686750000E-02  6.666670000E-02  2.180674195E-02 -7.514830259E+02 
       456  9.850590000E-03  1.691540000E-02  6.666670000E-02  1.152493312E-01 -5.524579387E+00 
       457  8.782860000E-01  1.714700000E-02  6.666670000E-02  5.097071258E-03  6.985232660E+02 
       458  1.008950000E+00  1.807230000E-02  6.666670000E-02  2.249380344E-02 -7.544108402E+02 
       459  1.008950000E+00  1.927710000E-02  6.666670000E-02  2.315771060E-02 -7.573191149E+02 
       460  1.318260000E-02  1.942040000E-02  6.666670000E-02  9.448876290E-02  3.264009865E+02 
       461  8.510930000E-01  2.039720000E-02  6.666670000E-02  5.649524742E-03  6.798538218E+02 
       462  1.008950000E+00  2.048190000E-02  6.666670000E-02  2.379325147E-02 -7.601832812E+02 
       463  1.008950000E+00  2.168670000E-02  6.666670000E-02  2.439651806E-02 -7.629815272E+02 
       464  1.821900000E-02  2.259850000E-02  6.666670000E-02  7.131305035E-02  6.146401909E+02 
       465  9.198070000E-01  2.283540000E-02  6.666670000E-02  4.755257071E-03  7.137134467E+02 
       466  1.008950000E+00  2.289160000E-02  6.666670000E-02  2.496455423E-02 -7.656939304E+02 
       467  1.008950000E+00  2.409640000E-02  6.666670000E-02  2.549512204E-02 -7.683025427E+02 
       468  8.159680000E-01  2.444550000E-02  6.666670000E-02  1.658436022E-02  6.438238547E+02 
       469  1.008950000E+00  2.530120000E-02  6.666670000E-02  2.598665380E-02 -7.707919737E+02 
       470  1.008950000E+00  2.650600000E-02  6.666670000E-02  2.643819450E-02 -7.731497757E+02 
       471  2.634450000E-02  2.677890000E-02  6.666670000E-02  4.699560969E-02  8.264726435E+02 
       472  1.008950000E+00  2.771080000E-02  6.666670000E-02  2.684923422E-02 -7.753655568E+02 
       473  7.808250000E-01  2.833060000E-02  6.666670000E-02  2.982762633E-02  6.032308354E+02 
       474  1.008950000E+00  2.891570000E-02  6.666670000E-02  2.721929827E-02 -7.774278992E+02 
       475  1.008950000E+00  3.012050000E-02  6.666670000E-02  2.754734073E-02 -7.793210576E+02 
       476  1.008950000E+00  3.132530000E-02  6.666670000E-02  2.783222066E-02 -7.810324674E+02 
       477  3.777470000E-02  3.147510000E-02  6.666670000E-02  2.390500207E-02  9.474393242E+02 
       478  1.008950000E+00  3.253010000E-02  6.666670000E-02  2.807372180E-02 -7.825578863E+02 
       479  7.399050000E-01  3.264710000E-02  6.666670000E-02  3.839215611E-02  5.667033774E+02 
       480  1.008950000E+00  3.373490000E-02  6.666670000E-02  2.827227278E-02 -7.838951856E+02 
       481  1.008950000E+00  3.493980000E-02  6.666670000E-02  2.842815656E-02 -7.850410119E+02 
       482  1.008950000E+00  3.614460000E-02  6.666670000E-02  2.854146182E-02 -7.859932240E+02 
       483  9.355260000E-01  3.653300000E-02  6.666670000E-02  1.410769878E-02  7.017499643E+02 
       484  6.989630000E-01  3.673990000E-02  6.666670000E-02  4.300939964E-02  5.437012692E+02 
       485  5.488770000E-02  3.697740000E-02  6.666670000E-02  9.013119586E-03  9.900131784E+02 
       486  1.008950000E+00  3.734940000E-02  6.666670000E-02  2.861244649E-02 -7.867528923E+02 
       487  1.008950000E+00  3.855420000E-02  6.666670000E-02  2.864152923E-02 -7.873228055E+02 
       488  1.008950000E+00  3.975900000E-02  6.666670000E-02  2.863017248E-02 -7.877145697E+02 
       489  6.579970000E-01  4.059990000E-02  6.666670000E-02  4.586808715E-02  5.318909243E+02 
       490  1.008950000E+00  4.096390000E-02  6.666670000E-02  2.858021459E-02 -7.879353998E+02 
       491  1.008950000E+00  4.216870000E-02  6.666670000E-02  2.849285130E-02 -7.879918449E+02 
       492  1.008950000E+00  4.337350000E-02  6.666670000E-02  2.836945813E-02 -7.878951156E+02 
       493  8.351470000E-02  4.379180000E-02  6.666670000E-02  1.367818906E-02  9.668626089E+02 
       494  6.170090000E-01  4.421250000E-02  6.666670000E-02  4.773521537E-02  5.285870070E+02 
       495  1.008950000E+00  4.457830000E-02  6.666670000E-02  2.821098219E-02 -7.876466699E+02 
       496  1.008950000E+00  4.578310000E-02  6.666670000E-02  2.801821806E-02 -7.872524499E+02 
       497  1.008950000E+00  4.698800000E-02  6.666670000E-02  2.779237751E-02 -7.867226776E+02 
       498  5.759990000E-01  4.755650000E-02  6.666670000E-02  4.902594113E-02  5.316558656E+02 
       499  9.486220000E-01  4.791560000E-02  6.666670000E-02  2.950799513E-02  6.541521482E+02 
       500  1.008950000E+00  4.819280000E-02  6.666670000E-02  2.753480085E-02 -7.860656441E+02 
       501  1.008950000E+00  4.939760000E-02  6.666670000E-02  2.724669480E-02 -7.852866068E+02 
       502  1.241140000E-01  5.043730000E-02  6.666670000E-02  3.037008584E-02  8.997331976E+02 
       503  1.008950000E+00  5.060240000E-02  6.666670000E-02  2.692853248E-02 -7.843876492E+02 
       504  5.349650000E-01  5.060440000E-02  6.666670000E-02  4.999031956E-02  5.393474223E+02 
       505  1.008950000E+00  5.180720000E-02  6.666670000E-02  2.658024120E-02 -7.833728237E+02 
       506  1.008950000E+00  5.301200000E-02  6.666670000E-02  2.620178605E-02 -7.822484408E+02 
       507  4.939080000E-01  5.332060000E-02  6.666670000E-02  5.060863669E-02  5.512484422E+02 
       508  1.008950000E+00  5.421690000E-02  6.666670000E-02  2.579338934E-02 -7.810223486E+02 
       509  1.650180000E-01  5.486620000E-02  6.666670000E-02  4.044366179E-02  8.286960874E+02 
       510  1.008950000E+00  5.542170000E-02  6.666670000E-02  2.535546863E-02 -7.797031613E+02 
       511  4.528280000E-01  5.566140000E-02  6.666670000E-02  5.101565978E-02  5.672710677E+02 
       512  1.008950000E+00  5.662650000E-02  6.666670000E-02  2.488850370E-02 -7.782996231E+02 
       513  9.595320000E-01  5.737830000E-02  6.666670000E-02  4.206986931E-02  5.837343471E+02 
       514  4.117260000E-01  5.757270000E-02  6.666670000E-02  5.124333587E-02  5.873577634E+02 
       515  2.060650000E-01  5.771190000E-02  6.666670000E-02  4.584328310E-02  7.672775750E+02 
       516  1.008950000E+00  5.783130000E-02  6.666670000E-02  2.439295748E-02 -7.768203184E+02 
       517  3.706030000E-01  5.898830000E-02  6.666670000E-02  5.126499115E-02  6.117816193E+02 
       518  1.008950000E+00  5.903610000E-02  6.666670000E-02  2.386917900E-02 -7.752737641E+02 
       519  2.471780000E-01  5.933890000E-02  6.666670000E-02  4.866748378E-02  7.174836263E+02 
       520  3.294650000E-01  5.982680000E-02  6.666670000E-02  5.098361687E-02  6.409907351E+02 
       521  2.883190000E-01  5.998690000E-02  6.666670000E-02  5.022430354E-02  6.759007090E+02 
       522  1.008950000E+00  6.024100000E-02  6.666670000E-02  2.331732351E-02 -7.736681202E+02 
       523  1.008950000E+00  6.144580000E-02  6.666670000E-02  2.273739605E-02 -7.720107502E+02 
       524  1.008950000E+00  6.265060000E-02  6.666670000E-02  2.212930910E-02 -7.703084973E+02 
       525  1.008950000E+00  6.385540000E-02  6.666670000E-02  2.149291254E-02 -7.685675857E+02 
       526  1.008950000E+00  6.506020000E-02  6.666670000E-02  2.082790176E-02 -7.667932217E+02 
       527  9.686220000E-01  6.524760000E-02  6.666670000E-02  5.181099390E-02  5.082547450E+02 
       528  1.008950000E+00  6.626510000E-02  6.666670000E-02  2.013330314E-02 -7.649886435E+02 
       529  1.008950000E+00  6.746990000E-02  6.666670000E-02  1.940610996E-02 -7.631577355E+02 
       530  1.008950000E+00  6.867470000E-02  6.666670000E-02  1.864115898E-02 -7.614083004E+02 
       531  1.008950000E+00  6.987950000E-02  6.666670000E-02  1.783231164E-02 -7.597874179E+02 
       532  1.008950000E+00  7.108430000E-02  6.666670000E-02  1.697242746E-02 -7.582319067E+02 
       533  9.761960000E-01  7.179400000E-02  6.666670000E-02  5.973445292E-02  4.319472467E+02 
       534  1.008950000E+00  7.228920000E-02  6.666670000E-02  1.605529850E-02 -7.567487240E+02 
       535  1.008950000E+00  7.349400000E-02  6.666670000E-02  1.507616892E-02 -7.553665646E+02 
       536  1.008950000E+00  7.469880000E-02  6.666670000E-02  1.403004246E-02 -7.541159257E+02 
       537  1.008950000E+00  7.590360000E-02  6.666670000E-02  1.291228805E-02 -7.530194412E+02 
       538  1.008950000E+00  7.710840000E-02  6.666670000E-02  1.171965737E-02 -7.520881618E+02 
       539  9.825070000E-01  7.724120000E-02  6.666670000E-02  6.653320103E-02  3.549823701E+02 
       540  1.008950000E+00  7.831330000E-02  6.666670000E-02  1.045113750E-02 -7.513245903E+02 
       541  1.008950000E+00  7.951810000E-02  6.666670000E-02  9.108530526E-03 -7.507302838E+02 
       542  1.008950000E+00  8.072290000E-02  6.666670000E-02  7.696740143E-03 -7.503213601E+02 
       543  9.877650000E-01  8.177490000E-02  6.666670000E-02  7.265938221E-02  2.781965916E+02 
       544  1.008950000E+00  8.192770000E-02  6.666670000E-02  6.223246453E-03 -7.501313052E+02 
       545  1.008950000E+00  8.313250000E-02  6.666670000E-02  4.697581115E-03 -7.502185133E+02 
       546  1.008950000E+00  8.433730000E-02  6.666670000E-02  3.137673867E-03 -7.506860170E+02 
       547  1.008950000E+00  8.554220000E-02  6.666670000E-02  1.651555002E-03 -7.516234865E+02 
       548  9.921460000E-01  8.554900000E-02  6.666670000E-02  7.836233948E-02  2.014355119E+02 
       549  1.008950000E+00  8.674700000E-02  6.666670000E-02  1.191218683E-03 -7.530814271E+02 
       550  1.008950000E+00  8.795180000E-02  6.666670000E-02  2.264604302E-03 -7.551132895E+02 
       551  9.957970000E-01  8.869120000E-02  6.666670000E-02  8.380910529E-02  1.243622001E+02 
       552  1.008950000E+00  8.915660000E-02  6.666670000E-02  4.012505851E-03 -7.577823007E+02 
       553  1.008950000E+00  9.036140000E-02  6.666670000E-02  5.894141087E-03 -7.611708668E+02 
       554  9.988390000E-01  9.130770000E-02  6.666670000E-02  8.917160847E-02  4.639791185E+01 
       555  1.008950000E+00  9.156630000E-02  6.666670000E-02  7.885541617E-03 -7.654034332E+02 
       556  1.008950000E+00  9.277110000E-02  6.666670000E-02  1.001275889E-02 -7.706795683E+02 
       557  1.001370000E+00  9.348220000E-02  6.666670000E-02  9.441572305E-02 -3.346671883E+01 
       558  1.008950000E+00  9.397590000E-02  6.666670000E-02  1.233020421E-02 -7.773259299E+02 
       559  1.008950000E+00  9.518070000E-02  6.666670000E-02  1.493145759E-02 -7.856685924E+02 
       560  1.003480000E+00  9.528420000E-02  6.666670000E-02  9.942033271E-02 -1.136037742E+02 
       561  1.008950000E+00  9.638550000E-02  6.666670000E-02  1.783852443E-02 -7.969733216E+02 
       562  1.005240000E+00  9.678820000E-02  6.666670000E-02  1.044943517E-01 -1.950046850E+02 
       563  1.008950000E+00  9.759040000E-02  6.666670000E-02  2.130683701E-02 -8.068827162E+02 
       564  1.006710000E+00  9.804920000E-02  6.666670000E-02  1.096257198E-01 -2.838988561E+02 
       565  1.008950000E+00  9.879520000E-02  6.666670000E-02  2.323898230E-02 -8.527222966E+02 
       566  1.007930000E+00  9.910880000E-02  6.666670000E-02  1.172395527E-01 -3.497489259E+02 
       567  1.008950000E+00  1.000000000E-01  6.666670000E-02  7.278341017E-02 -6.319450412E+02 
       568  2.883190000E-01 -5.998690000E-02  1.000000000E-01  2.378412590E-02 -8.877289685E+02 
       569  3.294650000E-01 -5.982680000E-02  1.000000000E-01  2.260303736E-02 -8.798188822E+02 
       570  2.471780000E-01 -5.933890000E-02  1.000000000E-01  2.521832641E-02 -8.981862478E+02 
       571  3.706030000E-01 -5.898830000E-02  1.000000000E-01  2.178772589E-02 -8.744657041E+02 
       572  2.060650000E-01 -5.771190000E-02  1.000000000E-01  2.729112237E-02 -9.120867075E+02 
       573  4.117260000E-01 -5.757270000E-02  1.000000000E-01  2.138125875E-02 -8.709167880E+02 
       574  4.528280000E-01 -5.566140000E-02  1.000000000E-01  2.131922377E-02 -8.687006009E+02 
       575  1.650180000E-01 -5.486620000E-02  1.000000000E-01  3.051517291E-02 -9.343430914E+02 
       576  4.939080000E-01 -5.332060000E-02  1.000000000E-01  2.155184741E-02 -8.675203262E+02 
       577  5.349650000E-01 -5.060440000E-02  1.000000000E-01  2.208516454E-02 -8.672654078E+02 
       578  1.241140000E-01 -5.043730000E-02  1.000000000E-01  3.362036293E-02 -9.735941904E+02 
       579  5.759990000E-01 -4.755650000E-02  1.000000000E-01  2.287693433E-02 -8.679659597E+02 
       580  6.170090000E-01 -4.421250000E-02  1.000000000E-01  2.392334756E-02 -8.695596336E+02 
       581  8.351470000E-02 -4.379180000E-02  1.000000000E-01  3.247862244E-02 -1.045824457E+03 
       582  6.579970000E-01 -4.059990000E-02  1.000000000E-01  2.526991816E-02 -8.719257586E+02 
       583  5.488770000E-02 -3.697740000E-02  1.000000000E-01  1.692198134E-02 -1.165854040E+03 
       584  6.989630000E-01 -3.673990000E-02  1.000000000E-01  2.687472318E-02 -8.748612357E+02 
       585  7.399050000E-01 -3.264710000E-02  1.000000000E-01  2.866792078E-02 -8.779514641E+02 
       586  3.777470000E-02 -3.147510000E-02  1.000000000E-01  3.225865073E-02 -1.382681958E+03 
       587  7.808250000E-01 -2.833060000E-02  1.000000000E-01  3.054864331E-02 -8.805715895E+02 
       588  2.634450000E-02 -2.677890000E-02  1.000000000E-01  8.793304646E-02 -1.814038497E+03 
       589  8.159680000E-01 -2.444550000E-02  1.000000000E-01  3.218205241E-02 -8.815572131E+02 
       590  1.821900000E-02 -2.259850000E-02  1.000000000E-01  1.383676254E-01 -2.435960212E+03 
       591  8.510930000E-01 -2.039720000E-02  1.000000000E-01  3.357187978E-02 -8.801798052E+02 
       592  1.318260000E-02 -1.942040000E-02  1.000000000E-01  1.736014684E-01 -3.074771596E+03 
       593  8.782860000E-01 -1.714700000E-02  1.000000000E-01  3.439892211E-02 -8.763313081E+02 
       594  9.850590000E-03 -1.691540000E-02  1.000000000E-01  2.007071376E-01 -3.662273350E+03 
       595  7.411530000E-03 -1.476420000E-02  1.000000000E-01  2.242356005E-01 -4.185641071E+03 
       596  9.009380000E-01 -1.436040000E-02  1.000000000E-01  3.463790739E-02 -8.705269619E+02 
       597  5.510960000E-03 -1.280140000E-02  1.000000000E-01  2.428584578E-01 -4.580382691E+03 
       598  9.198070000E-01 -1.198220000E-02  1.000000000E-01  3.436957528E-02 -8.632534021E+02 
       599  3.983540000E-03 -1.093890000E-02  1.000000000E-01  2.551789108E-01 -4.873280137E+03 
       600  9.355260000E-01 -9.960600000E-03  1.000000000E-01  3.363923819E-02 -8.547805063E+02 
       601  2.745270000E-03 -9.124550000E-03  1.000000000E-01  2.641067564E-01 -5.119093442E+03 
       602  9.486220000E-01 -8.247430000E-03  1.000000000E-01  3.247934381E-02 -8.458068461E+02 
       603  1.752850000E-03 -7.324960000E-03  1.000000000E-01  2.709926883E-01 -5.289579248E+03 
       604  9.595320000E-01 -6.799650000E-03  1.000000000E-01  3.100718100E-02 -8.375027926E+02 
       605  9.686220000E-01 -5.578890000E-03  1.000000000E-01  2.931666771E-02 -8.301790737E+02 
       606  9.860190000E-04 -5.518970000E-03  1.000000000E-01  2.749065173E-01 -5.351272963E+03 
       607  9.761960000E-01 -4.551510000E-03  1.000000000E-01  2.735557495E-02 -8.235397849E+02 
       608  4.384000000E-04 -3.696570000E-03  1.000000000E-01  2.760081805E-01 -5.260107261E+03 
       609  9.825070000E-01 -3.688230000E-03  1.000000000E-01  2.505535431E-02 -8.178691675E+02 
       610  9.877650000E-01 -2.963870000E-03  1.000000000E-01  2.246675368E-02 -8.134219264E+02 
       611  9.921460000E-01 -2.356690000E-03  1.000000000E-01  1.976197328E-02 -8.104201945E+02 
       612  1.095110000E-04 -1.855900000E-03  1.000000000E-01  2.750143852E-01 -5.000995304E+03 
       613  9.957970000E-01 -1.848260000E-03  1.000000000E-01  1.713713309E-02 -8.089805159E+02 
       614  9.988390000E-01 -1.422790000E-03  1.000000000E-01  1.474208423E-02 -8.090167265E+02 
       615  1.001370000E+00 -1.062990000E-03  1.000000000E-01  1.276145920E-02 -8.104887868E+02 
       616  1.003480000E+00 -7.543150000E-04  1.000000000E-01  1.149383794E-02 -8.128198203E+02 
       617  1.005240000E+00 -4.991700000E-04  1.000000000E-01  1.128141383E-02 -8.154236604E+02 
       618  1.006710000E+00 -2.932730000E-04  1.000000000E-01  1.230027320E-02 -8.170166921E+02 
       619  1.007930000E+00 -1.294160000E-04  1.000000000E-01  1.560153514E-02 -8.320119439E+02 
       620  0.000000000E+00  0.000000000E+00  1.000000000E-01  2.708459959E-01 -4.633918054E+03 
       621  1.008950000E+00  0.000000000E+00  1.000000000E-01  2.176455370E-02 -7.861488227E+02 
       622  1.008950000E+00  1.204820000E-03  1.000000000E-01  2.159208394E-02 -7.316832762E+02 
       623  1.095110000E-04  1.855900000E-03  1.000000000E-01  2.613742957E-01 -4.212425531E+03 
       624  1.008950000E+00  2.409640000E-03  1.000000000E-01  1.885834417E-02 -7.324956199E+02 
       625  1.008950000E+00  3.614460000E-03  1.000000000E-01  1.760993462E-02 -7.295711990E+02 
       626  4.384000000E-04  3.696570000E-03  1.000000000E-01  2.474409699E-01 -3.690152824E+03 
       627  1.008950000E+00  4.819280000E-03  1.000000000E-01  1.692001836E-02 -7.296013757E+02 
       628  9.860190000E-04  5.518970000E-03  1.000000000E-01  2.309693197E-01 -3.077501061E+03 
       629  1.008950000E+00  6.024100000E-03  1.000000000E-01  1.675381548E-02 -7.302196625E+02 
       630  1.008950000E+00  7.228920000E-03  1.000000000E-01  1.688993901E-02 -7.314833516E+02 
       631  1.752850000E-03  7.324960000E-03  1.000000000E-01  2.127105949E-01 -2.453359681E+03 
       632  1.008950000E+00  8.433730000E-03  1.000000000E-01  1.723782862E-02 -7.332098711E+02 
       633  2.745270000E-03  9.124550000E-03  1.000000000E-01  1.929954838E-01 -1.840631161E+03 
       634  1.008950000E+00  9.638550000E-03  1.000000000E-01  1.773133034E-02 -7.352927461E+02 
       635  1.008950000E+00  1.084340000E-02  1.000000000E-01  1.832254751E-02 -7.376377403E+02 
       636  3.983540000E-03  1.093890000E-02  1.000000000E-01  1.726292135E-01 -1.258947279E+03 
       637  1.008950000E+00  1.204820000E-02  1.000000000E-01  1.897566755E-02 -7.401852031E+02 
       638  5.510960000E-03  1.280140000E-02  1.000000000E-01  1.530449253E-01 -7.638647730E+02 
       639  1.008950000E+00  1.325300000E-02  1.000000000E-01  1.966559212E-02 -7.428836743E+02 
       640  9.009380000E-01  1.436040000E-02  1.000000000E-01  5.403834055E-03  7.070078701E+02 
       641  1.008950000E+00  1.445780000E-02  1.000000000E-01  2.037348021E-02 -7.456913053E+02 
       642  7.411530000E-03  1.476420000E-02  1.000000000E-01  1.343202732E-01 -3.624687155E+02 
       643  1.008950000E+00  1.566270000E-02  1.000000000E-01  2.108494389E-02 -7.485713413E+02 
       644  1.008950000E+00  1.686750000E-02  1.000000000E-01  2.178877722E-02 -7.514904057E+02 
       645  9.850590000E-03  1.691540000E-02  1.000000000E-01  1.152487872E-01 -5.514973087E+00 
       646  8.782860000E-01  1.714700000E-02  1.000000000E-01  5.097037290E-03  6.985232009E+02 
       647  1.008950000E+00  1.807230000E-02  1.000000000E-01  2.247621903E-02 -7.544177973E+02 
       648  1.008950000E+00  1.927710000E-02  1.000000000E-01  2.314045557E-02 -7.573256453E+02 
       649  1.318260000E-02  1.942040000E-02  1.000000000E-01  9.448834257E-02  3.264070716E+02 
       650  8.510930000E-01  2.039720000E-02  1.000000000E-01  5.649584038E-03  6.798535105E+02 
       651  1.008950000E+00  2.048190000E-02  1.000000000E-01  2.377627921E-02 -7.601893813E+02 
       652  1.008950000E+00  2.168670000E-02  1.000000000E-01  2.437978667E-02 -7.629872010E+02 
       653  1.821900000E-02  2.259850000E-02  1.000000000E-01  7.131284827E-02  6.146423258E+02 
       654  9.198070000E-01  2.283540000E-02  1.000000000E-01  4.751252782E-03  7.136996954E+02 
       655  1.008950000E+00  2.289160000E-02  1.000000000E-01  2.494802667E-02 -7.656991883E+02 
       656  1.008950000E+00  2.409640000E-02  1.000000000E-01  2.547876581E-02 -7.683074006E+02 
       657  8.159680000E-01  2.444550000E-02  1.000000000E-01  1.658437076E-02  6.438238546E+02 
       658  1.008950000E+00  2.530120000E-02  1.000000000E-01  2.597044084E-02 -7.707964544E+02 
       659  1.008950000E+00  2.650600000E-02  1.000000000E-01  2.642210061E-02 -7.731539066E+02 
       660  2.634450000E-02  2.677890000E-02  1.000000000E-01  4.699537724E-02  8.264742132E+02 
       661  1.008950000E+00  2.771080000E-02  1.000000000E-01  2.683323765E-02 -7.753693646E+02 
       662  7.808250000E-01  2.833060000E-02  1.000000000E-01  2.982770364E-02  6.032305701E+02 
       663  1.008950000E+00  2.891570000E-02  1.000000000E-01  2.720337679E-02 -7.774313821E+02 
       664  1.008950000E+00  3.012050000E-02  1.000000000E-01  2.753147054E-02 -7.793241801E+02 
       665  1.008950000E+00  3.132530000E-02  1.000000000E-01  2.781638074E-02 -7.810352388E+02 
       666  3.777470000E-02  3.147510000E-02  1.000000000E-01  2.390454007E-02  9.474409509E+02 
       667  1.008950000E+00  3.253010000E-02  1.000000000E-01  2.805788978E-02 -7.825603011E+02 
       668  7.399050000E-01  3.264710000E-02  1.000000000E-01  3.839216091E-02  5.667033896E+02 
       669  1.008950000E+00  3.373490000E-02  1.000000000E-01  2.825638760E-02 -7.838969092E+02 
       670  1.008950000E+00  3.493980000E-02  1.000000000E-01  2.841202165E-02 -7.850406804E+02 
       671  1.008950000E+00  3.614460000E-02  1.000000000E-01  2.852491183E-02 -7.859907538E+02 
       672  9.355260000E-01  3.653300000E-02  1.000000000E-01  1.406426395E-02  7.018266323E+02 
       673  6.989630000E-01  3.673990000E-02  1.000000000E-01  4.300940767E-02  5.437012655E+02 
       674  5.488770000E-02  3.697740000E-02  1.000000000E-01  9.012909142E-03  9.900133022E+02 
       675  1.008950000E+00  3.734940000E-02  1.000000000E-01  2.859590364E-02 -7.867530083E+02 
       676  1.008950000E+00  3.855420000E-02  1.000000000E-01  2.862554767E-02 -7.873266710E+02 
       677  1.008950000E+00  3.975900000E-02  1.000000000E-01  2.861455466E-02 -7.877181115E+02 
       678  6.579970000E-01  4.059990000E-02  1.000000000E-01  4.586809241E-02  5.318909355E+02 
       679  1.008950000E+00  4.096390000E-02  1.000000000E-01  2.856451526E-02 -7.879377770E+02 
       680  1.008950000E+00  4.216870000E-02  1.000000000E-01  2.847696573E-02 -7.879938123E+02 
       681  1.008950000E+00  4.337350000E-02  1.000000000E-01  2.835343203E-02 -7.878968910E+02 
       682  8.351470000E-02  4.379180000E-02  1.000000000E-01  1.367859450E-02  9.668614164E+02 
       683  6.170090000E-01  4.421250000E-02  1.000000000E-01  4.773522064E-02  5.285870191E+02 
       684  1.008950000E+00  4.457830000E-02  1.000000000E-01  2.819484824E-02 -7.876484794E+02 
       685  1.008950000E+00  4.578310000E-02  1.000000000E-01  2.800200077E-02 -7.872544774E+02 
       686  1.008950000E+00  4.698800000E-02  1.000000000E-01  2.777609249E-02 -7.867250450E+02 
       687  5.759990000E-01  4.755650000E-02  1.000000000E-01  4.902594596E-02  5.316558748E+02 
       688  9.486220000E-01  4.791560000E-02  1.000000000E-01  2.947371658E-02  6.543087959E+02 
       689  1.008950000E+00  4.819280000E-02  1.000000000E-01  2.751845307E-02 -7.860684164E+02 
       690  1.008950000E+00  4.939760000E-02  1.000000000E-01  2.723028165E-02 -7.852898396E+02 
       691  1.241140000E-01  5.043730000E-02  1.000000000E-01  3.037015957E-02  8.997327890E+02 
       692  1.008950000E+00  5.060240000E-02  1.000000000E-01  2.691204794E-02 -7.843913793E+02 
       693  5.349650000E-01  5.060440000E-02  1.000000000E-01  4.999032441E-02  5.393474292E+02 
       694  1.008950000E+00  5.180720000E-02  1.000000000E-01  2.656367272E-02 -7.833770446E+02 
       695  1.008950000E+00  5.301200000E-02  1.000000000E-01  2.618511313E-02 -7.822531462E+02 
       696  4.939080000E-01  5.332060000E-02  1.000000000E-01  5.060864145E-02  5.512484522E+02 
       697  1.008950000E+00  5.421690000E-02  1.000000000E-01  2.577658693E-02 -7.810275483E+02 
       698  1.650180000E-01  5.486620000E-02  1.000000000E-01  4.044369379E-02  8.286958026E+02 
       699  1.008950000E+00  5.542170000E-02  1.000000000E-01  2.533850954E-02 -7.797088786E+02 
       700  4.528280000E-01  5.566140000E-02  1.000000000E-01  5.101566371E-02  5.672710573E+02 
       701  1.008950000E+00  5.662650000E-02  1.000000000E-01  2.487136031E-02 -7.783058829E+02 
       702  9.595320000E-01  5.737830000E-02  1.000000000E-01  4.204674229E-02  5.838948722E+02 
       703  4.117260000E-01  5.757270000E-02  1.000000000E-01  5.124333953E-02  5.873577465E+02 
       704  2.060650000E-01  5.771190000E-02  1.000000000E-01  4.584329184E-02  7.672774727E+02 
       705  1.008950000E+00  5.783130000E-02  1.000000000E-01  2.437560938E-02 -7.768272422E+02 
       706  3.706030000E-01  5.898830000E-02  1.000000000E-01  5.126499456E-02  6.117816171E+02 
       707  1.008950000E+00  5.903610000E-02  1.000000000E-01  2.385161711E-02 -7.752815011E+02 
       708  2.471780000E-01  5.933890000E-02  1.000000000E-01  4.866748936E-02  7.174835565E+02 
       709  3.294650000E-01  5.982680000E-02  1.000000000E-01  5.098361940E-02  6.409907701E+02 
       710  2.883190000E-01  5.998690000E-02  1.000000000E-01  5.022430653E-02  6.759006988E+02 
       711  1.008950000E+00  6.024100000E-02  1.000000000E-01  2.329954152E-02 -7.736767418E+02 
       712  1.008950000E+00  6.144580000E-02  1.000000000E-01  2.271938582E-02 -7.720203102E+02 
       713  1.008950000E+00  6.265060000E-02  1.000000000E-01  2.211106261E-02 -7.703190288E+02 
       714  1.008950000E+00  6.385540000E-02  1.000000000E-01  2.147442228E-02 -7.685790972E+02 
       715  1.008950000E+00  6.506020000E-02  1.000000000E-01  2.080915468E-02 -7.668057637E+02 
       716  9.686220000E-01  6.524760000E-02  1.000000000E-01  5.179493921E-02  5.083954204E+02 
       717  1.008950000E+00  6.626510000E-02  1.000000000E-01  2.011422403E-02 -7.650021326E+02 
       718  1.008950000E+00  6.746990000E-02  1.000000000E-01  1.938660738E-02 -7.631725238E+02 
       719  1.008950000E+00  6.867470000E-02  1.000000000E-01  1.862108237E-02 -7.614293704E+02 
       720  1.008950000E+00  6.987950000E-02  1.000000000E-01  1.781138282E-02 -7.598150225E+02 
       721  1.008950000E+00  7.108430000E-02  1.000000000E-01  1.695042886E-02 -7.582617942E+02 
       722  9.761960000E-01  7.179400000E-02  1.000000000E-01  5.972285330E-02  4.320710673E+02 
       723  1.008950000E+00  7.228920000E-02  1.000000000E-01  1.603212474E-02 -7.567813701E+02 
       724  1.008950000E+00  7.349400000E-02  1.000000000E-01  1.505172015E-02 -7.554028604E+02 
       725  1.008950000E+00  7.469880000E-02  1.000000000E-01  1.400419032E-02 -7.541565723E+02 
       726  1.008950000E+00  7.590360000E-02  1.000000000E-01  1.288489813E-02 -7.530648407E+02 
       727  1.008950000E+00  7.710840000E-02  1.000000000E-01  1.169062080E-02 -7.521383521E+02 
       728  9.825070000E-01  7.724120000E-02  1.000000000E-01  6.652439018E-02  3.550885990E+02 
       729  1.008950000E+00  7.831330000E-02  1.000000000E-01  1.042040561E-02 -7.513794233E+02 
       730  1.008950000E+00  7.951810000E-02  1.000000000E-01  9.076133823E-03 -7.507895548E+02 
       731  1.008950000E+00  8.072290000E-02  1.000000000E-01  7.662858397E-03 -7.503858529E+02 
       732  9.877650000E-01  8.177490000E-02  1.000000000E-01  7.265239453E-02  2.782877563E+02 
       733  1.008950000E+00  8.192770000E-02  1.000000000E-01  6.188002364E-03 -7.502006380E+02 
       734  1.008950000E+00  8.313250000E-02  1.000000000E-01  4.660983532E-03 -7.502959934E+02 
       735  1.008950000E+00  8.433730000E-02  1.000000000E-01  3.100267920E-03 -7.507751109E+02 
       736  1.008950000E+00  8.554220000E-02  1.000000000E-01  1.620941233E-03 -7.517247423E+02 
       737  9.921460000E-01  8.554900000E-02  1.000000000E-01  7.835659846E-02  2.015150713E+02 
       738  1.008950000E+00  8.674700000E-02  1.000000000E-01  1.198418816E-03 -7.531974310E+02 
       739  1.008950000E+00  8.795180000E-02  1.000000000E-01  2.307206907E-03 -7.552462169E+02 
       740  9.957970000E-01  8.869120000E-02  1.000000000E-01  8.380416105E-02  1.244332805E+02 
       741  1.008950000E+00  8.915660000E-02  1.000000000E-01  4.061983295E-03 -7.579350763E+02 
       742  1.008950000E+00  9.036140000E-02  1.000000000E-01  5.948241807E-03 -7.613467295E+02 
       743  9.988390000E-01  9.130770000E-02  1.000000000E-01  8.916711901E-02  4.646410069E+01 
       744  1.008950000E+00  9.156630000E-02  1.000000000E-01  7.944270678E-03 -7.656063162E+02 
       745  1.008950000E+00  9.277110000E-02  1.000000000E-01  1.007609405E-02 -7.709136687E+02 
       746  1.001370000E+00  9.348220000E-02  1.000000000E-01  9.441162356E-02 -3.340208107E+01 
       747  1.008950000E+00  9.397590000E-02  1.000000000E-01  1.239752298E-02 -7.775940833E+02 
       748  1.008950000E+00  9.518070000E-02  1.000000000E-01  1.500080182E-02 -7.859689073E+02 
       749  1.003480000E+00  9.528420000E-02  1.000000000E-01  9.941630064E-02 -1.135388446E+02 
       750  1.008950000E+00  9.638550000E-02  1.000000000E-01  1.790485477E-02 -7.972955976E+02 
       751  1.005240000E+00  9.678820000E-02  1.000000000E-01  1.044897560E-01 -1.949311755E+02 
       752  1.008950000E+00  9.759040000E-02  1.000000000E-01  2.136187944E-02 -8.071870131E+02 
       753  1.006710000E+00  9.804920000E-02  1.000000000E-01  1.096204329E-01 -2.838085421E+02 
       754  1.008950000E+00  9.879520000E-02  1.000000000E-01  2.327235801E-02 -8.529867888E+02 
       755  1.007930000E+00  9.910880000E-02  1.000000000E-01  1.172316055E-01 -3.496662719E+02 
       756  1.008950000E+00  1.000000000E-01  1.000000000E-01  7.661823819E-02 -6.313224435E+02 
