(title "Pressure Coefficient")
(labels "Position" "Pressure Coefficient")

((xy/key/label "wing")
0.988579	208.306
0.964117	148.208
0.964117	148.369
0.988579	208.463
0.933785	88.6976
0.933785	88.7855
0.903435	41.9886
0.903435	42.043
0.862592	-0.426512
0.862592	-0.394898
0.821721	-37.8372
0.821721	-37.8185
0.780825	-70.5368
0.780825	-70.5256
0.739905	-100.276
0.739905	-100.269
0.698963	-128.275
0.698963	-128.271
0.657997	-155.322
0.657997	-155.319
0.617009	-181.956
0.617009	-181.954
0.575999	-208.535
0.575999	-208.534
0.534965	-235.302
0.534965	-235.301
0.493908	-262.399
0.493908	-262.398
0.452828	-289.885
0.452828	-289.885
0.411726	-317.706
0.411726	-317.707
0.370603	-345.708
0.370603	-345.709
0.329465	-373.622
0.329465	-373.625
0.288319	-401.011
0.288319	-401.016
0.247178	-427.109
0.247178	-427.121
0.206065	-450.935
0.206065	-450.955
0.165018	-469.175
0.165018	-469.12
0.124114	-476.543
0.124114	-476.507
0.0835147	-462.508
0.0835147	-462.539
0.0548877	-421.707
0.0548877	-421.709
0.0377747	-357.701
0.0377747	-357.706
0.0263445	-266.454
0.0263445	-266.459
0.018219	-149.072
0.018219	-149.077
0.0131826	-21.2801
0.0131826	-21.284
0.00985059	107.284
0.00985059	107.281
0.00741153	240.052
0.00741153	240.049
0.00551096	379.984
0.00551096	379.981
0.00398354	525.756
0.00398354	525.754
0.00274527	674.339
0.00274527	674.338
0.00175285	819.439
0.00175285	819.438
0.000986019	951.504
0.000986019	951.503
0.0004384	1057.33
0.0004384	1057.33
0.000109511	1126.98
0.000109511	1126.98
0	1152.2
0	1152.2
0.000109511	1126.96
0.000109511	1126.96
0.0004384	1057.28
0.0004384	1057.28
0.000986019	951.441
0.000986019	951.44
0.00175285	819.36
0.00175285	819.359
0.00274527	674.248
0.00274527	674.247
0.00398354	525.657
0.00398354	525.655
0.00551096	379.879
0.00551096	379.876
0.00741153	239.944
0.00741153	239.941
0.00985059	107.176
0.00985059	107.173
0.0131826	-21.3861
0.0131826	-21.39
0.018219	-149.174
0.018219	-149.178
0.0263445	-266.549
0.0263445	-266.554
0.0377747	-357.787
0.0377747	-357.792
0.0548877	-421.783
0.0548877	-421.786
0.0835147	-462.575
0.0835147	-462.605
0.124114	-476.6
0.124114	-476.565
0.165018	-469.228
0.165018	-469.172
0.206065	-450.984
0.206065	-451.004
0.247178	-427.156
0.247178	-427.167
0.288319	-401.055
0.288319	-401.061
0.329465	-373.665
0.329465	-373.667
0.370603	-345.749
0.370603	-345.75
0.411726	-317.746
0.411726	-317.747
0.452828	-289.924
0.452828	-289.924
0.493908	-262.436
0.493908	-262.437
0.534965	-235.339
0.534965	-235.339
0.575999	-208.571
0.575999	-208.572
0.617009	-181.991
0.617009	-181.993
0.657997	-155.356
0.657997	-155.359
0.698963	-128.309
0.698963	-128.314
0.739905	-100.31
0.739905	-100.317
0.780825	-70.5695
0.780825	-70.5806
0.821721	-37.8683
0.821721	-37.8861
0.862592	-0.454087
0.862592	-0.484194
0.903435	41.9668
0.903435	41.915
0.933785	88.6877
0.933785	88.5993
0.964117	148.168
0.964117	148.056
0.988579	208.371
0.988579	208.122
0.988579	208.459
0.964117	148.292
0.964117	148.17
0.988579	208.304
0.933785	88.79
0.933785	88.6998
0.903435	42.0411
0.903435	41.9876
0.862592	-0.396917
0.862592	-0.427521
0.821721	-37.8202
0.821721	-37.838
0.780825	-70.5262
0.780825	-70.5372
0.739905	-100.269
0.739905	-100.276
0.698963	-128.271
0.698963	-128.275
0.657997	-155.319
0.657997	-155.322
0.617009	-181.954
0.617009	-181.956
0.575999	-208.534
0.575999	-208.535
0.534965	-235.301
0.534965	-235.302
0.493908	-262.398
0.493908	-262.398
0.452828	-289.885
0.452828	-289.885
0.411726	-317.706
0.411726	-317.706
0.370603	-345.709
0.370603	-345.708
0.329465	-373.625
0.329465	-373.622
0.288319	-401.016
0.288319	-401.011
0.247178	-427.121
0.247178	-427.109
0.206065	-450.955
0.206065	-450.935
0.165018	-469.12
0.165018	-469.175
0.124114	-476.507
0.124114	-476.543
0.0835147	-462.539
0.0835147	-462.508
0.0548877	-421.709
0.0548877	-421.707
0.0377747	-357.706
0.0377747	-357.701
0.0263445	-266.459
0.0263445	-266.454
0.018219	-149.077
0.018219	-149.072
0.0131826	-21.284
0.0131826	-21.28
0.00985059	107.281
0.00985059	107.284
0.00741153	240.049
0.00741153	240.052
0.00551096	379.981
0.00551096	379.984
0.00398354	525.755
0.00398354	525.756
0.00274527	674.338
0.00274527	674.339
0.00175285	819.438
0.00175285	819.439
0.000986019	951.503
0.000986019	951.504
0.0004384	1057.33
0.0004384	1057.33
0.000109511	1126.98
0.000109511	1126.98
0	1152.2
0	1152.2
0.000109511	1126.96
0.000109511	1126.96
0.0004384	1057.28
0.0004384	1057.28
0.000986019	951.44
0.000986019	951.441
0.00175285	819.359
0.00175285	819.36
0.00274527	674.247
0.00274527	674.248
0.00398354	525.655
0.00398354	525.657
0.00551096	379.876
0.00551096	379.879
0.00741153	239.941
0.00741153	239.944
0.00985059	107.173
0.00985059	107.176
0.0131826	-21.3901
0.0131826	-21.3861
0.018219	-149.178
0.018219	-149.174
0.0263445	-266.554
0.0263445	-266.549
0.0377747	-357.792
0.0377747	-357.787
0.0548877	-421.786
0.0548877	-421.783
0.0835147	-462.605
0.0835147	-462.575
0.124114	-476.565
0.124114	-476.6
0.165018	-469.173
0.165018	-469.228
0.206065	-451.004
0.206065	-450.984
0.247178	-427.167
0.247178	-427.156
0.288319	-401.061
0.288319	-401.055
0.329465	-373.667
0.329465	-373.665
0.370603	-345.75
0.370603	-345.749
0.411726	-317.747
0.411726	-317.746
0.452828	-289.924
0.452828	-289.924
0.493908	-262.437
0.493908	-262.436
0.534965	-235.34
0.534965	-235.339
0.575999	-208.572
0.575999	-208.571
0.617009	-181.993
0.617009	-181.991
0.657997	-155.359
0.657997	-155.357
0.698963	-128.314
0.698963	-128.309
0.739905	-100.316
0.739905	-100.31
0.780825	-70.58
0.780825	-70.5692
0.821721	-37.885
0.821721	-37.8678
0.862592	-0.482234
0.862592	-0.453107
0.903435	41.9185
0.903435	41.9686
0.933785	88.6055
0.933785	88.6908
0.964117	148.068
0.964117	148.174
0.988579	208.13
0.988579	208.374
)
