nodenumber     x-coordinate     y-coordinate     z-coordinate      mach-number         pressure 
         1  2.807580000E-01 -5.993280000E-02  0.000000000E+00  7.350034569E-02  1.677899147E+02 
         2  3.219040000E-01 -5.991050000E-02  0.000000000E+00  7.313670652E-02  1.438865260E+02 
         3  3.630440000E-01 -5.918830000E-02  0.000000000E+00  7.248567531E-02  1.253805335E+02 
         4  2.396200000E-01 -5.911940000E-02  0.000000000E+00  7.334537539E-02  1.989182419E+02 
         5  4.041700000E-01 -5.787220000E-02  0.000000000E+00  7.170184730E-02  1.106790980E+02 
         6  1.985150000E-01 -5.728890000E-02  0.000000000E+00  7.247149844E-02  2.395899885E+02 
         7  4.452760000E-01 -5.604660000E-02  0.000000000E+00  7.085376282E-02  9.900302657E+01 
         8  1.574870000E-01 -5.418480000E-02  0.000000000E+00  7.046071130E-02  2.951329310E+02 
         9  4.863600000E-01 -5.378040000E-02  0.000000000E+00  7.000400310E-02  8.971305316E+01 
        10  5.274220000E-01 -5.112960000E-02  0.000000000E+00  6.919541104E-02  8.221956556E+01 
        11  1.166230000E-01 -4.940830000E-02  0.000000000E+00  6.389358857E-02  3.811946305E+02 
        12  5.684600000E-01 -4.813980000E-02  0.000000000E+00  6.844612910E-02  7.619446157E+01 
        13  6.094740000E-01 -4.484790000E-02  0.000000000E+00  6.775507782E-02  7.131103935E+01 
        14  7.611340000E-02 -4.224330000E-02  0.000000000E+00  4.888128196E-02  5.039637227E+02 
        15  6.504670000E-01 -4.128300000E-02  0.000000000E+00  6.711121580E-02  6.736282765E+01 
        16  6.914360000E-01 -3.746710000E-02  0.000000000E+00  6.650815370E-02  6.429983090E+01 
        17  7.323830000E-01 -3.341630000E-02  0.000000000E+00  6.594493638E-02  6.209214869E+01 
        18  3.932290000E-02 -3.203640000E-02  0.000000000E+00  2.461041631E-02  6.336469367E+02 
        19  7.733070000E-01 -2.914040000E-02  0.000000000E+00  6.539404131E-02  6.073257534E+01 
        20  8.142070000E-01 -2.464410000E-02  0.000000000E+00  6.481972817E-02  6.044734145E+01 
        21  2.040800000E-02 -2.381930000E-02  0.000000000E+00  1.228356136E-02  6.864066494E+02 
        22  8.550830000E-01 -1.992660000E-02  0.000000000E+00  6.415250006E-02  6.170985779E+01 
        23  1.174660000E-02 -1.839020000E-02  0.000000000E+00  3.035376513E-02  6.002818320E+02 
        24  8.959320000E-01 -1.498260000E-02  0.000000000E+00  6.331266618E-02  6.488031229E+01 
        25  6.986770000E-03 -1.435170000E-02  0.000000000E+00  6.217551943E-02  3.793718175E+02 
        26  3.852450000E-03 -1.076240000E-02  0.000000000E+00  9.418557676E-02  8.981316459E+00 
        27  9.300350000E-01 -1.067100000E-02  0.000000000E+00  6.225473999E-02  7.050408089E+01 
        28  1.722140000E-03 -7.261690000E-03  0.000000000E+00  1.273101802E-01 -5.363278140E+02 
        29  9.641170000E-01 -6.185660000E-03  0.000000000E+00  6.093113602E-02  7.905333077E+01 
        30  4.359170000E-04 -3.686180000E-03  0.000000000E+00  1.594442751E-01 -1.228720908E+03 
        31  9.885790000E-01 -2.851310000E-03  0.000000000E+00  5.942009232E-02  9.148034723E+01 
        32  0.000000000E+00  0.000000000E+00  0.000000000E+00  1.888961842E-01 -1.882190864E+03 
        33  1.008950000E+00  0.000000000E+00  0.000000000E+00  4.157978920E-02  9.769888267E+01 
        34  9.885790000E-01  2.851310000E-03  0.000000000E+00  1.413113147E-02  7.038740628E+01 
        35  4.359170000E-04  3.686180000E-03  0.000000000E+00  2.082166616E-01 -2.502067153E+03 
        36  9.641170000E-01  6.185660000E-03  0.000000000E+00  1.591733217E-02  5.138979402E+01 
        37  1.722140000E-03  7.261690000E-03  0.000000000E+00  2.170623635E-01 -2.991935576E+03 
        38  9.300350000E-01  1.067100000E-02  0.000000000E+00  2.096871314E-02  2.488202774E+01 
        39  3.852450000E-03  1.076240000E-02  0.000000000E+00  2.207823777E-01 -3.141760935E+03 
        40  6.986770000E-03  1.435170000E-02  0.000000000E+00  2.178762907E-01 -3.065628739E+03 
        41  8.959320000E-01  1.498260000E-02  0.000000000E+00  2.604632127E-02 -6.336880977E+00 
        42  1.174660000E-02  1.839020000E-02  0.000000000E+00  2.053595625E-01 -2.822508495E+03 
        43  8.550830000E-01  1.992660000E-02  0.000000000E+00  3.067516603E-02 -4.123767176E+01 
        44  2.040800000E-02  2.381930000E-02  0.000000000E+00  1.844085879E-01 -2.451050783E+03 
        45  8.142070000E-01  2.464410000E-02  0.000000000E+00  3.481997416E-02 -7.756413549E+01 
        46  7.733070000E-01  2.914040000E-02  0.000000000E+00  3.844291559E-02 -1.139033970E+02 
        47  3.932290000E-02  3.203640000E-02  0.000000000E+00  1.605848341E-01 -1.986157999E+03 
        48  7.323830000E-01  3.341630000E-02  0.000000000E+00  4.166678133E-02 -1.502342305E+02 
        49  6.914360000E-01  3.746710000E-02  0.000000000E+00  4.459000518E-02 -1.869045823E+02 
        50  6.504670000E-01  4.128300000E-02  0.000000000E+00  4.731893357E-02 -2.244602857E+02 
        51  7.611340000E-02  4.224330000E-02  0.000000000E+00  1.375805842E-01 -1.519794030E+03 
        52  6.094740000E-01  4.484790000E-02  0.000000000E+00  4.992858351E-02 -2.632824638E+02 
        53  5.684600000E-01  4.813980000E-02  0.000000000E+00  5.247360913E-02 -3.038139394E+02 
        54  1.166230000E-01  4.940830000E-02  0.000000000E+00  1.189093837E-01 -1.204640943E+03 
        55  5.274220000E-01  5.112960000E-02  0.000000000E+00  5.504335660E-02 -3.467706722E+02 
        56  4.863600000E-01  5.378040000E-02  0.000000000E+00  5.775682676E-02 -3.926856695E+02 
        57  1.574870000E-01  5.418480000E-02  0.000000000E+00  1.045434692E-01 -1.019979342E+03 
        58  4.452760000E-01  5.604660000E-02  0.000000000E+00  6.073415167E-02 -4.420289845E+02 
        59  1.985150000E-01  5.728890000E-02  0.000000000E+00  9.359600439E-02 -8.877271302E+02 
        60  4.041700000E-01  5.787220000E-02  0.000000000E+00  6.410517422E-02 -4.957439327E+02 
        61  2.396200000E-01  5.911940000E-02  0.000000000E+00  8.506550655E-02 -7.830233665E+02 
        62  3.630440000E-01  5.918830000E-02  0.000000000E+00  6.802294674E-02 -5.548562657E+02 
        63  3.219040000E-01  5.991050000E-02  0.000000000E+00  7.266010808E-02 -6.208161488E+02 
        64  2.807580000E-01  5.993280000E-02  0.000000000E+00  7.823832625E-02 -6.958363583E+02 
        65  2.807580000E-01 -5.993280000E-02  1.666670000E-01  7.350034690E-02  1.677899098E+02 
        66  3.219040000E-01 -5.991050000E-02  1.666670000E-01  7.313670843E-02  1.438865056E+02 
        67  3.630440000E-01 -5.918830000E-02  1.666670000E-01  7.248567823E-02  1.253804987E+02 
        68  2.396200000E-01 -5.911940000E-02  1.666670000E-01  7.334537595E-02  1.989182452E+02 
        69  4.041700000E-01 -5.787220000E-02  1.666670000E-01  7.170185219E-02  1.106790450E+02 
        70  1.985150000E-01 -5.728890000E-02  1.666670000E-01  7.247149827E-02  2.395900065E+02 
        71  4.452760000E-01 -5.604660000E-02  1.666670000E-01  7.085377061E-02  9.900293959E+01 
        72  1.574870000E-01 -5.418480000E-02  1.666670000E-01  7.046070888E-02  2.951329918E+02 
        73  4.863600000E-01 -5.378040000E-02  1.666670000E-01  7.000401551E-02  8.971291830E+01 
        74  5.274220000E-01 -5.112960000E-02  1.666670000E-01  6.919543021E-02  8.221935511E+01 
        75  1.166230000E-01 -4.940830000E-02  1.666670000E-01  6.389357057E-02  3.811948160E+02 
        76  5.684600000E-01 -4.813980000E-02  1.666670000E-01  6.844615771E-02  7.619412311E+01 
        77  6.094740000E-01 -4.484790000E-02  1.666670000E-01  6.775512169E-02  7.131050552E+01 
        78  7.611340000E-02 -4.224330000E-02  1.666670000E-01  4.888121240E-02  5.039642124E+02 
        79  6.504670000E-01 -4.128300000E-02  1.666670000E-01  6.711128614E-02  6.736197903E+01 
        80  6.914360000E-01 -3.746710000E-02  1.666670000E-01  6.650826041E-02  6.429847330E+01 
        81  7.323830000E-01 -3.341630000E-02  1.666670000E-01  6.594510470E-02  6.209008139E+01 
        82  3.932290000E-02 -3.203640000E-02  1.666670000E-01  2.461030755E-02  6.336473930E+02 
        83  7.733070000E-01 -2.914040000E-02  1.666670000E-01  6.539426448E-02  6.072939419E+01 
        84  8.142070000E-01 -2.464410000E-02  1.666670000E-01  6.482014090E-02  6.044200051E+01 
        85  2.040800000E-02 -2.381930000E-02  1.666670000E-01  1.228357145E-02  6.864066125E+02 
        86  8.550830000E-01 -1.992660000E-02  1.666670000E-01  6.415330813E-02  6.170095707E+01 
        87  1.174660000E-02 -1.839020000E-02  1.666670000E-01  3.035389448E-02  6.002811985E+02 
        88  8.959320000E-01 -1.498260000E-02  1.666670000E-01  6.331404854E-02  6.486513104E+01 
        89  6.986770000E-03 -1.435170000E-02  1.666670000E-01  6.217565452E-02  3.793705947E+02 
        90  3.852450000E-03 -1.076240000E-02  1.666670000E-01  9.418567243E-02  8.979978370E+00 
        91  9.300350000E-01 -1.067100000E-02  1.666670000E-01  6.225679378E-02  7.047801993E+01 
        92  1.722140000E-03 -7.261690000E-03  1.666670000E-01  1.273102211E-01 -5.363285844E+02 
        93  9.641170000E-01 -6.185660000E-03  1.666670000E-01  6.093416968E-02  7.900517137E+01 
        94  4.359170000E-04 -3.686180000E-03  1.666670000E-01  1.594442800E-01 -1.228721029E+03 
        95  9.885790000E-01 -2.851310000E-03  1.666670000E-01  5.943163219E-02  9.138862402E+01 
        96  0.000000000E+00  0.000000000E+00  1.666670000E-01  1.888961841E-01 -1.882190862E+03 
        97  1.008950000E+00  0.000000000E+00  1.666670000E-01  3.667465352E-02  8.821160223E+01 
        98  9.885790000E-01  2.851310000E-03  1.666670000E-01  1.413772067E-02  7.041391024E+01 
        99  4.359170000E-04  3.686180000E-03  1.666670000E-01  2.082166598E-01 -2.502067037E+03 
       100  9.641170000E-01  6.185660000E-03  1.666670000E-01  1.591223240E-02  5.140854562E+01 
       101  1.722140000E-03  7.261690000E-03  1.666670000E-01  2.170623545E-01 -2.991935212E+03 
       102  9.300350000E-01  1.067100000E-02  1.666670000E-01  2.096399207E-02  2.489752220E+01 
       103  3.852450000E-03  1.076240000E-02  1.666670000E-01  2.207823770E-01 -3.141760919E+03 
       104  6.986770000E-03  1.435170000E-02  1.666670000E-01  2.178763165E-01 -3.065629410E+03 
       105  8.959320000E-01  1.498260000E-02  1.666670000E-01  2.604376738E-02 -6.324616402E+00 
       106  1.174660000E-02  1.839020000E-02  1.666670000E-01  2.053596387E-01 -2.822509813E+03 
       107  8.550830000E-01  1.992660000E-02  1.666670000E-01  3.067370006E-02 -4.122890815E+01 
       108  2.040800000E-02  2.381930000E-02  1.666670000E-01  1.844086487E-01 -2.451051879E+03 
       109  8.142070000E-01  2.464410000E-02  1.666670000E-01  3.481906549E-02 -7.755813068E+01 
       110  7.733070000E-01  2.914040000E-02  1.666670000E-01  3.844235200E-02 -1.138993208E+02 
       111  3.932290000E-02  3.203640000E-02  1.666670000E-01  1.605849282E-01 -1.986159963E+03 
       112  7.323830000E-01  3.341630000E-02  1.666670000E-01  4.166643572E-02 -1.502315362E+02 
       113  6.914360000E-01  3.746710000E-02  1.666670000E-01  4.458979523E-02 -1.869028072E+02 
       114  6.504670000E-01  4.128300000E-02  1.666670000E-01  4.731880077E-02 -2.244590946E+02 
       115  7.611340000E-02  4.224330000E-02  1.666670000E-01  1.375806585E-01 -1.519795481E+03 
       116  6.094740000E-01  4.484790000E-02  1.666670000E-01  4.992849779E-02 -2.632816818E+02 
       117  5.684600000E-01  4.813980000E-02  1.666670000E-01  5.247355488E-02 -3.038134231E+02 
       118  1.166230000E-01  4.940830000E-02  1.666670000E-01  1.189094119E-01 -1.204641320E+03 
       119  5.274220000E-01  5.112960000E-02  1.666670000E-01  5.504332243E-02 -3.467703406E+02 
       120  4.863600000E-01  5.378040000E-02  1.666670000E-01  5.775680515E-02 -3.926854491E+02 
       121  1.574870000E-01  5.418480000E-02  1.666670000E-01  1.045434810E-01 -1.019979480E+03 
       122  4.452760000E-01  5.604660000E-02  1.666670000E-01  6.073413831E-02 -4.420288353E+02 
       123  1.985150000E-01  5.728890000E-02  1.666670000E-01  9.359600842E-02 -8.877271751E+02 
       124  4.041700000E-01  5.787220000E-02  1.666670000E-01  6.410516676E-02 -4.957438392E+02 
       125  2.396200000E-01  5.911940000E-02  1.666670000E-01  8.506550784E-02 -7.830233786E+02 
       126  3.630440000E-01  5.918830000E-02  1.666670000E-01  6.802294187E-02 -5.548561998E+02 
       127  3.219040000E-01  5.991050000E-02  1.666670000E-01  7.266010534E-02 -6.208161113E+02 
       128  2.807580000E-01  5.993280000E-02  1.666670000E-01  7.823832621E-02 -6.958363548E+02 
       129  2.807580000E-01 -5.993280000E-02  3.333330000E-01  7.350034691E-02  1.677899098E+02 
       130  3.219040000E-01 -5.991050000E-02  3.333330000E-01  7.313670843E-02  1.438865056E+02 
       131  3.630440000E-01 -5.918830000E-02  3.333330000E-01  7.248567823E-02  1.253804987E+02 
       132  2.396200000E-01 -5.911940000E-02  3.333330000E-01  7.334537595E-02  1.989182452E+02 
       133  4.041700000E-01 -5.787220000E-02  3.333330000E-01  7.170185219E-02  1.106790450E+02 
       134  1.985150000E-01 -5.728890000E-02  3.333330000E-01  7.247149827E-02  2.395900065E+02 
       135  4.452760000E-01 -5.604660000E-02  3.333330000E-01  7.085377061E-02  9.900293959E+01 
       136  1.574870000E-01 -5.418480000E-02  3.333330000E-01  7.046070888E-02  2.951329918E+02 
       137  4.863600000E-01 -5.378040000E-02  3.333330000E-01  7.000401551E-02  8.971291830E+01 
       138  5.274220000E-01 -5.112960000E-02  3.333330000E-01  6.919543021E-02  8.221935511E+01 
       139  1.166230000E-01 -4.940830000E-02  3.333330000E-01  6.389357057E-02  3.811948160E+02 
       140  5.684600000E-01 -4.813980000E-02  3.333330000E-01  6.844615771E-02  7.619412311E+01 
       141  6.094740000E-01 -4.484790000E-02  3.333330000E-01  6.775512169E-02  7.131050552E+01 
       142  7.611340000E-02 -4.224330000E-02  3.333330000E-01  4.888121240E-02  5.039642124E+02 
       143  6.504670000E-01 -4.128300000E-02  3.333330000E-01  6.711128614E-02  6.736197902E+01 
       144  6.914360000E-01 -3.746710000E-02  3.333330000E-01  6.650826041E-02  6.429847330E+01 
       145  7.323830000E-01 -3.341630000E-02  3.333330000E-01  6.594510470E-02  6.209008139E+01 
       146  3.932290000E-02 -3.203640000E-02  3.333330000E-01  2.461030755E-02  6.336473930E+02 
       147  7.733070000E-01 -2.914040000E-02  3.333330000E-01  6.539426447E-02  6.072939418E+01 
       148  8.142070000E-01 -2.464410000E-02  3.333330000E-01  6.482014090E-02  6.044200050E+01 
       149  2.040800000E-02 -2.381930000E-02  3.333330000E-01  1.228357145E-02  6.864066125E+02 
       150  8.550830000E-01 -1.992660000E-02  3.333330000E-01  6.415330812E-02  6.170095706E+01 
       151  1.174660000E-02 -1.839020000E-02  3.333330000E-01  3.035389448E-02  6.002811985E+02 
       152  8.959320000E-01 -1.498260000E-02  3.333330000E-01  6.331404853E-02  6.486513103E+01 
       153  6.986770000E-03 -1.435170000E-02  3.333330000E-01  6.217565452E-02  3.793705947E+02 
       154  3.852450000E-03 -1.076240000E-02  3.333330000E-01  9.418567243E-02  8.979978377E+00 
       155  9.300350000E-01 -1.067100000E-02  3.333330000E-01  6.225679378E-02  7.047801992E+01 
       156  1.722140000E-03 -7.261690000E-03  3.333330000E-01  1.273102211E-01 -5.363285844E+02 
       157  9.641170000E-01 -6.185660000E-03  3.333330000E-01  6.093416967E-02  7.900517135E+01 
       158  4.359170000E-04 -3.686180000E-03  3.333330000E-01  1.594442800E-01 -1.228721029E+03 
       159  9.885790000E-01 -2.851310000E-03  3.333330000E-01  5.943163219E-02  9.138862399E+01 
       160  0.000000000E+00  0.000000000E+00  3.333330000E-01  1.888961841E-01 -1.882190862E+03 
       161  1.008950000E+00  0.000000000E+00  3.333330000E-01  3.667465351E-02  8.821160219E+01 
       162  9.885790000E-01  2.851310000E-03  3.333330000E-01  1.413772066E-02  7.041391020E+01 
       163  4.359170000E-04  3.686180000E-03  3.333330000E-01  2.082166598E-01 -2.502067038E+03 
       164  9.641170000E-01  6.185660000E-03  3.333330000E-01  1.591223238E-02  5.140854559E+01 
       165  1.722140000E-03  7.261690000E-03  3.333330000E-01  2.170623545E-01 -2.991935212E+03 
       166  9.300350000E-01  1.067100000E-02  3.333330000E-01  2.096399204E-02  2.489752218E+01 
       167  3.852450000E-03  1.076240000E-02  3.333330000E-01  2.207823770E-01 -3.141760919E+03 
       168  6.986770000E-03  1.435170000E-02  3.333330000E-01  2.178763165E-01 -3.065629410E+03 
       169  8.959320000E-01  1.498260000E-02  3.333330000E-01  2.604376736E-02 -6.324616409E+00 
       170  1.174660000E-02  1.839020000E-02  3.333330000E-01  2.053596387E-01 -2.822509813E+03 
       171  8.550830000E-01  1.992660000E-02  3.333330000E-01  3.067370004E-02 -4.122890815E+01 
       172  2.040800000E-02  2.381930000E-02  3.333330000E-01  1.844086487E-01 -2.451051879E+03 
       173  8.142070000E-01  2.464410000E-02  3.333330000E-01  3.481906547E-02 -7.755813068E+01 
       174  7.733070000E-01  2.914040000E-02  3.333330000E-01  3.844235198E-02 -1.138993208E+02 
       175  3.932290000E-02  3.203640000E-02  3.333330000E-01  1.605849282E-01 -1.986159963E+03 
       176  7.323830000E-01  3.341630000E-02  3.333330000E-01  4.166643570E-02 -1.502315362E+02 
       177  6.914360000E-01  3.746710000E-02  3.333330000E-01  4.458979521E-02 -1.869028072E+02 
       178  6.504670000E-01  4.128300000E-02  3.333330000E-01  4.731880075E-02 -2.244590946E+02 
       179  7.611340000E-02  4.224330000E-02  3.333330000E-01  1.375806585E-01 -1.519795481E+03 
       180  6.094740000E-01  4.484790000E-02  3.333330000E-01  4.992849777E-02 -2.632816818E+02 
       181  5.684600000E-01  4.813980000E-02  3.333330000E-01  5.247355486E-02 -3.038134231E+02 
       182  1.166230000E-01  4.940830000E-02  3.333330000E-01  1.189094119E-01 -1.204641320E+03 
       183  5.274220000E-01  5.112960000E-02  3.333330000E-01  5.504332242E-02 -3.467703406E+02 
       184  4.863600000E-01  5.378040000E-02  3.333330000E-01  5.775680513E-02 -3.926854491E+02 
       185  1.574870000E-01  5.418480000E-02  3.333330000E-01  1.045434810E-01 -1.019979480E+03 
       186  4.452760000E-01  5.604660000E-02  3.333330000E-01  6.073413830E-02 -4.420288353E+02 
       187  1.985150000E-01  5.728890000E-02  3.333330000E-01  9.359600841E-02 -8.877271751E+02 
       188  4.041700000E-01  5.787220000E-02  3.333330000E-01  6.410516674E-02 -4.957438392E+02 
       189  2.396200000E-01  5.911940000E-02  3.333330000E-01  8.506550783E-02 -7.830233786E+02 
       190  3.630440000E-01  5.918830000E-02  3.333330000E-01  6.802294186E-02 -5.548561998E+02 
       191  3.219040000E-01  5.991050000E-02  3.333330000E-01  7.266010533E-02 -6.208161113E+02 
       192  2.807580000E-01  5.993280000E-02  3.333330000E-01  7.823832620E-02 -6.958363548E+02 
       193  2.807580000E-01 -5.993280000E-02  5.000000000E-01  7.350034569E-02  1.677899147E+02 
       194  3.219040000E-01 -5.991050000E-02  5.000000000E-01  7.313670652E-02  1.438865260E+02 
       195  3.630440000E-01 -5.918830000E-02  5.000000000E-01  7.248567531E-02  1.253805335E+02 
       196  2.396200000E-01 -5.911940000E-02  5.000000000E-01  7.334537540E-02  1.989182419E+02 
       197  4.041700000E-01 -5.787220000E-02  5.000000000E-01  7.170184730E-02  1.106790980E+02 
       198  1.985150000E-01 -5.728890000E-02  5.000000000E-01  7.247149845E-02  2.395899885E+02 
       199  4.452760000E-01 -5.604660000E-02  5.000000000E-01  7.085376282E-02  9.900302656E+01 
       200  1.574870000E-01 -5.418480000E-02  5.000000000E-01  7.046071131E-02  2.951329310E+02 
       201  4.863600000E-01 -5.378040000E-02  5.000000000E-01  7.000400310E-02  8.971305315E+01 
       202  5.274220000E-01 -5.112960000E-02  5.000000000E-01  6.919541104E-02  8.221956555E+01 
       203  1.166230000E-01 -4.940830000E-02  5.000000000E-01  6.389358858E-02  3.811946305E+02 
       204  5.684600000E-01 -4.813980000E-02  5.000000000E-01  6.844612911E-02  7.619446157E+01 
       205  6.094740000E-01 -4.484790000E-02  5.000000000E-01  6.775507782E-02  7.131103934E+01 
       206  7.611340000E-02 -4.224330000E-02  5.000000000E-01  4.888128196E-02  5.039637227E+02 
       207  6.504670000E-01 -4.128300000E-02  5.000000000E-01  6.711121580E-02  6.736282764E+01 
       208  6.914360000E-01 -3.746710000E-02  5.000000000E-01  6.650815370E-02  6.429983089E+01 
       209  7.323830000E-01 -3.341630000E-02  5.000000000E-01  6.594493638E-02  6.209214868E+01 
       210  3.932290000E-02 -3.203640000E-02  5.000000000E-01  2.461041631E-02  6.336469367E+02 
       211  7.733070000E-01 -2.914040000E-02  5.000000000E-01  6.539404131E-02  6.073257533E+01 
       212  8.142070000E-01 -2.464410000E-02  5.000000000E-01  6.481972816E-02  6.044734144E+01 
       213  2.040800000E-02 -2.381930000E-02  5.000000000E-01  1.228356136E-02  6.864066494E+02 
       214  8.550830000E-01 -1.992660000E-02  5.000000000E-01  6.415250006E-02  6.170985777E+01 
       215  1.174660000E-02 -1.839020000E-02  5.000000000E-01  3.035376512E-02  6.002818320E+02 
       216  8.959320000E-01 -1.498260000E-02  5.000000000E-01  6.331266617E-02  6.488031227E+01 
       217  6.986770000E-03 -1.435170000E-02  5.000000000E-01  6.217551943E-02  3.793718175E+02 
       218  3.852450000E-03 -1.076240000E-02  5.000000000E-01  9.418557676E-02  8.981316473E+00 
       219  9.300350000E-01 -1.067100000E-02  5.000000000E-01  6.225473998E-02  7.050408086E+01 
       220  1.722140000E-03 -7.261690000E-03  5.000000000E-01  1.273101802E-01 -5.363278140E+02 
       221  9.641170000E-01 -6.185660000E-03  5.000000000E-01  6.093113601E-02  7.905333073E+01 
       222  4.359170000E-04 -3.686180000E-03  5.000000000E-01  1.594442751E-01 -1.228720908E+03 
       223  9.885790000E-01 -2.851310000E-03  5.000000000E-01  5.942009231E-02  9.148034717E+01 
       224  0.000000000E+00  0.000000000E+00  5.000000000E-01  1.888961842E-01 -1.882190865E+03 
       225  1.008950000E+00  0.000000000E+00  5.000000000E-01  4.157978919E-02  9.769888259E+01 
       226  9.885790000E-01  2.851310000E-03  5.000000000E-01  1.413113144E-02  7.038740619E+01 
       227  4.359170000E-04  3.686180000E-03  5.000000000E-01  2.082166616E-01 -2.502067153E+03 
       228  9.641170000E-01  6.185660000E-03  5.000000000E-01  1.591733212E-02  5.138979396E+01 
       229  1.722140000E-03  7.261690000E-03  5.000000000E-01  2.170623635E-01 -2.991935576E+03 
       230  9.300350000E-01  1.067100000E-02  5.000000000E-01  2.096871309E-02  2.488202771E+01 
       231  3.852450000E-03  1.076240000E-02  5.000000000E-01  2.207823777E-01 -3.141760935E+03 
       232  6.986770000E-03  1.435170000E-02  5.000000000E-01  2.178762907E-01 -3.065628739E+03 
       233  8.959320000E-01  1.498260000E-02  5.000000000E-01  2.604632123E-02 -6.336880991E+00 
       234  1.174660000E-02  1.839020000E-02  5.000000000E-01  2.053595625E-01 -2.822508495E+03 
       235  8.550830000E-01  1.992660000E-02  5.000000000E-01  3.067516598E-02 -4.123767176E+01 
       236  2.040800000E-02  2.381930000E-02  5.000000000E-01  1.844085879E-01 -2.451050784E+03 
       237  8.142070000E-01  2.464410000E-02  5.000000000E-01  3.481997412E-02 -7.756413548E+01 
       238  7.733070000E-01  2.914040000E-02  5.000000000E-01  3.844291555E-02 -1.139033970E+02 
       239  3.932290000E-02  3.203640000E-02  5.000000000E-01  1.605848341E-01 -1.986157999E+03 
       240  7.323830000E-01  3.341630000E-02  5.000000000E-01  4.166678129E-02 -1.502342305E+02 
       241  6.914360000E-01  3.746710000E-02  5.000000000E-01  4.459000514E-02 -1.869045823E+02 
       242  6.504670000E-01  4.128300000E-02  5.000000000E-01  4.731893354E-02 -2.244602858E+02 
       243  7.611340000E-02  4.224330000E-02  5.000000000E-01  1.375805842E-01 -1.519794030E+03 
       244  6.094740000E-01  4.484790000E-02  5.000000000E-01  4.992858347E-02 -2.632824638E+02 
       245  5.684600000E-01  4.813980000E-02  5.000000000E-01  5.247360909E-02 -3.038139395E+02 
       246  1.166230000E-01  4.940830000E-02  5.000000000E-01  1.189093837E-01 -1.204640943E+03 
       247  5.274220000E-01  5.112960000E-02  5.000000000E-01  5.504335657E-02 -3.467706722E+02 
       248  4.863600000E-01  5.378040000E-02  5.000000000E-01  5.775682673E-02 -3.926856695E+02 
       249  1.574870000E-01  5.418480000E-02  5.000000000E-01  1.045434692E-01 -1.019979342E+03 
       250  4.452760000E-01  5.604660000E-02  5.000000000E-01  6.073415164E-02 -4.420289845E+02 
       251  1.985150000E-01  5.728890000E-02  5.000000000E-01  9.359600437E-02 -8.877271302E+02 
       252  4.041700000E-01  5.787220000E-02  5.000000000E-01  6.410517419E-02 -4.957439327E+02 
       253  2.396200000E-01  5.911940000E-02  5.000000000E-01  8.506550654E-02 -7.830233665E+02 
       254  3.630440000E-01  5.918830000E-02  5.000000000E-01  6.802294671E-02 -5.548562657E+02 
       255  3.219040000E-01  5.991050000E-02  5.000000000E-01  7.266010806E-02 -6.208161488E+02 
       256  2.807580000E-01  5.993280000E-02  5.000000000E-01  7.823832623E-02 -6.958363583E+02 
