nodenumber     x-coordinate     y-coordinate     z-coordinate      mach-number         pressure 
         1  2.883190000E-01 -5.998690000E-02  0.000000000E+00  6.261489290E-02  1.672919926E+02 
         2  3.294650000E-01 -5.982680000E-02  0.000000000E+00  6.211215181E-02  1.442671462E+02 
         3  2.471780000E-01 -5.933890000E-02  0.000000000E+00  6.320568559E-02  1.972890867E+02 
         4  3.706030000E-01 -5.898830000E-02  0.000000000E+00  6.169992633E-02  1.264568368E+02 
         5  2.060650000E-01 -5.771190000E-02  0.000000000E+00  6.373514204E-02  2.371833440E+02 
         6  4.117260000E-01 -5.757270000E-02  0.000000000E+00  6.131319748E-02  1.124466824E+02 
         7  4.528280000E-01 -5.566140000E-02  0.000000000E+00  6.087116909E-02  1.013619808E+02 
         8  1.650180000E-01 -5.486620000E-02  0.000000000E+00  6.346284117E-02  2.911872653E+02 
         9  4.939080000E-01 -5.332060000E-02  0.000000000E+00  6.036240968E-02  9.246850391E+01 
        10  5.349650000E-01 -5.060440000E-02  0.000000000E+00  5.983023567E-02  8.532079444E+01 
        11  1.241140000E-01 -5.043730000E-02  0.000000000E+00  6.048709638E-02  3.685422590E+02 
        12  5.759990000E-01 -4.755650000E-02  0.000000000E+00  5.930211821E-02  7.953543218E+01 
        13  6.170090000E-01 -4.421250000E-02  0.000000000E+00  5.878853291E-02  7.488411599E+01 
        14  8.351470000E-02 -4.379180000E-02  0.000000000E+00  5.217372351E-02  4.749606171E+02 
        15  6.579970000E-01 -4.059990000E-02  0.000000000E+00  5.829439584E-02  7.120559323E+01 
        16  5.488770000E-02 -3.697740000E-02  0.000000000E+00  3.967523802E-02  5.802599598E+02 
        17  6.989630000E-01 -3.673990000E-02  0.000000000E+00  5.782039078E-02  6.841015829E+01 
        18  7.399050000E-01 -3.264710000E-02  0.000000000E+00  5.734290739E-02  6.646901981E+01 
        19  3.777470000E-02 -3.147510000E-02  0.000000000E+00  2.536531434E-02  6.578853463E+02 
        20  7.808250000E-01 -2.833060000E-02  0.000000000E+00  5.682699066E-02  6.542461761E+01 
        21  2.634450000E-02 -2.677890000E-02  0.000000000E+00  9.594989169E-03  7.030179912E+02 
        22  8.217210000E-01 -2.379390000E-02  0.000000000E+00  5.626901154E-02  6.558186887E+01 
        23  1.821900000E-02 -2.259850000E-02  0.000000000E+00  9.571412568E-03  7.035763317E+02 
        24  1.318260000E-02 -1.942040000E-02  0.000000000E+00  2.676006985E-02  6.544131744E+02 
        25  8.625920000E-01 -1.903530000E-02  0.000000000E+00  5.561861491E-02  6.747870549E+01 
        26  9.850590000E-03 -1.691540000E-02  0.000000000E+00  4.432493349E-02  5.616658548E+02 
        27  7.411530000E-03 -1.476420000E-02  0.000000000E+00  6.126285066E-02  4.287720590E+02 
        28  9.034350000E-01 -1.404860000E-02  0.000000000E+00  5.476739188E-02  7.125601308E+01 
        29  5.510960000E-03 -1.280140000E-02  0.000000000E+00  7.797045816E-02  2.538600764E+02 
        30  3.983540000E-03 -1.093890000E-02  0.000000000E+00  9.492418405E-02  4.023932641E+01 
        31  9.337850000E-01 -1.018640000E-02  0.000000000E+00  5.369064448E-02  7.710049399E+01 
        32  2.745270000E-03 -9.124550000E-03  0.000000000E+00  1.127046564E-01 -2.331987209E+02 
        33  1.752850000E-03 -7.324960000E-03  0.000000000E+00  1.312040595E-01 -5.740340611E+02 
        34  9.641170000E-01 -6.185660000E-03  0.000000000E+00  5.254299349E-02  8.593412420E+01 
        35  9.860190000E-04 -5.518970000E-03  0.000000000E+00  1.496734136E-01 -9.572234715E+02 
        36  4.384000000E-04 -3.696570000E-03  0.000000000E+00  1.673741109E-01 -1.369891102E+03 
        37  9.885790000E-01 -2.851310000E-03  0.000000000E+00  5.152304166E-02  9.997550442E+01 
        38  1.095110000E-04 -1.855900000E-03  0.000000000E+00  1.838228038E-01 -1.788079786E+03 
        39  0.000000000E+00  0.000000000E+00  0.000000000E+00  1.983249128E-01 -2.161090571E+03 
        40  1.008950000E+00  0.000000000E+00  0.000000000E+00  3.922413834E-02  1.079128964E+02 
        41  1.095110000E-04  1.855900000E-03  0.000000000E+00  2.092301829E-01 -2.484076023E+03 
        42  9.885790000E-01  2.851310000E-03  0.000000000E+00  1.459287591E-02  8.091090853E+01 
        43  4.384000000E-04  3.696570000E-03  0.000000000E+00  2.160157409E-01 -2.782079617E+03 
        44  9.860190000E-04  5.518970000E-03  0.000000000E+00  2.205745438E-01 -3.033610740E+03 
        45  9.641170000E-01  6.185660000E-03  0.000000000E+00  1.542675107E-02  5.996164303E+01 
        46  1.752850000E-03  7.324960000E-03  0.000000000E+00  2.239302815E-01 -3.213267850E+03 
        47  2.745270000E-03  9.124550000E-03  0.000000000E+00  2.258979592E-01 -3.317667760E+03 
        48  9.337850000E-01  1.018640000E-02  0.000000000E+00  1.948176071E-02  3.308978941E+01 
        49  3.983540000E-03  1.093890000E-02  0.000000000E+00  2.266260144E-01 -3.363979472E+03 
        50  5.510960000E-03  1.280140000E-02  0.000000000E+00  2.270018233E-01 -3.365970009E+03 
        51  9.034350000E-01  1.404860000E-02  0.000000000E+00  2.377524361E-02  1.954897955E+00 
        52  7.411530000E-03  1.476420000E-02  0.000000000E+00  2.256427490E-01 -3.345973267E+03 
        53  9.850590000E-03  1.691540000E-02  0.000000000E+00  2.173047117E-01 -3.210817322E+03 
        54  8.625920000E-01  1.903530000E-02  0.000000000E+00  2.793057450E-02 -3.425411765E+01 
        55  1.318260000E-02  1.942040000E-02  0.000000000E+00  2.032797732E-01 -2.933021645E+03 
        56  1.821900000E-02  2.259850000E-02  0.000000000E+00  1.882399371E-01 -2.643745251E+03 
        57  8.217210000E-01  2.379390000E-02  0.000000000E+00  3.172633223E-02 -7.215783353E+01 
        58  2.634450000E-02  2.677890000E-02  0.000000000E+00  1.714935805E-01 -2.349511768E+03 
        59  7.808250000E-01  2.833060000E-02  0.000000000E+00  3.503586671E-02 -1.094639337E+02 
        60  3.777470000E-02  3.147510000E-02  0.000000000E+00  1.526293412E-01 -2.043159278E+03 
        61  7.399050000E-01  3.264710000E-02  0.000000000E+00  3.796247113E-02 -1.464199173E+02 
        62  6.989630000E-01  3.673990000E-02  0.000000000E+00  4.061017663E-02 -1.834340290E+02 
        63  5.488770000E-02  3.697740000E-02  0.000000000E+00  1.327835751E-01 -1.746041777E+03 
        64  6.579970000E-01  4.059990000E-02  0.000000000E+00  4.307518587E-02 -2.210815263E+02 
        65  8.351470000E-02  4.379180000E-02  0.000000000E+00  1.140195621E-01 -1.449227525E+03 
        66  6.170090000E-01  4.421250000E-02  0.000000000E+00  4.543365095E-02 -2.598691419E+02 
        67  5.759990000E-01  4.755650000E-02  0.000000000E+00  4.772456167E-02 -3.002420782E+02 
        68  1.241140000E-01  5.043730000E-02  0.000000000E+00  9.803063434E-02 -1.190132238E+03 
        69  5.349650000E-01  5.060440000E-02  0.000000000E+00  4.998197510E-02 -3.428432048E+02 
        70  4.939080000E-01  5.332060000E-02  0.000000000E+00  5.226884273E-02 -3.882906312E+02 
        71  1.650180000E-01  5.486620000E-02  0.000000000E+00  8.535962577E-02 -1.008282883E+03 
        72  4.528280000E-01  5.566140000E-02  0.000000000E+00  5.464914258E-02 -4.371892522E+02 
        73  4.117260000E-01  5.757270000E-02  0.000000000E+00  5.708920669E-02 -4.904858316E+02 
        74  2.060650000E-01  5.771190000E-02  0.000000000E+00  7.607885075E-02 -8.794151269E+02 
        75  3.706030000E-01  5.898830000E-02  0.000000000E+00  5.956454694E-02 -5.493194014E+02 
        76  2.471780000E-01  5.933890000E-02  0.000000000E+00  6.973970313E-02 -7.763291672E+02 
        77  3.294650000E-01  5.982680000E-02  0.000000000E+00  6.221938791E-02 -6.151260952E+02 
        78  2.883190000E-01  5.998690000E-02  0.000000000E+00  6.539921879E-02 -6.898665822E+02 
        79  2.883190000E-01 -5.998690000E-02  1.666670000E-01  6.261501591E-02  1.672920045E+02 
        80  3.294650000E-01 -5.982680000E-02  1.666670000E-01  6.211220630E-02  1.442671485E+02 
        81  2.471780000E-01 -5.933890000E-02  1.666670000E-01  6.320590024E-02  1.972891062E+02 
        82  3.706030000E-01 -5.898830000E-02  1.666670000E-01  6.169993703E-02  1.264568357E+02 
        83  2.060650000E-01 -5.771190000E-02  1.666670000E-01  6.373544315E-02  2.371833406E+02 
        84  4.117260000E-01 -5.757270000E-02  1.666670000E-01  6.131318320E-02  1.124466813E+02 
        85  4.528280000E-01 -5.566140000E-02  1.666670000E-01  6.087114162E-02  1.013619782E+02 
        86  1.650180000E-01 -5.486620000E-02  1.666670000E-01  6.346319636E-02  2.911871773E+02 
        87  4.939080000E-01 -5.332060000E-02  1.666670000E-01  6.036237647E-02  9.246850135E+01 
        88  5.349650000E-01 -5.060440000E-02  1.666670000E-01  5.983020156E-02  8.532079296E+01 
        89  1.241140000E-01 -5.043730000E-02  1.666670000E-01  6.048739118E-02  3.685422413E+02 
        90  5.759990000E-01 -4.755650000E-02  1.666670000E-01  5.930208588E-02  7.953543225E+01 
        91  6.170090000E-01 -4.421250000E-02  1.666670000E-01  5.878850350E-02  7.488411779E+01 
        92  8.351470000E-02 -4.379180000E-02  1.666670000E-01  5.217384394E-02  4.749609529E+02 
        93  6.579970000E-01 -4.059990000E-02  1.666670000E-01  5.829436896E-02  7.120559596E+01 
        94  5.488770000E-02 -3.697740000E-02  1.666670000E-01  3.967524438E-02  5.802602026E+02 
        95  6.989630000E-01 -3.673990000E-02  1.666670000E-01  5.782036677E-02  6.841016594E+01 
        96  7.399050000E-01 -3.264710000E-02  1.666670000E-01  5.734288664E-02  6.646901961E+01 
        97  3.777470000E-02 -3.147510000E-02  1.666670000E-01  2.536530390E-02  6.578853190E+02 
        98  7.808250000E-01 -2.833060000E-02  1.666670000E-01  5.682697124E-02  6.542460746E+01 
        99  2.634450000E-02 -2.677890000E-02  1.666670000E-01  9.594988259E-03  7.030179798E+02 
       100  8.217210000E-01 -2.379390000E-02  1.666670000E-01  5.626899164E-02  6.558186670E+01 
       101  1.821900000E-02 -2.259850000E-02  1.666670000E-01  9.571414101E-03  7.035763235E+02 
       102  1.318260000E-02 -1.942040000E-02  1.666670000E-01  2.676007510E-02  6.544131296E+02 
       103  8.625920000E-01 -1.903530000E-02  1.666670000E-01  5.561859439E-02  6.747870906E+01 
       104  9.850590000E-03 -1.691540000E-02  1.666670000E-01  4.432494526E-02  5.616657615E+02 
       105  7.411530000E-03 -1.476420000E-02  1.666670000E-01  6.126286540E-02  4.287719199E+02 
       106  9.034350000E-01 -1.404860000E-02  1.666670000E-01  5.476737107E-02  7.125601871E+01 
       107  5.510960000E-03 -1.280140000E-02  1.666670000E-01  7.797047272E-02  2.538599091E+02 
       108  3.983540000E-03 -1.093890000E-02  1.666670000E-01  9.492419742E-02  4.023916260E+01 
       109  9.337850000E-01 -1.018640000E-02  1.666670000E-01  5.369062337E-02  7.710049941E+01 
       110  2.745270000E-03 -9.124550000E-03  1.666670000E-01  1.127046670E-01 -2.331988871E+02 
       111  1.752850000E-03 -7.324960000E-03  1.666670000E-01  1.312040667E-01 -5.740341774E+02 
       112  9.641170000E-01 -6.185660000E-03  1.666670000E-01  5.254297167E-02  8.593413180E+01 
       113  9.860190000E-04 -5.518970000E-03  1.666670000E-01  1.496734176E-01 -9.572235342E+02 
       114  4.384000000E-04 -3.696570000E-03  1.666670000E-01  1.673741126E-01 -1.369891117E+03 
       115  9.885790000E-01 -2.851310000E-03  1.666670000E-01  5.152301910E-02  9.997551279E+01 
       116  1.095110000E-04 -1.855900000E-03  1.666670000E-01  1.838228042E-01 -1.788079766E+03 
       117  0.000000000E+00  0.000000000E+00  1.666670000E-01  1.983249126E-01 -2.161090536E+03 
       118  1.008950000E+00  0.000000000E+00  1.666670000E-01  3.332938623E-02  9.901772125E+01 
       119  1.095110000E-04  1.855900000E-03  1.666670000E-01  2.092301825E-01 -2.484075976E+03 
       120  9.885790000E-01  2.851310000E-03  1.666670000E-01  1.459287327E-02  8.091091657E+01 
       121  4.384000000E-04  3.696570000E-03  1.666670000E-01  2.160157404E-01 -2.782079549E+03 
       122  9.860190000E-04  5.518970000E-03  1.666670000E-01  2.205745430E-01 -3.033610655E+03 
       123  9.641170000E-01  6.185660000E-03  1.666670000E-01  1.542675039E-02  5.996164711E+01 
       124  1.752850000E-03  7.324960000E-03  1.666670000E-01  2.239302807E-01 -3.213267764E+03 
       125  2.745270000E-03  9.124550000E-03  1.666670000E-01  2.258979589E-01 -3.317667694E+03 
       126  9.337850000E-01  1.018640000E-02  1.666670000E-01  1.948176082E-02  3.308979176E+01 
       127  3.983540000E-03  1.093890000E-02  1.666670000E-01  2.266260147E-01 -3.363979432E+03 
       128  5.510960000E-03  1.280140000E-02  1.666670000E-01  2.270018233E-01 -3.365970013E+03 
       129  9.034350000E-01  1.404860000E-02  1.666670000E-01  2.377524375E-02  1.954899632E+00 
       130  7.411530000E-03  1.476420000E-02  1.666670000E-01  2.256427535E-01 -3.345973274E+03 
       131  9.850590000E-03  1.691540000E-02  1.666670000E-01  2.173047276E-01 -3.210817592E+03 
       132  8.625920000E-01  1.903530000E-02  1.666670000E-01  2.793057479E-02 -3.425411731E+01 
       133  1.318260000E-02  1.942040000E-02  1.666670000E-01  2.032797851E-01 -2.933021868E+03 
       134  1.821900000E-02  2.259850000E-02  1.666670000E-01  1.882399417E-01 -2.643745309E+03 
       135  8.217210000E-01  2.379390000E-02  1.666670000E-01  3.172633203E-02 -7.215782802E+01 
       136  2.634450000E-02  2.677890000E-02  1.666670000E-01  1.714935864E-01 -2.349511850E+03 
       137  7.808250000E-01  2.833060000E-02  1.666670000E-01  3.503586686E-02 -1.094639315E+02 
       138  3.777470000E-02  3.147510000E-02  1.666670000E-01  1.526293546E-01 -2.043159461E+03 
       139  7.399050000E-01  3.264710000E-02  1.666670000E-01  3.796247153E-02 -1.464199183E+02 
       140  6.989630000E-01  3.673990000E-02  1.666670000E-01  4.061017679E-02 -1.834340266E+02 
       141  5.488770000E-02  3.697740000E-02  1.666670000E-01  1.327835922E-01 -1.746042011E+03 
       142  6.579970000E-01  4.059990000E-02  1.666670000E-01  4.307518624E-02 -2.210815268E+02 
       143  8.351470000E-02  4.379180000E-02  1.666670000E-01  1.140195768E-01 -1.449227752E+03 
       144  6.170090000E-01  4.421250000E-02  1.666670000E-01  4.543365137E-02 -2.598691432E+02 
       145  5.759990000E-01  4.755650000E-02  1.666670000E-01  4.772456219E-02 -3.002420812E+02 
       146  1.241140000E-01  5.043730000E-02  1.666670000E-01  9.803064330E-02 -1.190132357E+03 
       147  5.349650000E-01  5.060440000E-02  1.666670000E-01  4.998197564E-02 -3.428432082E+02 
       148  4.939080000E-01  5.332060000E-02  1.666670000E-01  5.226884319E-02 -3.882906331E+02 
       149  1.650180000E-01  5.486620000E-02  1.666670000E-01  8.535963138E-02 -1.008282944E+03 
       150  4.528280000E-01  5.566140000E-02  1.666670000E-01  5.464914330E-02 -4.371892594E+02 
       151  4.117260000E-01  5.757270000E-02  1.666670000E-01  5.708920744E-02 -4.904858398E+02 
       152  2.060650000E-01  5.771190000E-02  1.666670000E-01  7.607885316E-02 -8.794151509E+02 
       153  3.706030000E-01  5.898830000E-02  1.666670000E-01  5.956454755E-02 -5.493194059E+02 
       154  2.471780000E-01  5.933890000E-02  1.666670000E-01  6.973970476E-02 -7.763291848E+02 
       155  3.294650000E-01  5.982680000E-02  1.666670000E-01  6.221938825E-02 -6.151260919E+02 
       156  2.883190000E-01  5.998690000E-02  1.666670000E-01  6.539921960E-02 -6.898665882E+02 
       157  2.883190000E-01 -5.998690000E-02  3.333330000E-01  6.261501586E-02  1.672920045E+02 
       158  3.294650000E-01 -5.982680000E-02  3.333330000E-01  6.211220628E-02  1.442671485E+02 
       159  2.471780000E-01 -5.933890000E-02  3.333330000E-01  6.320590015E-02  1.972891062E+02 
       160  3.706030000E-01 -5.898830000E-02  3.333330000E-01  6.169993703E-02  1.264568357E+02 
       161  2.060650000E-01 -5.771190000E-02  3.333330000E-01  6.373544304E-02  2.371833406E+02 
       162  4.117260000E-01 -5.757270000E-02  3.333330000E-01  6.131318321E-02  1.124466813E+02 
       163  4.528280000E-01 -5.566140000E-02  3.333330000E-01  6.087114163E-02  1.013619782E+02 
       164  1.650180000E-01 -5.486620000E-02  3.333330000E-01  6.346319624E-02  2.911871773E+02 
       165  4.939080000E-01 -5.332060000E-02  3.333330000E-01  6.036237648E-02  9.246850135E+01 
       166  5.349650000E-01 -5.060440000E-02  3.333330000E-01  5.983020157E-02  8.532079296E+01 
       167  1.241140000E-01 -5.043730000E-02  3.333330000E-01  6.048739108E-02  3.685422413E+02 
       168  5.759990000E-01 -4.755650000E-02  3.333330000E-01  5.930208590E-02  7.953543225E+01 
       169  6.170090000E-01 -4.421250000E-02  3.333330000E-01  5.878850352E-02  7.488411779E+01 
       170  8.351470000E-02 -4.379180000E-02  3.333330000E-01  5.217384390E-02  4.749609529E+02 
       171  6.579970000E-01 -4.059990000E-02  3.333330000E-01  5.829436897E-02  7.120559596E+01 
       172  5.488770000E-02 -3.697740000E-02  3.333330000E-01  3.967524438E-02  5.802602026E+02 
       173  6.989630000E-01 -3.673990000E-02  3.333330000E-01  5.782036679E-02  6.841016594E+01 
       174  7.399050000E-01 -3.264710000E-02  3.333330000E-01  5.734288666E-02  6.646901961E+01 
       175  3.777470000E-02 -3.147510000E-02  3.333330000E-01  2.536530390E-02  6.578853190E+02 
       176  7.808250000E-01 -2.833060000E-02  3.333330000E-01  5.682697125E-02  6.542460746E+01 
       177  2.634450000E-02 -2.677890000E-02  3.333330000E-01  9.594988257E-03  7.030179798E+02 
       178  8.217210000E-01 -2.379390000E-02  3.333330000E-01  5.626899166E-02  6.558186670E+01 
       179  1.821900000E-02 -2.259850000E-02  3.333330000E-01  9.571414102E-03  7.035763235E+02 
       180  1.318260000E-02 -1.942040000E-02  3.333330000E-01  2.676007511E-02  6.544131296E+02 
       181  8.625920000E-01 -1.903530000E-02  3.333330000E-01  5.561859440E-02  6.747870906E+01 
       182  9.850590000E-03 -1.691540000E-02  3.333330000E-01  4.432494527E-02  5.616657615E+02 
       183  7.411530000E-03 -1.476420000E-02  3.333330000E-01  6.126286541E-02  4.287719199E+02 
       184  9.034350000E-01 -1.404860000E-02  3.333330000E-01  5.476737108E-02  7.125601871E+01 
       185  5.510960000E-03 -1.280140000E-02  3.333330000E-01  7.797047272E-02  2.538599091E+02 
       186  3.983540000E-03 -1.093890000E-02  3.333330000E-01  9.492419742E-02  4.023916258E+01 
       187  9.337850000E-01 -1.018640000E-02  3.333330000E-01  5.369062339E-02  7.710049940E+01 
       188  2.745270000E-03 -9.124550000E-03  3.333330000E-01  1.127046670E-01 -2.331988871E+02 
       189  1.752850000E-03 -7.324960000E-03  3.333330000E-01  1.312040667E-01 -5.740341774E+02 
       190  9.641170000E-01 -6.185660000E-03  3.333330000E-01  5.254297169E-02  8.593413179E+01 
       191  9.860190000E-04 -5.518970000E-03  3.333330000E-01  1.496734176E-01 -9.572235342E+02 
       192  4.384000000E-04 -3.696570000E-03  3.333330000E-01  1.673741126E-01 -1.369891117E+03 
       193  9.885790000E-01 -2.851310000E-03  3.333330000E-01  5.152301912E-02  9.997551279E+01 
       194  1.095110000E-04 -1.855900000E-03  3.333330000E-01  1.838228042E-01 -1.788079766E+03 
       195  0.000000000E+00  0.000000000E+00  3.333330000E-01  1.983249126E-01 -2.161090536E+03 
       196  1.008950000E+00  0.000000000E+00  3.333330000E-01  3.332938624E-02  9.901772125E+01 
       197  1.095110000E-04  1.855900000E-03  3.333330000E-01  2.092301825E-01 -2.484075976E+03 
       198  9.885790000E-01  2.851310000E-03  3.333330000E-01  1.459287327E-02  8.091091657E+01 
       199  4.384000000E-04  3.696570000E-03  3.333330000E-01  2.160157404E-01 -2.782079549E+03 
       200  9.860190000E-04  5.518970000E-03  3.333330000E-01  2.205745430E-01 -3.033610655E+03 
       201  9.641170000E-01  6.185660000E-03  3.333330000E-01  1.542675039E-02  5.996164711E+01 
       202  1.752850000E-03  7.324960000E-03  3.333330000E-01  2.239302807E-01 -3.213267764E+03 
       203  2.745270000E-03  9.124550000E-03  3.333330000E-01  2.258979589E-01 -3.317667694E+03 
       204  9.337850000E-01  1.018640000E-02  3.333330000E-01  1.948176082E-02  3.308979176E+01 
       205  3.983540000E-03  1.093890000E-02  3.333330000E-01  2.266260147E-01 -3.363979432E+03 
       206  5.510960000E-03  1.280140000E-02  3.333330000E-01  2.270018233E-01 -3.365970013E+03 
       207  9.034350000E-01  1.404860000E-02  3.333330000E-01  2.377524375E-02  1.954899632E+00 
       208  7.411530000E-03  1.476420000E-02  3.333330000E-01  2.256427535E-01 -3.345973274E+03 
       209  9.850590000E-03  1.691540000E-02  3.333330000E-01  2.173047276E-01 -3.210817592E+03 
       210  8.625920000E-01  1.903530000E-02  3.333330000E-01  2.793057478E-02 -3.425411731E+01 
       211  1.318260000E-02  1.942040000E-02  3.333330000E-01  2.032797851E-01 -2.933021868E+03 
       212  1.821900000E-02  2.259850000E-02  3.333330000E-01  1.882399417E-01 -2.643745309E+03 
       213  8.217210000E-01  2.379390000E-02  3.333330000E-01  3.172633203E-02 -7.215782802E+01 
       214  2.634450000E-02  2.677890000E-02  3.333330000E-01  1.714935864E-01 -2.349511850E+03 
       215  7.808250000E-01  2.833060000E-02  3.333330000E-01  3.503586686E-02 -1.094639315E+02 
       216  3.777470000E-02  3.147510000E-02  3.333330000E-01  1.526293546E-01 -2.043159461E+03 
       217  7.399050000E-01  3.264710000E-02  3.333330000E-01  3.796247153E-02 -1.464199183E+02 
       218  6.989630000E-01  3.673990000E-02  3.333330000E-01  4.061017679E-02 -1.834340266E+02 
       219  5.488770000E-02  3.697740000E-02  3.333330000E-01  1.327835922E-01 -1.746042011E+03 
       220  6.579970000E-01  4.059990000E-02  3.333330000E-01  4.307518624E-02 -2.210815268E+02 
       221  8.351470000E-02  4.379180000E-02  3.333330000E-01  1.140195768E-01 -1.449227752E+03 
       222  6.170090000E-01  4.421250000E-02  3.333330000E-01  4.543365137E-02 -2.598691432E+02 
       223  5.759990000E-01  4.755650000E-02  3.333330000E-01  4.772456219E-02 -3.002420812E+02 
       224  1.241140000E-01  5.043730000E-02  3.333330000E-01  9.803064330E-02 -1.190132357E+03 
       225  5.349650000E-01  5.060440000E-02  3.333330000E-01  4.998197564E-02 -3.428432082E+02 
       226  4.939080000E-01  5.332060000E-02  3.333330000E-01  5.226884319E-02 -3.882906331E+02 
       227  1.650180000E-01  5.486620000E-02  3.333330000E-01  8.535963138E-02 -1.008282944E+03 
       228  4.528280000E-01  5.566140000E-02  3.333330000E-01  5.464914330E-02 -4.371892594E+02 
       229  4.117260000E-01  5.757270000E-02  3.333330000E-01  5.708920744E-02 -4.904858398E+02 
       230  2.060650000E-01  5.771190000E-02  3.333330000E-01  7.607885316E-02 -8.794151509E+02 
       231  3.706030000E-01  5.898830000E-02  3.333330000E-01  5.956454755E-02 -5.493194059E+02 
       232  2.471780000E-01  5.933890000E-02  3.333330000E-01  6.973970476E-02 -7.763291848E+02 
       233  3.294650000E-01  5.982680000E-02  3.333330000E-01  6.221938825E-02 -6.151260919E+02 
       234  2.883190000E-01  5.998690000E-02  3.333330000E-01  6.539921960E-02 -6.898665882E+02 
       235  2.883190000E-01 -5.998690000E-02  5.000000000E-01  6.261489280E-02  1.672919925E+02 
       236  3.294650000E-01 -5.982680000E-02  5.000000000E-01  6.211215176E-02  1.442671462E+02 
       237  2.471780000E-01 -5.933890000E-02  5.000000000E-01  6.320568542E-02  1.972890867E+02 
       238  3.706030000E-01 -5.898830000E-02  5.000000000E-01  6.169992633E-02  1.264568368E+02 
       239  2.060650000E-01 -5.771190000E-02  5.000000000E-01  6.373514181E-02  2.371833440E+02 
       240  4.117260000E-01 -5.757270000E-02  5.000000000E-01  6.131319749E-02  1.124466824E+02 
       241  4.528280000E-01 -5.566140000E-02  5.000000000E-01  6.087116912E-02  1.013619808E+02 
       242  1.650180000E-01 -5.486620000E-02  5.000000000E-01  6.346284091E-02  2.911872654E+02 
       243  4.939080000E-01 -5.332060000E-02  5.000000000E-01  6.036240971E-02  9.246850391E+01 
       244  5.349650000E-01 -5.060440000E-02  5.000000000E-01  5.983023570E-02  8.532079444E+01 
       245  1.241140000E-01 -5.043730000E-02  5.000000000E-01  6.048709618E-02  3.685422590E+02 
       246  5.759990000E-01 -4.755650000E-02  5.000000000E-01  5.930211824E-02  7.953543218E+01 
       247  6.170090000E-01 -4.421250000E-02  5.000000000E-01  5.878853294E-02  7.488411599E+01 
       248  8.351470000E-02 -4.379180000E-02  5.000000000E-01  5.217372343E-02  4.749606170E+02 
       249  6.579970000E-01 -4.059990000E-02  5.000000000E-01  5.829439587E-02  7.120559323E+01 
       250  5.488770000E-02 -3.697740000E-02  5.000000000E-01  3.967523801E-02  5.802599597E+02 
       251  6.989630000E-01 -3.673990000E-02  5.000000000E-01  5.782039081E-02  6.841015829E+01 
       252  7.399050000E-01 -3.264710000E-02  5.000000000E-01  5.734290742E-02  6.646901980E+01 
       253  3.777470000E-02 -3.147510000E-02  5.000000000E-01  2.536531434E-02  6.578853463E+02 
       254  7.808250000E-01 -2.833060000E-02  5.000000000E-01  5.682699069E-02  6.542461760E+01 
       255  2.634450000E-02 -2.677890000E-02  5.000000000E-01  9.594989167E-03  7.030179912E+02 
       256  8.217210000E-01 -2.379390000E-02  5.000000000E-01  5.626901156E-02  6.558186887E+01 
       257  1.821900000E-02 -2.259850000E-02  5.000000000E-01  9.571412570E-03  7.035763317E+02 
       258  1.318260000E-02 -1.942040000E-02  5.000000000E-01  2.676006985E-02  6.544131744E+02 
       259  8.625920000E-01 -1.903530000E-02  5.000000000E-01  5.561861494E-02  6.747870549E+01 
       260  9.850590000E-03 -1.691540000E-02  5.000000000E-01  4.432493350E-02  5.616658548E+02 
       261  7.411530000E-03 -1.476420000E-02  5.000000000E-01  6.126285067E-02  4.287720590E+02 
       262  9.034350000E-01 -1.404860000E-02  5.000000000E-01  5.476739191E-02  7.125601307E+01 
       263  5.510960000E-03 -1.280140000E-02  5.000000000E-01  7.797045816E-02  2.538600764E+02 
       264  3.983540000E-03 -1.093890000E-02  5.000000000E-01  9.492418405E-02  4.023932638E+01 
       265  9.337850000E-01 -1.018640000E-02  5.000000000E-01  5.369064451E-02  7.710049398E+01 
       266  2.745270000E-03 -9.124550000E-03  5.000000000E-01  1.127046564E-01 -2.331987210E+02 
       267  1.752850000E-03 -7.324960000E-03  5.000000000E-01  1.312040595E-01 -5.740340611E+02 
       268  9.641170000E-01 -6.185660000E-03  5.000000000E-01  5.254299352E-02  8.593412419E+01 
       269  9.860190000E-04 -5.518970000E-03  5.000000000E-01  1.496734136E-01 -9.572234715E+02 
       270  4.384000000E-04 -3.696570000E-03  5.000000000E-01  1.673741109E-01 -1.369891102E+03 
       271  9.885790000E-01 -2.851310000E-03  5.000000000E-01  5.152304169E-02  9.997550442E+01 
       272  1.095110000E-04 -1.855900000E-03  5.000000000E-01  1.838228038E-01 -1.788079786E+03 
       273  0.000000000E+00  0.000000000E+00  5.000000000E-01  1.983249128E-01 -2.161090571E+03 
       274  1.008950000E+00  0.000000000E+00  5.000000000E-01  3.922413836E-02  1.079128964E+02 
       275  1.095110000E-04  1.855900000E-03  5.000000000E-01  2.092301829E-01 -2.484076023E+03 
       276  9.885790000E-01  2.851310000E-03  5.000000000E-01  1.459287592E-02  8.091090853E+01 
       277  4.384000000E-04  3.696570000E-03  5.000000000E-01  2.160157409E-01 -2.782079617E+03 
       278  9.860190000E-04  5.518970000E-03  5.000000000E-01  2.205745437E-01 -3.033610740E+03 
       279  9.641170000E-01  6.185660000E-03  5.000000000E-01  1.542675107E-02  5.996164303E+01 
       280  1.752850000E-03  7.324960000E-03  5.000000000E-01  2.239302815E-01 -3.213267850E+03 
       281  2.745270000E-03  9.124550000E-03  5.000000000E-01  2.258979592E-01 -3.317667760E+03 
       282  9.337850000E-01  1.018640000E-02  5.000000000E-01  1.948176071E-02  3.308978941E+01 
       283  3.983540000E-03  1.093890000E-02  5.000000000E-01  2.266260144E-01 -3.363979472E+03 
       284  5.510960000E-03  1.280140000E-02  5.000000000E-01  2.270018233E-01 -3.365970009E+03 
       285  9.034350000E-01  1.404860000E-02  5.000000000E-01  2.377524361E-02  1.954897955E+00 
       286  7.411530000E-03  1.476420000E-02  5.000000000E-01  2.256427490E-01 -3.345973267E+03 
       287  9.850590000E-03  1.691540000E-02  5.000000000E-01  2.173047117E-01 -3.210817322E+03 
       288  8.625920000E-01  1.903530000E-02  5.000000000E-01  2.793057449E-02 -3.425411765E+01 
       289  1.318260000E-02  1.942040000E-02  5.000000000E-01  2.032797732E-01 -2.933021645E+03 
       290  1.821900000E-02  2.259850000E-02  5.000000000E-01  1.882399371E-01 -2.643745251E+03 
       291  8.217210000E-01  2.379390000E-02  5.000000000E-01  3.172633222E-02 -7.215783353E+01 
       292  2.634450000E-02  2.677890000E-02  5.000000000E-01  1.714935805E-01 -2.349511768E+03 
       293  7.808250000E-01  2.833060000E-02  5.000000000E-01  3.503586671E-02 -1.094639337E+02 
       294  3.777470000E-02  3.147510000E-02  5.000000000E-01  1.526293412E-01 -2.043159278E+03 
       295  7.399050000E-01  3.264710000E-02  5.000000000E-01  3.796247113E-02 -1.464199173E+02 
       296  6.989630000E-01  3.673990000E-02  5.000000000E-01  4.061017663E-02 -1.834340290E+02 
       297  5.488770000E-02  3.697740000E-02  5.000000000E-01  1.327835751E-01 -1.746041777E+03 
       298  6.579970000E-01  4.059990000E-02  5.000000000E-01  4.307518587E-02 -2.210815263E+02 
       299  8.351470000E-02  4.379180000E-02  5.000000000E-01  1.140195621E-01 -1.449227525E+03 
       300  6.170090000E-01  4.421250000E-02  5.000000000E-01  4.543365095E-02 -2.598691419E+02 
       301  5.759990000E-01  4.755650000E-02  5.000000000E-01  4.772456167E-02 -3.002420782E+02 
       302  1.241140000E-01  5.043730000E-02  5.000000000E-01  9.803063434E-02 -1.190132238E+03 
       303  5.349650000E-01  5.060440000E-02  5.000000000E-01  4.998197510E-02 -3.428432048E+02 
       304  4.939080000E-01  5.332060000E-02  5.000000000E-01  5.226884273E-02 -3.882906312E+02 
       305  1.650180000E-01  5.486620000E-02  5.000000000E-01  8.535962577E-02 -1.008282883E+03 
       306  4.528280000E-01  5.566140000E-02  5.000000000E-01  5.464914258E-02 -4.371892522E+02 
       307  4.117260000E-01  5.757270000E-02  5.000000000E-01  5.708920669E-02 -4.904858316E+02 
       308  2.060650000E-01  5.771190000E-02  5.000000000E-01  7.607885075E-02 -8.794151269E+02 
       309  3.706030000E-01  5.898830000E-02  5.000000000E-01  5.956454694E-02 -5.493194014E+02 
       310  2.471780000E-01  5.933890000E-02  5.000000000E-01  6.973970313E-02 -7.763291672E+02 
       311  3.294650000E-01  5.982680000E-02  5.000000000E-01  6.221938791E-02 -6.151260952E+02 
       312  2.883190000E-01  5.998690000E-02  5.000000000E-01  6.539921878E-02 -6.898665822E+02 
