nodenumber     x-coordinate     y-coordinate     z-coordinate      mach-number         pressure 
         1  2.883190000E-01 -5.998690000E-02  0.000000000E+00  8.016156040E-02 -6.595872903E+02 
         2  3.294650000E-01 -5.982680000E-02  0.000000000E+00  7.748048436E-02 -6.195883576E+02 
         3  2.471780000E-01 -5.933890000E-02  0.000000000E+00  8.379757017E-02 -7.044659654E+02 
         4  3.706030000E-01 -5.898830000E-02  0.000000000E+00  7.534225690E-02 -5.835325637E+02 
         5  2.060650000E-01 -5.771190000E-02  0.000000000E+00  8.890508033E-02 -7.559142715E+02 
         6  4.117260000E-01 -5.757270000E-02  0.000000000E+00  7.347442155E-02 -5.508032194E+02 
         7  4.528280000E-01 -5.566140000E-02  0.000000000E+00  7.173343222E-02 -5.209133173E+02 
         8  1.650180000E-01 -5.486620000E-02  0.000000000E+00  9.598905085E-02 -8.171608120E+02 
         9  4.939080000E-01 -5.332060000E-02  0.000000000E+00  7.007276486E-02 -4.934131369E+02 
        10  5.349650000E-01 -5.060440000E-02  0.000000000E+00  6.850974076E-02 -4.678309030E+02 
        11  1.241140000E-01 -5.043730000E-02  0.000000000E+00  1.046835000E-01 -8.994371298E+02 
        12  5.759990000E-01 -4.755650000E-02  0.000000000E+00  6.706283292E-02 -4.438374600E+02 
        13  6.170090000E-01 -4.421250000E-02  0.000000000E+00  6.573171663E-02 -4.210599259E+02 
        14  8.351470000E-02 -4.379180000E-02  0.000000000E+00  1.147121796E-01 -1.014871464E+03 
        15  6.579970000E-01 -4.059990000E-02  0.000000000E+00  6.448880456E-02 -3.991730057E+02 
        16  5.488770000E-02 -3.697740000E-02  0.000000000E+00  1.252030481E-01 -1.127136580E+03 
        17  6.989630000E-01 -3.673990000E-02  0.000000000E+00  6.331133066E-02 -3.779285197E+02 
        18  7.399050000E-01 -3.264710000E-02  0.000000000E+00  6.219219801E-02 -3.569004470E+02 
        19  3.777470000E-02 -3.147510000E-02  0.000000000E+00  1.356974905E-01 -1.226855478E+03 
        20  7.808250000E-01 -2.833060000E-02  0.000000000E+00  6.110547314E-02 -3.360891497E+02 
        21  2.634450000E-02 -2.677890000E-02  0.000000000E+00  1.452480464E-01 -1.317403774E+03 
        22  8.159680000E-01 -2.444550000E-02  0.000000000E+00  6.014409475E-02 -3.170959559E+02 
        23  1.821900000E-02 -2.259850000E-02  0.000000000E+00  1.541151701E-01 -1.418286931E+03 
        24  8.510930000E-01 -2.039720000E-02  0.000000000E+00  5.922439383E-02 -2.978563443E+02 
        25  1.318260000E-02 -1.942040000E-02  0.000000000E+00  1.614846297E-01 -1.484478214E+03 
        26  8.782860000E-01 -1.714700000E-02  0.000000000E+00  5.844225144E-02 -2.809629564E+02 
        27  9.850590000E-03 -1.691540000E-02  0.000000000E+00  1.637053424E-01 -1.463378258E+03 
        28  7.411530000E-03 -1.476420000E-02  0.000000000E+00  1.615698756E-01 -1.402352072E+03 
        29  9.009380000E-01 -1.436040000E-02  0.000000000E+00  5.774564909E-02 -2.653797831E+02 
        30  5.510960000E-03 -1.280140000E-02  0.000000000E+00  1.585598616E-01 -1.325368069E+03 
        31  9.198070000E-01 -1.198220000E-02  0.000000000E+00  5.710391418E-02 -2.505026832E+02 
        32  3.983540000E-03 -1.093890000E-02  0.000000000E+00  1.550512062E-01 -1.225611989E+03 
        33  9.355260000E-01 -9.960600000E-03  0.000000000E+00  5.649549694E-02 -2.362155115E+02 
        34  2.745270000E-03 -9.124550000E-03  0.000000000E+00  1.506966540E-01 -1.100471407E+03 
        35  9.486220000E-01 -8.247430000E-03  0.000000000E+00  5.590112290E-02 -2.225326556E+02 
        36  1.752850000E-03 -7.324960000E-03  0.000000000E+00  1.455211161E-01 -9.477139846E+02 
        37  9.595320000E-01 -6.799650000E-03  0.000000000E+00  5.530901572E-02 -2.095761307E+02 
        38  9.686220000E-01 -5.578890000E-03  0.000000000E+00  5.472092188E-02 -1.975717627E+02 
        39  9.860190000E-04 -5.518970000E-03  0.000000000E+00  1.393344453E-01 -7.712463380E+02 
        40  9.761960000E-01 -4.551510000E-03  0.000000000E+00  5.414650329E-02 -1.867373110E+02 
        41  4.384000000E-04 -3.696570000E-03  0.000000000E+00  1.310368243E-01 -5.867278775E+02 
        42  9.825070000E-01 -3.688230000E-03  0.000000000E+00  5.360146645E-02 -1.772722258E+02 
        43  9.877650000E-01 -2.963870000E-03  0.000000000E+00  5.310383272E-02 -1.693341321E+02 
        44  9.921460000E-01 -2.356690000E-03  0.000000000E+00  5.267415326E-02 -1.630310158E+02 
        45  1.095110000E-04 -1.855900000E-03  0.000000000E+00  1.199114353E-01 -3.873841410E+02 
        46  9.957970000E-01 -1.848260000E-03  0.000000000E+00  5.233675593E-02 -1.584232360E+02 
        47  9.988390000E-01 -1.422790000E-03  0.000000000E+00  5.208569869E-02 -1.554553974E+02 
        48  1.001370000E+00 -1.062990000E-03  0.000000000E+00  5.183876728E-02 -1.536962524E+02 
        49  1.003480000E+00 -7.543150000E-04  0.000000000E+00  5.159045883E-02 -1.526294568E+02 
        50  1.005240000E+00 -4.991700000E-04  0.000000000E+00  5.151911573E-02 -1.532387657E+02 
        51  1.006710000E+00 -2.932730000E-04  0.000000000E+00  5.184929738E-02 -1.569607326E+02 
        52  1.007930000E+00 -1.294160000E-04  0.000000000E+00  5.258123673E-02 -1.638060797E+02 
        53  0.000000000E+00  0.000000000E+00  0.000000000E+00  1.065960367E-01 -1.634092935E+02 
        54  1.008950000E+00  0.000000000E+00  0.000000000E+00  3.600276661E-02 -1.804636124E+02 
        55  1.008950000E+00  1.219510000E-03  0.000000000E+00  7.291714752E-03 -1.900761854E+02 
        56  9.957970000E-01  1.848260000E-03  0.000000000E+00  6.526091343E-04  4.003447007E+02 
        57  1.095110000E-04  1.855900000E-03  0.000000000E+00  9.184966704E-02  6.034357375E+01 
        58  9.921460000E-01  2.356690000E-03  0.000000000E+00  4.869059836E-04  4.004770771E+02 
        59  1.008950000E+00  2.439020000E-03  0.000000000E+00  4.268037200E-03 -1.842488212E+02 
        60  9.877650000E-01  2.963870000E-03  0.000000000E+00  4.442388890E-04  4.001967495E+02 
        61  1.008950000E+00  3.658540000E-03  0.000000000E+00  2.380687917E-03 -1.837322924E+02 
        62  9.825070000E-01  3.688230000E-03  0.000000000E+00  4.207661923E-04  3.997046434E+02 
        63  4.384000000E-04  3.696570000E-03  0.000000000E+00  7.629351384E-02  2.607220314E+02 
        64  9.761960000E-01  4.551510000E-03  0.000000000E+00  7.571411960E-04  3.989952655E+02 
        65  1.008950000E+00  4.878050000E-03  0.000000000E+00  1.324675826E-03 -1.827806642E+02 
        66  9.860190000E-04  5.518970000E-03  0.000000000E+00  6.052765544E-02  4.267846991E+02 
        67  9.686220000E-01  5.578890000E-03  0.000000000E+00  1.394533455E-03  3.982039029E+02 
        68  1.008950000E+00  6.097560000E-03  0.000000000E+00  2.371368732E-03 -1.827607062E+02 
        69  9.595320000E-01  6.799650000E-03  0.000000000E+00  1.222937474E-03  3.978196447E+02 
        70  1.008950000E+00  7.317070000E-03  0.000000000E+00  4.712617808E-03 -1.838853854E+02 
        71  1.752850000E-03  7.324960000E-03  0.000000000E+00  4.515827062E-02  5.522531511E+02 
        72  9.486220000E-01  8.247430000E-03  0.000000000E+00  5.777903480E-04  3.972364771E+02 
        73  1.008950000E+00  8.536590000E-03  0.000000000E+00  7.036557006E-03 -1.863233467E+02 
        74  2.745270000E-03  9.124550000E-03  0.000000000E+00  3.067572296E-02  6.374602099E+02 
        75  1.008950000E+00  9.756100000E-03  0.000000000E+00  9.236943930E-03 -1.900190919E+02 
        76  9.355260000E-01  9.960600000E-03  0.000000000E+00  3.810539860E-04  3.950134562E+02 
        77  3.983540000E-03  1.093890000E-02  0.000000000E+00  1.721030055E-02  6.888597169E+02 
        78  9.988390000E-01  1.096260000E-02  0.000000000E+00  1.174737035E-03  3.960928804E+02 
        79  1.008950000E+00  1.097560000E-02  0.000000000E+00  1.130455723E-02 -1.948765687E+02 
        80  9.198070000E-01  1.198220000E-02  0.000000000E+00  1.047894932E-03  3.895168094E+02 
        81  1.008950000E+00  1.219510000E-02  0.000000000E+00  1.324950604E-02 -2.008170583E+02 
        82  5.510960000E-03  1.280140000E-02  0.000000000E+00  6.949755777E-03  7.121191434E+02 
        83  1.008950000E+00  1.341460000E-02  0.000000000E+00  1.508715751E-02 -2.078042284E+02 
        84  9.009380000E-01  1.436040000E-02  0.000000000E+00  4.568676935E-03  3.783784834E+02 
        85  1.008950000E+00  1.463410000E-02  0.000000000E+00  1.683394546E-02 -2.158184311E+02 
        86  7.411530000E-03  1.476420000E-02  0.000000000E+00  8.231631191E-03  7.112092976E+02 
        87  1.008950000E+00  1.585370000E-02  0.000000000E+00  1.850627464E-02 -2.248414567E+02 
        88  9.850590000E-03  1.691540000E-02  0.000000000E+00  1.887608923E-02  6.891209235E+02 
        89  1.008950000E+00  1.707320000E-02  0.000000000E+00  2.011983631E-02 -2.348540256E+02 
        90  8.782860000E-01  1.714700000E-02  0.000000000E+00  1.202639953E-02  3.586693828E+02 
        91  1.008950000E+00  1.829270000E-02  0.000000000E+00  2.168853100E-02 -2.458363347E+02 
        92  1.318260000E-02  1.942040000E-02  0.000000000E+00  2.999107316E-02  6.464845314E+02 
        93  1.008950000E+00  1.951220000E-02  0.000000000E+00  2.322284013E-02 -2.577542040E+02 
        94  8.510930000E-01  2.039720000E-02  0.000000000E+00  2.151818723E-02  3.287897256E+02 
        95  1.008950000E+00  2.073170000E-02  0.000000000E+00  2.472858895E-02 -2.705436026E+02 
        96  1.001370000E+00  2.073980000E-02  0.000000000E+00  1.393669065E-03  3.827166649E+02 
        97  1.008950000E+00  2.195120000E-02  0.000000000E+00  2.620714170E-02 -2.841150983E+02 
        98  1.821900000E-02  2.259850000E-02  0.000000000E+00  4.096364755E-02  5.838226369E+02 
        99  1.008950000E+00  2.317070000E-02  0.000000000E+00  2.765686073E-02 -2.983629989E+02 
       100  1.008950000E+00  2.439020000E-02  0.000000000E+00  2.907336904E-02 -3.131589308E+02 
       101  8.159680000E-01  2.444550000E-02  0.000000000E+00  3.056277546E-02  2.911841230E+02 
       102  1.008950000E+00  2.560980000E-02  0.000000000E+00  3.044917502E-02 -3.283465509E+02 
       103  2.634450000E-02  2.677890000E-02  0.000000000E+00  5.156877483E-02  5.037481117E+02 
       104  1.008950000E+00  2.682930000E-02  0.000000000E+00  3.177410430E-02 -3.437437575E+02 
       105  1.008950000E+00  2.804880000E-02  0.000000000E+00  3.303541911E-02 -3.591459221E+02 
       106  7.808250000E-01  2.833060000E-02  0.000000000E+00  3.679486397E-02  2.564162904E+02 
       107  1.003480000E+00  2.887370000E-02  0.000000000E+00  1.223642224E-03  3.677037212E+02 
       108  1.008950000E+00  2.926830000E-02  0.000000000E+00  3.421779651E-02 -3.743335054E+02 
       109  1.008950000E+00  3.048780000E-02  0.000000000E+00  3.530354173E-02 -3.890783970E+02 
       110  3.777470000E-02  3.147510000E-02  0.000000000E+00  6.124157606E-02  4.064292366E+02 
       111  1.008950000E+00  3.170730000E-02  0.000000000E+00  3.627242446E-02 -4.031486274E+02 
       112  7.399050000E-01  3.264710000E-02  0.000000000E+00  4.152778966E-02  2.239964298E+02 
       113  1.008950000E+00  3.292680000E-02  0.000000000E+00  3.710142224E-02 -4.163140979E+02 
       114  1.008950000E+00  3.414630000E-02  0.000000000E+00  3.776518465E-02 -4.283513232E+02 
       115  1.008950000E+00  3.536590000E-02  0.000000000E+00  3.823791244E-02 -4.390498436E+02 
       116  1.005240000E+00  3.565510000E-02  0.000000000E+00  1.549499700E-03  3.693941766E+02 
       117  1.008950000E+00  3.658540000E-02  0.000000000E+00  3.849652834E-02 -4.482262779E+02 
       118  6.989630000E-01  3.673990000E-02  0.000000000E+00  4.508004425E-02  1.968653227E+02 
       119  5.488770000E-02  3.697740000E-02  0.000000000E+00  6.894025583E-02  3.019420623E+02 
       120  1.008950000E+00  3.780490000E-02  0.000000000E+00  3.851819034E-02 -4.556803834E+02 
       121  1.008950000E+00  3.902440000E-02  0.000000000E+00  3.827815686E-02 -4.610560088E+02 
       122  1.008950000E+00  4.024390000E-02  0.000000000E+00  3.776599389E-02 -4.640373062E+02 
       123  6.579970000E-01  4.059990000E-02  0.000000000E+00  4.790347982E-02  1.737092972E+02 
       124  1.006710000E+00  4.131690000E-02  0.000000000E+00  1.040952147E-02  4.077767869E+02 
       125  1.008950000E+00  4.146340000E-02  0.000000000E+00  3.696550719E-02 -4.645547124E+02 
       126  1.008950000E+00  4.268290000E-02  0.000000000E+00  3.585745700E-02 -4.626854599E+02 
       127  8.351470000E-02  4.379180000E-02  0.000000000E+00  7.379812021E-02  2.069959842E+02 
       128  1.008950000E+00  4.390240000E-02  0.000000000E+00  3.440471944E-02 -4.584923781E+02 
       129  6.170090000E-01  4.421250000E-02  0.000000000E+00  5.032311208E-02  1.533111488E+02 
       130  1.008950000E+00  4.512200000E-02  0.000000000E+00  3.256380279E-02 -4.520841594E+02 
       131  1.007930000E+00  4.604710000E-02  0.000000000E+00  3.940198185E-02  4.408893590E+02 
       132  1.008950000E+00  4.634150000E-02  0.000000000E+00  3.030040342E-02 -4.444159714E+02 
       133  5.759990000E-01  4.755650000E-02  0.000000000E+00  5.250433677E-02  1.350263761E+02 
       134  1.008950000E+00  4.756100000E-02  0.000000000E+00  2.823508287E-02 -4.363486038E+02 
       135  1.008950000E+00  4.878050000E-02  0.000000000E+00  2.485346927E-02 -4.422237141E+02 
       136  1.008950000E+00  5.000000000E-02  0.000000000E+00  4.607991785E-02 -6.137052677E+01 
       137  1.241140000E-01  5.043730000E-02  0.000000000E+00  7.540927226E-02  1.344075678E+02 
       138  5.349650000E-01  5.060440000E-02  0.000000000E+00  5.454690015E-02  1.184822928E+02 
       139  4.939080000E-01  5.332060000E-02  0.000000000E+00  5.651924261E-02  1.034998749E+02 
       140  1.650180000E-01  5.486620000E-02  0.000000000E+00  7.409145025E-02  9.304674411E+01 
       141  4.528280000E-01  5.566140000E-02  0.000000000E+00  5.845573312E-02  9.010149335E+01 
       142  4.117260000E-01  5.757270000E-02  0.000000000E+00  6.034848224E-02  7.846295884E+01 
       143  2.060650000E-01  5.771190000E-02  0.000000000E+00  7.135110857E-02  7.169797192E+01 
       144  3.706030000E-01  5.898830000E-02  0.000000000E+00  6.222224158E-02  6.895413073E+01 
       145  2.471780000E-01  5.933890000E-02  0.000000000E+00  6.860360881E-02  6.194522315E+01 
       146  3.294650000E-01  5.982680000E-02  0.000000000E+00  6.419141166E-02  6.205405966E+01 
       147  2.883190000E-01  5.998690000E-02  0.000000000E+00  6.626137548E-02  5.935591890E+01 
       148  2.883190000E-01 -5.998690000E-02  3.333330000E-02  8.016156286E-02 -6.595873244E+02 
       149  3.294650000E-01 -5.982680000E-02  3.333330000E-02  7.748048294E-02 -6.195883399E+02 
       150  2.471780000E-01 -5.933890000E-02  3.333330000E-02  8.379757896E-02 -7.044660616E+02 
       151  3.706030000E-01 -5.898830000E-02  3.333330000E-02  7.534225801E-02 -5.835325910E+02 
       152  2.060650000E-01 -5.771190000E-02  3.333330000E-02  8.890509432E-02 -7.559143972E+02 
       153  4.117260000E-01 -5.757270000E-02  3.333330000E-02  7.347442404E-02 -5.508032682E+02 
       154  4.528280000E-01 -5.566140000E-02  3.333330000E-02  7.173343470E-02 -5.209133609E+02 
       155  1.650180000E-01 -5.486620000E-02  3.333330000E-02  9.598908806E-02 -8.171611143E+02 
       156  4.939080000E-01 -5.332060000E-02  3.333330000E-02  7.007276553E-02 -4.934131498E+02 
       157  5.349650000E-01 -5.060440000E-02  3.333330000E-02  6.850974187E-02 -4.678309259E+02 
       158  1.241140000E-01 -5.043730000E-02  3.333330000E-02  1.046835538E-01 -8.994376938E+02 
       159  5.759990000E-01 -4.755650000E-02  3.333330000E-02  6.706283372E-02 -4.438374819E+02 
       160  6.170090000E-01 -4.421250000E-02  3.333330000E-02  6.573171666E-02 -4.210599389E+02 
       161  8.351470000E-02 -4.379180000E-02  3.333330000E-02  1.147123958E-01 -1.014874122E+03 
       162  6.579970000E-01 -4.059990000E-02  3.333330000E-02  6.448880426E-02 -3.991730163E+02 
       163  5.488770000E-02 -3.697740000E-02  3.333330000E-02  1.252033672E-01 -1.127139602E+03 
       164  6.989630000E-01 -3.673990000E-02  3.333330000E-02  6.331132937E-02 -3.779285137E+02 
       165  7.399050000E-01 -3.264710000E-02  3.333330000E-02  6.219219785E-02 -3.569004619E+02 
       166  3.777470000E-02 -3.147510000E-02  3.333330000E-02  1.356977084E-01 -1.226857560E+03 
       167  7.808250000E-01 -2.833060000E-02  3.333330000E-02  6.110546621E-02 -3.360890338E+02 
       168  2.634450000E-02 -2.677890000E-02  3.333330000E-02  1.452481308E-01 -1.317404576E+03 
       169  8.159680000E-01 -2.444550000E-02  3.333330000E-02  6.014409494E-02 -3.170959686E+02 
       170  1.821900000E-02 -2.259850000E-02  3.333330000E-02  1.541152444E-01 -1.418287923E+03 
       171  8.510930000E-01 -2.039720000E-02  3.333330000E-02  5.922438617E-02 -2.978561704E+02 
       172  1.318260000E-02 -1.942040000E-02  3.333330000E-02  1.614847410E-01 -1.484478493E+03 
       173  8.782860000E-01 -1.714700000E-02  3.333330000E-02  5.844224998E-02 -2.809628812E+02 
       174  9.850590000E-03 -1.691540000E-02  3.333330000E-02  1.637053047E-01 -1.463376690E+03 
       175  7.411530000E-03 -1.476420000E-02  3.333330000E-02  1.615697904E-01 -1.402350174E+03 
       176  9.009380000E-01 -1.436040000E-02  3.333330000E-02  5.774565389E-02 -2.653797963E+02 
       177  5.510960000E-03 -1.280140000E-02  3.333330000E-02  1.585597798E-01 -1.325365742E+03 
       178  9.198070000E-01 -1.198220000E-02  3.333330000E-02  5.710392252E-02 -2.505027219E+02 
       179  3.983540000E-03 -1.093890000E-02  3.333330000E-02  1.550511205E-01 -1.225609572E+03 
       180  9.355260000E-01 -9.960600000E-03  3.333330000E-02  5.649550621E-02 -2.362155389E+02 
       181  2.745270000E-03 -9.124550000E-03  3.333330000E-02  1.506965762E-01 -1.100469151E+03 
       182  9.486220000E-01 -8.247430000E-03  3.333330000E-02  5.590112836E-02 -2.225326265E+02 
       183  1.752850000E-03 -7.324960000E-03  3.333330000E-02  1.455210557E-01 -9.477121860E+02 
       184  9.595320000E-01 -6.799650000E-03  3.333330000E-02  5.530900810E-02 -2.095759423E+02 
       185  9.686220000E-01 -5.578890000E-03  3.333330000E-02  5.472088875E-02 -1.975712891E+02 
       186  9.860190000E-04 -5.518970000E-03  3.333330000E-02  1.393344017E-01 -7.712451477E+02 
       187  9.761960000E-01 -4.551510000E-03  3.333330000E-02  5.414643188E-02 -1.867364344E+02 
       188  4.384000000E-04 -3.696570000E-03  3.333330000E-02  1.310367931E-01 -5.867272992E+02 
       189  9.825070000E-01 -3.688230000E-03  3.333330000E-02  5.360134533E-02 -1.772708486E+02 
       190  9.877650000E-01 -2.963870000E-03  3.333330000E-02  5.310365242E-02 -1.693321877E+02 
       191  9.921460000E-01 -2.356690000E-03  3.333330000E-02  5.267390709E-02 -1.630284725E+02 
       192  1.095110000E-04 -1.855900000E-03  3.333330000E-02  1.199114217E-01 -3.873839081E+02 
       193  9.957970000E-01 -1.848260000E-03  3.333330000E-02  5.233643995E-02 -1.584200882E+02 
       194  9.988390000E-01 -1.422790000E-03  3.333330000E-02  5.208531107E-02 -1.554516517E+02 
       195  1.001370000E+00 -1.062990000E-03  3.333330000E-02  5.183830898E-02 -1.536919306E+02 
       196  1.003480000E+00 -7.543150000E-04  3.333330000E-02  5.158993302E-02 -1.526246194E+02 
       197  1.005240000E+00 -4.991700000E-04  3.333330000E-02  5.151852537E-02 -1.532334154E+02 
       198  1.006710000E+00 -2.932730000E-04  3.333330000E-02  5.184864174E-02 -1.569548151E+02 
       199  1.007930000E+00 -1.294160000E-04  3.333330000E-02  5.258051980E-02 -1.637996284E+02 
       200  0.000000000E+00  0.000000000E+00  3.333330000E-02  1.065960369E-01 -1.634092985E+02 
       201  1.008950000E+00  0.000000000E+00  3.333330000E-02  3.120214916E-02 -1.820042415E+02 
       202  1.008950000E+00  1.219510000E-03  3.333330000E-02  7.291583693E-03 -1.900681271E+02 
       203  9.957970000E-01  1.848260000E-03  3.333330000E-02  6.528335779E-04  4.003442399E+02 
       204  1.095110000E-04  1.855900000E-03  3.333330000E-02  9.184968415E-02  6.034333207E+01 
       205  9.921460000E-01  2.356690000E-03  3.333330000E-02  4.868993628E-04  4.004770745E+02 
       206  1.008950000E+00  2.439020000E-03  3.333330000E-02  4.267971079E-03 -1.842409025E+02 
       207  9.877650000E-01  2.963870000E-03  3.333330000E-02  4.442165550E-04  4.001967342E+02 
       208  1.008950000E+00  3.658540000E-03  3.333330000E-02  2.380539416E-03 -1.837242750E+02 
       209  9.825070000E-01  3.688230000E-03  3.333330000E-02  4.207695556E-04  3.997046190E+02 
       210  4.384000000E-04  3.696570000E-03  3.333330000E-02  7.629356456E-02  2.607214374E+02 
       211  9.761960000E-01  4.551510000E-03  3.333330000E-02  7.571721472E-04  3.989952407E+02 
       212  1.008950000E+00  4.878050000E-03  3.333330000E-02  1.324614674E-03 -1.827727017E+02 
       213  9.860190000E-04  5.518970000E-03  3.333330000E-02  6.052775652E-02  4.267837557E+02 
       214  9.686220000E-01  5.578890000E-03  3.333330000E-02  1.394550067E-03  3.982038979E+02 
       215  1.008950000E+00  6.097560000E-03  3.333330000E-02  2.371374497E-03 -1.827527311E+02 
       216  9.595320000E-01  6.799650000E-03  3.333330000E-02  1.222930104E-03  3.978196466E+02 
       217  1.008950000E+00  7.317070000E-03  3.333330000E-02  4.712460968E-03 -1.838773133E+02 
       218  1.752850000E-03  7.324960000E-03  3.333330000E-02  4.515843326E-02  5.522520270E+02 
       219  9.486220000E-01  8.247430000E-03  3.333330000E-02  5.777954485E-04  3.972364769E+02 
       220  1.008950000E+00  8.536590000E-03  3.333330000E-02  7.036153969E-03 -1.863154081E+02 
       221  2.745270000E-03  9.124550000E-03  3.333330000E-02  3.067594987E-02  6.374591309E+02 
       222  1.008950000E+00  9.756100000E-03  3.333330000E-02  9.236247315E-03 -1.900111130E+02 
       223  9.355260000E-01  9.960600000E-03  3.333330000E-02  3.810768509E-04  3.950134735E+02 
       224  3.983540000E-03  1.093890000E-02  3.333330000E-02  1.721058271E-02  6.888589319E+02 
       225  9.988390000E-01  1.096260000E-02  3.333330000E-02  1.176470173E-03  3.960745454E+02 
       226  1.008950000E+00  1.097560000E-02  3.333330000E-02  1.130355551E-02 -1.948683645E+02 
       227  9.198070000E-01  1.198220000E-02  3.333330000E-02  1.047885018E-03  3.895168529E+02 
       228  1.008950000E+00  1.219510000E-02  3.333330000E-02  1.324820018E-02 -2.008085164E+02 
       229  5.510960000E-03  1.280140000E-02  3.333330000E-02  6.949955136E-03  7.121188757E+02 
       230  1.008950000E+00  1.341460000E-02  3.333330000E-02  1.508555605E-02 -2.077952927E+02 
       231  9.009380000E-01  1.436040000E-02  3.333330000E-02  4.568617878E-03  3.783785713E+02 
       232  1.008950000E+00  1.463410000E-02  3.333330000E-02  1.683206593E-02 -2.158090643E+02 
       233  7.411530000E-03  1.476420000E-02  3.333330000E-02  8.231338104E-03  7.112096530E+02 
       234  1.008950000E+00  1.585370000E-02  3.333330000E-02  1.850414319E-02 -2.248316400E+02 
       235  9.850590000E-03  1.691540000E-02  3.333330000E-02  1.887577926E-02  6.891218191E+02 
       236  1.008950000E+00  1.707320000E-02  3.333330000E-02  2.011748629E-02 -2.348437708E+02 
       237  8.782860000E-01  1.714700000E-02  3.333330000E-02  1.202629935E-02  3.586696073E+02 
       238  1.008950000E+00  1.829270000E-02  3.333330000E-02  2.168600083E-02 -2.458256942E+02 
       239  1.318260000E-02  1.942040000E-02  3.333330000E-02  2.999086034E-02  6.464855606E+02 
       240  1.008950000E+00  1.951220000E-02  3.333330000E-02  2.322016952E-02 -2.577432784E+02 
       241  8.510930000E-01  2.039720000E-02  3.333330000E-02  2.151806421E-02  3.287901391E+02 
       242  1.008950000E+00  2.073170000E-02  3.333330000E-02  2.472582107E-02 -2.705325201E+02 
       243  1.001370000E+00  2.073980000E-02  3.333330000E-02  1.392624170E-03  3.826775300E+02 
       244  1.008950000E+00  2.195120000E-02  3.333330000E-02  2.620432540E-02 -2.841040152E+02 
       245  1.821900000E-02  2.259850000E-02  3.333330000E-02  4.096355736E-02  5.838232411E+02 
       246  1.008950000E+00  2.317070000E-02  3.333330000E-02  2.765404939E-02 -2.983521261E+02 
       247  1.008950000E+00  2.439020000E-02  3.333330000E-02  2.907061897E-02 -3.131485059E+02 
       248  8.159680000E-01  2.444550000E-02  3.333330000E-02  3.056277386E-02  2.911841303E+02 
       249  1.008950000E+00  2.560980000E-02  3.333330000E-02  3.044654572E-02 -3.283368150E+02 
       250  2.634450000E-02  2.677890000E-02  3.333330000E-02  5.156867522E-02  5.037489681E+02 
       251  1.008950000E+00  2.682930000E-02  3.333330000E-02  3.177165711E-02 -3.437349503E+02 
       252  1.008950000E+00  2.804880000E-02  3.333330000E-02  3.303321471E-02 -3.591382722E+02 
       253  7.808250000E-01  2.833060000E-02  3.333330000E-02  3.679483121E-02  2.564165061E+02 
       254  1.003480000E+00  2.887370000E-02  3.333330000E-02  1.223670139E-03  3.676848430E+02 
       255  1.008950000E+00  2.926830000E-02  3.333330000E-02  3.421589458E-02 -3.743272072E+02 
       256  1.008950000E+00  3.048780000E-02  3.333330000E-02  3.530199767E-02 -3.890735901E+02 
       257  3.777470000E-02  3.147510000E-02  3.333330000E-02  6.124138656E-02  4.064314875E+02 
       258  1.008950000E+00  3.170730000E-02  3.333330000E-02  3.627128364E-02 -4.031453819E+02 
       259  7.399050000E-01  3.264710000E-02  3.333330000E-02  4.152779074E-02  2.239964217E+02 
       260  1.008950000E+00  3.292680000E-02  3.333330000E-02  3.710071443E-02 -4.163124054E+02 
       261  1.008950000E+00  3.414630000E-02  3.333330000E-02  3.776492011E-02 -4.283510981E+02 
       262  1.008950000E+00  3.536590000E-02  3.333330000E-02  3.823807745E-02 -4.390509450E+02 
       263  1.005240000E+00  3.565510000E-02  3.333330000E-02  1.550492227E-03  3.694227060E+02 
       264  1.008950000E+00  3.658540000E-02  3.333330000E-02  3.849708318E-02 -4.482284104E+02 
       265  6.989630000E-01  3.673990000E-02  3.333330000E-02  4.508004188E-02  1.968653401E+02 
       266  5.488770000E-02  3.697740000E-02  3.333330000E-02  6.894006856E-02  3.019451191E+02 
       267  1.008950000E+00  3.780490000E-02  3.333330000E-02  3.851907312E-02 -4.556834544E+02 
       268  1.008950000E+00  3.902440000E-02  3.333330000E-02  3.827930296E-02 -4.610599500E+02 
       269  1.008950000E+00  4.024390000E-02  3.333330000E-02  3.776734040E-02 -4.640416950E+02 
       270  6.579970000E-01  4.059990000E-02  3.333330000E-02  4.790347996E-02  1.737092939E+02 
       271  1.006710000E+00  4.131690000E-02  3.333330000E-02  1.043124078E-02  4.078623978E+02 
       272  1.008950000E+00  4.146340000E-02  3.333330000E-02  3.696698223E-02 -4.645589981E+02 
       273  1.008950000E+00  4.268290000E-02  3.333330000E-02  3.585898276E-02 -4.626890717E+02 
       274  8.351470000E-02  4.379180000E-02  3.333330000E-02  7.379805509E-02  2.069977872E+02 
       275  1.008950000E+00  4.390240000E-02  3.333330000E-02  3.440619511E-02 -4.584946801E+02 
       276  6.170090000E-01  4.421250000E-02  3.333330000E-02  5.032311264E-02  1.533111422E+02 
       277  1.008950000E+00  4.512200000E-02  3.333330000E-02  3.256508389E-02 -4.520843968E+02 
       278  1.007930000E+00  4.604710000E-02  3.333330000E-02  3.944195956E-02  4.408932496E+02 
       279  1.008950000E+00  4.634150000E-02  3.333330000E-02  3.030129783E-02 -4.444133941E+02 
       280  5.759990000E-01  4.755650000E-02  3.333330000E-02  5.250433824E-02  1.350263623E+02 
       281  1.008950000E+00  4.756100000E-02  3.333330000E-02  2.823523276E-02 -4.363431749E+02 
       282  1.008950000E+00  4.878050000E-02  3.333330000E-02  2.485274893E-02 -4.422140536E+02 
       283  1.008950000E+00  5.000000000E-02  3.333330000E-02  4.100878484E-02 -6.103117007E+00 
       284  1.241140000E-01  5.043730000E-02  3.333330000E-02  7.540927243E-02  1.344078805E+02 
       285  5.349650000E-01  5.060440000E-02  3.333330000E-02  5.454690171E-02  1.184822792E+02 
       286  4.939080000E-01  5.332060000E-02  3.333330000E-02  5.651924346E-02  1.034998677E+02 
       287  1.650180000E-01  5.486620000E-02  3.333330000E-02  7.409146185E-02  9.304686883E+01 
       288  4.528280000E-01  5.566140000E-02  3.333330000E-02  5.845573608E-02  9.010147318E+01 
       289  4.117260000E-01  5.757270000E-02  3.333330000E-02  6.034848519E-02  7.846294114E+01 
       290  2.060650000E-01  5.771190000E-02  3.333330000E-02  7.135111530E-02  7.169800326E+01 
       291  3.706030000E-01  5.898830000E-02  3.333330000E-02  6.222224302E-02  6.895412331E+01 
       292  2.471780000E-01  5.933890000E-02  3.333330000E-02  6.860361427E-02  6.194523226E+01 
       293  3.294650000E-01  5.982680000E-02  3.333330000E-02  6.419141063E-02  6.205406145E+01 
       294  2.883190000E-01  5.998690000E-02  3.333330000E-02  6.626137726E-02  5.935591808E+01 
       295  2.883190000E-01 -5.998690000E-02  6.666670000E-02  8.016156287E-02 -6.595873278E+02 
       296  3.294650000E-01 -5.982680000E-02  6.666670000E-02  7.748048340E-02 -6.195883431E+02 
       297  2.471780000E-01 -5.933890000E-02  6.666670000E-02  8.379757870E-02 -7.044660657E+02 
       298  3.706030000E-01 -5.898830000E-02  6.666670000E-02  7.534225885E-02 -5.835325946E+02 
       299  2.060650000E-01 -5.771190000E-02  6.666670000E-02  8.890509395E-02 -7.559144026E+02 
       300  4.117260000E-01 -5.757270000E-02  6.666670000E-02  7.347442489E-02 -5.508032721E+02 
       301  4.528280000E-01 -5.566140000E-02  6.666670000E-02  7.173343519E-02 -5.209133648E+02 
       302  1.650180000E-01 -5.486620000E-02  6.666670000E-02  9.598908761E-02 -8.171611201E+02 
       303  4.939080000E-01 -5.332060000E-02  6.666670000E-02  7.007276554E-02 -4.934131537E+02 
       304  5.349650000E-01 -5.060440000E-02  6.666670000E-02  6.850974156E-02 -4.678309304E+02 
       305  1.241140000E-01 -5.043730000E-02  6.666670000E-02  1.046835534E-01 -8.994376983E+02 
       306  5.759990000E-01 -4.755650000E-02  6.666670000E-02  6.706283332E-02 -4.438374880E+02 
       307  6.170090000E-01 -4.421250000E-02  6.666670000E-02  6.573171635E-02 -4.210599473E+02 
       308  8.351470000E-02 -4.379180000E-02  6.666670000E-02  1.147123957E-01 -1.014874123E+03 
       309  6.579970000E-01 -4.059990000E-02  6.666670000E-02  6.448880410E-02 -3.991730279E+02 
       310  5.488770000E-02 -3.697740000E-02  6.666670000E-02  1.252033675E-01 -1.127139600E+03 
       311  6.989630000E-01 -3.673990000E-02  6.666670000E-02  6.331132930E-02 -3.779285291E+02 
       312  7.399050000E-01 -3.264710000E-02  6.666670000E-02  6.219219771E-02 -3.569004802E+02 
       313  3.777470000E-02 -3.147510000E-02  6.666670000E-02  1.356977089E-01 -1.226857556E+03 
       314  7.808250000E-01 -2.833060000E-02  6.666670000E-02  6.110546605E-02 -3.360890529E+02 
       315  2.634450000E-02 -2.677890000E-02  6.666670000E-02  1.452481313E-01 -1.317404570E+03 
       316  8.159680000E-01 -2.444550000E-02  6.666670000E-02  6.014409563E-02 -3.170959943E+02 
       317  1.821900000E-02 -2.259850000E-02  6.666670000E-02  1.541152448E-01 -1.418287916E+03 
       318  8.510930000E-01 -2.039720000E-02  6.666670000E-02  5.922439016E-02 -2.978562264E+02 
       319  1.318260000E-02 -1.942040000E-02  6.666670000E-02  1.614847411E-01 -1.484478483E+03 
       320  8.782860000E-01 -1.714700000E-02  6.666670000E-02  5.844226181E-02 -2.809630112E+02 
       321  9.850590000E-03 -1.691540000E-02  6.666670000E-02  1.637053046E-01 -1.463376678E+03 
       322  7.411530000E-03 -1.476420000E-02  6.666670000E-02  1.615697902E-01 -1.402350163E+03 
       323  9.009380000E-01 -1.436040000E-02  6.666670000E-02  5.774568113E-02 -2.653800678E+02 
       324  5.510960000E-03 -1.280140000E-02  6.666670000E-02  1.585597795E-01 -1.325365731E+03 
       325  9.198070000E-01 -1.198220000E-02  6.666670000E-02  5.710397512E-02 -2.505032093E+02 
       326  3.983540000E-03 -1.093890000E-02  6.666670000E-02  1.550511202E-01 -1.225609562E+03 
       327  9.355260000E-01 -9.960600000E-03  6.666670000E-02  5.649559545E-02 -2.362163044E+02 
       328  2.745270000E-03 -9.124550000E-03  6.666670000E-02  1.506965759E-01 -1.100469141E+03 
       329  9.486220000E-01 -8.247430000E-03  6.666670000E-02  5.590126467E-02 -2.225336969E+02 
       330  1.752850000E-03 -7.324960000E-03  6.666670000E-02  1.455210554E-01 -9.477121774E+02 
       331  9.595320000E-01 -6.799650000E-03  6.666670000E-02  5.530919799E-02 -2.095772804E+02 
       332  9.686220000E-01 -5.578890000E-03  6.666670000E-02  5.472113275E-02 -1.975727827E+02 
       333  9.860190000E-04 -5.518970000E-03  6.666670000E-02  1.393344013E-01 -7.712451398E+02 
       334  9.761960000E-01 -4.551510000E-03  6.666670000E-02  5.414672281E-02 -1.867379039E+02 
       335  4.384000000E-04 -3.696570000E-03  6.666670000E-02  1.310367927E-01 -5.867272912E+02 
       336  9.825070000E-01 -3.688230000E-03  6.666670000E-02  5.360166850E-02 -1.772720616E+02 
       337  9.877650000E-01 -2.963870000E-03  6.666670000E-02  5.310398807E-02 -1.693328916E+02 
       338  9.921460000E-01 -2.356690000E-03  6.666670000E-02  5.267423315E-02 -1.630284305E+02 
       339  1.095110000E-04 -1.855900000E-03  6.666670000E-02  1.199114213E-01 -3.873839000E+02 
       340  9.957970000E-01 -1.848260000E-03  6.666670000E-02  5.233673465E-02 -1.584191058E+02 
       341  9.988390000E-01 -1.422790000E-03  6.666670000E-02  5.208555401E-02 -1.554495800E+02 
       342  1.001370000E+00 -1.062990000E-03  6.666670000E-02  5.183848187E-02 -1.536886604E+02 
       343  1.003480000E+00 -7.543150000E-04  6.666670000E-02  5.159002265E-02 -1.526201593E+02 
       344  1.005240000E+00 -4.991700000E-04  6.666670000E-02  5.151852220E-02 -1.532276854E+02 
       345  1.006710000E+00 -2.932730000E-04  6.666670000E-02  5.184851860E-02 -1.569476390E+02 
       346  1.007930000E+00 -1.294160000E-04  6.666670000E-02  5.258025801E-02 -1.637911548E+02 
       347  0.000000000E+00  0.000000000E+00  6.666670000E-02  1.065960364E-01 -1.634092902E+02 
       348  1.008950000E+00  0.000000000E+00  6.666670000E-02  3.120187594E-02 -1.819942024E+02 
       349  1.008950000E+00  1.219510000E-03  6.666670000E-02  7.291443763E-03 -1.900573824E+02 
       350  9.957970000E-01  1.848260000E-03  6.666670000E-02  6.528445374E-04  4.003440372E+02 
       351  1.095110000E-04  1.855900000E-03  6.666670000E-02  9.184968368E-02  6.034334037E+01 
       352  9.921460000E-01  2.356690000E-03  6.666670000E-02  4.868888185E-04  4.004768785E+02 
       353  1.008950000E+00  2.439020000E-03  6.666670000E-02  4.267880402E-03 -1.842305758E+02 
       354  9.877650000E-01  2.963870000E-03  6.666670000E-02  4.441940992E-04  4.001965384E+02 
       355  1.008950000E+00  3.658540000E-03  6.666670000E-02  2.380399010E-03 -1.837140852E+02 
       356  9.825070000E-01  3.688230000E-03  6.666670000E-02  4.207754131E-04  3.997044184E+02 
       357  4.384000000E-04  3.696570000E-03  6.666670000E-02  7.629356405E-02  2.607214458E+02 
       358  9.761960000E-01  4.551510000E-03  6.666670000E-02  7.572111378E-04  3.989950401E+02 
       359  1.008950000E+00  4.878050000E-03  6.666670000E-02  1.324508215E-03 -1.827628977E+02 
       360  9.860190000E-04  5.518970000E-03  6.666670000E-02  6.052775595E-02  4.267837641E+02 
       361  9.686220000E-01  5.578890000E-03  6.666670000E-02  1.394605580E-03  3.982037017E+02 
       362  1.008950000E+00  6.097560000E-03  6.666670000E-02  2.371285446E-03 -1.827431373E+02 
       363  9.595320000E-01  6.799650000E-03  6.666670000E-02  1.222976366E-03  3.978194794E+02 
       364  1.008950000E+00  7.317070000E-03  6.666670000E-02  4.712270454E-03 -1.838678081E+02 
       365  1.752850000E-03  7.324960000E-03  6.666670000E-02  4.515843264E-02  5.522520348E+02 
       366  9.486220000E-01  8.247430000E-03  6.666670000E-02  5.777992463E-04  3.972363478E+02 
       367  1.008950000E+00  8.536590000E-03  6.666670000E-02  7.035810094E-03 -1.863063421E+02 
       368  2.745270000E-03  9.124550000E-03  6.666670000E-02  3.067594922E-02  6.374591379E+02 
       369  1.008950000E+00  9.756100000E-03  6.666670000E-02  9.235719905E-03 -1.900023982E+02 
       370  9.355260000E-01  9.960600000E-03  6.666670000E-02  3.810577797E-04  3.950133747E+02 
       371  3.983540000E-03  1.093890000E-02  6.666670000E-02  1.721058205E-02  6.888589379E+02 
       372  9.988390000E-01  1.096260000E-02  6.666670000E-02  1.176490722E-03  3.960742271E+02 
       373  1.008950000E+00  1.097560000E-02  6.666670000E-02  1.130284507E-02 -1.948599148E+02 
       374  9.198070000E-01  1.198220000E-02  6.666670000E-02  1.047878266E-03  3.895167905E+02 
       375  1.008950000E+00  1.219510000E-02  6.666670000E-02  1.324731555E-02 -2.008002795E+02 
       376  5.510960000E-03  1.280140000E-02  6.666670000E-02  6.949954967E-03  7.121188806E+02 
       377  1.008950000E+00  1.341460000E-02  6.666670000E-02  1.508450886E-02 -2.077872402E+02 
       378  9.009380000E-01  1.436040000E-02  6.666670000E-02  4.568615541E-03  3.783785440E+02 
       379  1.008950000E+00  1.463410000E-02  6.666670000E-02  1.683087013E-02 -2.158011794E+02 
       380  7.411530000E-03  1.476420000E-02  6.666670000E-02  8.231338554E-03  7.112096568E+02 
       381  1.008950000E+00  1.585370000E-02  6.666670000E-02  1.850281289E-02 -2.248239092E+02 
       382  9.850590000E-03  1.691540000E-02  6.666670000E-02  1.887577978E-02  6.891218221E+02 
       383  1.008950000E+00  1.707320000E-02  6.666670000E-02  2.011603422E-02 -2.348361861E+02 
       384  8.782860000E-01  1.714700000E-02  6.666670000E-02  1.202629297E-02  3.586696065E+02 
       385  1.008950000E+00  1.829270000E-02  6.666670000E-02  2.168443890E-02 -2.458182579E+02 
       386  1.318260000E-02  1.942040000E-02  6.666670000E-02  2.999086072E-02  6.464855634E+02 
       387  1.008950000E+00  1.951220000E-02  6.666670000E-02  2.321851053E-02 -2.577360332E+02 
       388  8.510930000E-01  2.039720000E-02  6.666670000E-02  2.151805972E-02  3.287901491E+02 
       389  1.008950000E+00  2.073170000E-02  6.666670000E-02  2.472408007E-02 -2.705255514E+02 
       390  1.001370000E+00  2.073980000E-02  6.666670000E-02  1.392636430E-03  3.826770280E+02 
       391  1.008950000E+00  2.195120000E-02  6.666670000E-02  2.620251857E-02 -2.840974168E+02 
       392  1.821900000E-02  2.259850000E-02  6.666670000E-02  4.096355760E-02  5.838232442E+02 
       393  1.008950000E+00  2.317070000E-02  6.666670000E-02  2.765219344E-02 -2.983459997E+02 
       394  1.008950000E+00  2.439020000E-02  6.666670000E-02  2.906873182E-02 -3.131429694E+02 
       395  8.159680000E-01  2.444550000E-02  6.666670000E-02  3.056277256E-02  2.911841399E+02 
       396  1.008950000E+00  2.560980000E-02  6.666670000E-02  3.044464556E-02 -3.283320033E+02 
       397  2.634450000E-02  2.677890000E-02  6.666670000E-02  5.156867537E-02  5.037489708E+02 
       398  1.008950000E+00  2.682930000E-02  6.666670000E-02  3.176976227E-02 -3.437310069E+02 
       399  1.008950000E+00  2.804880000E-02  6.666670000E-02  3.303134414E-02 -3.591353368E+02 
       400  7.808250000E-01  2.833060000E-02  6.666670000E-02  3.679483091E-02  2.564165123E+02 
       401  1.003480000E+00  2.887370000E-02  6.666670000E-02  1.223680423E-03  3.676842746E+02 
       402  1.008950000E+00  2.926830000E-02  6.666670000E-02  3.421406745E-02 -3.743254063E+02 
       403  1.008950000E+00  3.048780000E-02  6.666670000E-02  3.530023345E-02 -3.890730350E+02 
       404  3.777470000E-02  3.147510000E-02  6.666670000E-02  6.124138655E-02  4.064314889E+02 
       405  1.008950000E+00  3.170730000E-02  6.666670000E-02  3.626960248E-02 -4.031461722E+02 
       406  7.399050000E-01  3.264710000E-02  6.666670000E-02  4.152779067E-02  2.239964254E+02 
       407  1.008950000E+00  3.292680000E-02  6.666670000E-02  3.709913677E-02 -4.163146358E+02 
       408  1.008950000E+00  3.414630000E-02  6.666670000E-02  3.776346510E-02 -4.283548579E+02 
       409  1.008950000E+00  3.536590000E-02  6.666670000E-02  3.823676141E-02 -4.390563092E+02 
       410  1.005240000E+00  3.565510000E-02  6.666670000E-02  1.550506150E-03  3.694222485E+02 
       411  1.008950000E+00  3.658540000E-02  6.666670000E-02  3.849592191E-02 -4.482355079E+02 
       412  6.989630000E-01  3.673990000E-02  6.666670000E-02  4.508004187E-02  1.968653411E+02 
       413  5.488770000E-02  3.697740000E-02  6.666670000E-02  6.894006818E-02  3.019451196E+02 
       414  1.008950000E+00  3.780490000E-02  6.666670000E-02  3.851808658E-02 -4.556924043E+02 
       415  1.008950000E+00  3.902440000E-02  6.666670000E-02  3.827849543E-02 -4.610708912E+02 
       416  1.008950000E+00  4.024390000E-02  6.666670000E-02  3.776669341E-02 -4.640546139E+02 
       417  6.579970000E-01  4.059990000E-02  6.666670000E-02  4.790348002E-02  1.737092926E+02 
       418  1.006710000E+00  4.131690000E-02  6.666670000E-02  1.043129827E-02  4.078623227E+02 
       419  1.008950000E+00  4.146340000E-02  6.666670000E-02  3.696649048E-02 -4.645737068E+02 
       420  1.008950000E+00  4.268290000E-02  6.666670000E-02  3.585865205E-02 -4.627053152E+02 
       421  8.351470000E-02  4.379180000E-02  6.666670000E-02  7.379805440E-02  2.069977868E+02 
       422  1.008950000E+00  4.390240000E-02  6.666670000E-02  3.440602766E-02 -4.585122441E+02 
       423  6.170090000E-01  4.421250000E-02  6.666670000E-02  5.032311270E-02  1.533111390E+02 
       424  1.008950000E+00  4.512200000E-02  6.666670000E-02  3.256508507E-02 -4.521032121E+02 
       425  1.007930000E+00  4.604710000E-02  6.666670000E-02  3.944210277E-02  4.408929582E+02 
       426  1.008950000E+00  4.634150000E-02  6.666670000E-02  3.030147085E-02 -4.444332883E+02 
       427  5.759990000E-01  4.755650000E-02  6.666670000E-02  5.250433826E-02  1.350263575E+02 
       428  1.008950000E+00  4.756100000E-02  6.666670000E-02  2.823553568E-02 -4.363638030E+02 
       429  1.008950000E+00  4.878050000E-02  6.666670000E-02  2.485310195E-02 -4.422359973E+02 
       430  1.008950000E+00  5.000000000E-02  6.666670000E-02  4.100905364E-02 -6.115047229E+00 
       431  1.241140000E-01  5.043730000E-02  6.666670000E-02  7.540927187E-02  1.344078784E+02 
       432  5.349650000E-01  5.060440000E-02  6.666670000E-02  5.454690171E-02  1.184822730E+02 
       433  4.939080000E-01  5.332060000E-02  6.666670000E-02  5.651924350E-02  1.034998602E+02 
       434  1.650180000E-01  5.486620000E-02  6.666670000E-02  7.409146173E-02  9.304686565E+01 
       435  4.528280000E-01  5.566140000E-02  6.666670000E-02  5.845573622E-02  9.010146542E+01 
       436  4.117260000E-01  5.757270000E-02  6.666670000E-02  6.034848543E-02  7.846293329E+01 
       437  2.060650000E-01  5.771190000E-02  6.666670000E-02  7.135111561E-02  7.169799952E+01 
       438  3.706030000E-01  5.898830000E-02  6.666670000E-02  6.222224332E-02  6.895411577E+01 
       439  2.471780000E-01  5.933890000E-02  6.666670000E-02  6.860361480E-02  6.194522738E+01 
       440  3.294650000E-01  5.982680000E-02  6.666670000E-02  6.419141101E-02  6.205405522E+01 
       441  2.883190000E-01  5.998690000E-02  6.666670000E-02  6.626137774E-02  5.935591257E+01 
       442  2.883190000E-01 -5.998690000E-02  1.000000000E-01  8.016156041E-02 -6.595872972E+02 
       443  3.294650000E-01 -5.982680000E-02  1.000000000E-01  7.748048530E-02 -6.195883641E+02 
       444  2.471780000E-01 -5.933890000E-02  1.000000000E-01  8.379756965E-02 -7.044659736E+02 
       445  3.706030000E-01 -5.898830000E-02  1.000000000E-01  7.534225859E-02 -5.835325709E+02 
       446  2.060650000E-01 -5.771190000E-02  1.000000000E-01  8.890507958E-02 -7.559142824E+02 
       447  4.117260000E-01 -5.757270000E-02  1.000000000E-01  7.347442326E-02 -5.508032272E+02 
       448  4.528280000E-01 -5.566140000E-02  1.000000000E-01  7.173343321E-02 -5.209133251E+02 
       449  1.650180000E-01 -5.486620000E-02  1.000000000E-01  9.598904995E-02 -8.171608237E+02 
       450  4.939080000E-01 -5.332060000E-02  1.000000000E-01  7.007276489E-02 -4.934131445E+02 
       451  5.349650000E-01 -5.060440000E-02  1.000000000E-01  6.850974014E-02 -4.678309122E+02 
       452  1.241140000E-01 -5.043730000E-02  1.000000000E-01  1.046834992E-01 -8.994371387E+02 
       453  5.759990000E-01 -4.755650000E-02  1.000000000E-01  6.706283211E-02 -4.438374723E+02 
       454  6.170090000E-01 -4.421250000E-02  1.000000000E-01  6.573171601E-02 -4.210599426E+02 
       455  8.351470000E-02 -4.379180000E-02  1.000000000E-01  1.147121795E-01 -1.014871467E+03 
       456  6.579970000E-01 -4.059990000E-02  1.000000000E-01  6.448880424E-02 -3.991730290E+02 
       457  5.488770000E-02 -3.697740000E-02  1.000000000E-01  1.252030487E-01 -1.127136576E+03 
       458  6.989630000E-01 -3.673990000E-02  1.000000000E-01  6.331133051E-02 -3.779285505E+02 
       459  7.399050000E-01 -3.264710000E-02  1.000000000E-01  6.219219773E-02 -3.569004835E+02 
       460  3.777470000E-02 -3.147510000E-02  1.000000000E-01  1.356974915E-01 -1.226855469E+03 
       461  7.808250000E-01 -2.833060000E-02  1.000000000E-01  6.110547283E-02 -3.360891879E+02 
       462  2.634450000E-02 -2.677890000E-02  1.000000000E-01  1.452480473E-01 -1.317403761E+03 
       463  8.159680000E-01 -2.444550000E-02  1.000000000E-01  6.014409614E-02 -3.170960075E+02 
       464  1.821900000E-02 -2.259850000E-02  1.000000000E-01  1.541151709E-01 -1.418286917E+03 
       465  8.510930000E-01 -2.039720000E-02  1.000000000E-01  5.922440181E-02 -2.978564563E+02 
       466  1.318260000E-02 -1.942040000E-02  1.000000000E-01  1.614846300E-01 -1.484478195E+03 
       467  8.782860000E-01 -1.714700000E-02  1.000000000E-01  5.844227510E-02 -2.809632165E+02 
       468  9.850590000E-03 -1.691540000E-02  1.000000000E-01  1.637053421E-01 -1.463378234E+03 
       469  7.411530000E-03 -1.476420000E-02  1.000000000E-01  1.615698750E-01 -1.402352050E+03 
       470  9.009380000E-01 -1.436040000E-02  1.000000000E-01  5.774570358E-02 -2.653803259E+02 
       471  5.510960000E-03 -1.280140000E-02  1.000000000E-01  1.585598610E-01 -1.325368047E+03 
       472  9.198070000E-01 -1.198220000E-02  1.000000000E-01  5.710401938E-02 -2.505036582E+02 
       473  3.983540000E-03 -1.093890000E-02  1.000000000E-01  1.550512056E-01 -1.225611968E+03 
       474  9.355260000E-01 -9.960600000E-03  1.000000000E-01  5.649567543E-02 -2.362170425E+02 
       475  2.745270000E-03 -9.124550000E-03  1.000000000E-01  1.506966534E-01 -1.100471387E+03 
       476  9.486220000E-01 -8.247430000E-03  1.000000000E-01  5.590139553E-02 -2.225347964E+02 
       477  1.752850000E-03 -7.324960000E-03  1.000000000E-01  1.455211154E-01 -9.477139673E+02 
       478  9.595320000E-01 -6.799650000E-03  1.000000000E-01  5.530939550E-02 -2.095788068E+02 
       479  9.686220000E-01 -5.578890000E-03  1.000000000E-01  5.472140990E-02 -1.975747499E+02 
       480  9.860190000E-04 -5.518970000E-03  1.000000000E-01  1.393344446E-01 -7.712463221E+02 
       481  9.761960000E-01 -4.551510000E-03  1.000000000E-01  5.414708515E-02 -1.867402498E+02 
       482  4.384000000E-04 -3.696570000E-03  1.000000000E-01  1.310368235E-01 -5.867278616E+02 
       483  9.825070000E-01 -3.688230000E-03  1.000000000E-01  5.360211280E-02 -1.772746518E+02 
       484  9.877650000E-01 -2.963870000E-03  1.000000000E-01  5.310450404E-02 -1.693355400E+02 
       485  9.921460000E-01 -2.356690000E-03  1.000000000E-01  5.267480538E-02 -1.630309317E+02 
       486  1.095110000E-04 -1.855900000E-03  1.000000000E-01  1.199114345E-01 -3.873841249E+02 
       487  9.957970000E-01 -1.848260000E-03  1.000000000E-01  5.233734533E-02 -1.584212713E+02 
       488  9.988390000E-01 -1.422790000E-03  1.000000000E-01  5.208618455E-02 -1.554512539E+02 
       489  1.001370000E+00 -1.062990000E-03  1.000000000E-01  5.183911306E-02 -1.536897118E+02 
       490  1.003480000E+00 -7.543150000E-04  1.000000000E-01  5.159063810E-02 -1.526205367E+02 
       491  1.005240000E+00 -4.991700000E-04  1.000000000E-01  5.151910940E-02 -1.532273057E+02 
       492  1.006710000E+00 -2.932730000E-04  1.000000000E-01  5.184905109E-02 -1.569463805E+02 
       493  1.007930000E+00 -1.294160000E-04  1.000000000E-01  5.258071316E-02 -1.637891326E+02 
       494  0.000000000E+00  0.000000000E+00  1.000000000E-01  1.065960358E-01 -1.634092770E+02 
       495  1.008950000E+00  0.000000000E+00  1.000000000E-01  3.600215004E-02 -1.804435097E+02 
       496  1.008950000E+00  1.219510000E-03  1.000000000E-01  7.291434893E-03 -1.900546960E+02 
       497  9.957970000E-01  1.848260000E-03  1.000000000E-01  6.526310346E-04  4.003442953E+02 
       498  1.095110000E-04  1.855900000E-03  1.000000000E-01  9.184966610E-02  6.034359035E+01 
       499  9.921460000E-01  2.356690000E-03  1.000000000E-01  4.868848951E-04  4.004766851E+02 
       500  1.008950000E+00  2.439020000E-03  1.000000000E-01  4.267855846E-03 -1.842281676E+02 
       501  9.877650000E-01  2.963870000E-03  1.000000000E-01  4.441939776E-04  4.001963578E+02 
       502  1.008950000E+00  3.658540000E-03  1.000000000E-01  2.380407104E-03 -1.837119129E+02 
       503  9.825070000E-01  3.688230000E-03  1.000000000E-01  4.207779074E-04  3.997042422E+02 
       504  4.384000000E-04  3.696570000E-03  1.000000000E-01  7.629351281E-02  2.607220482E+02 
       505  9.761960000E-01  4.551510000E-03  1.000000000E-01  7.572191771E-04  3.989948642E+02 
       506  1.008950000E+00  4.878050000E-03  1.000000000E-01  1.324462909E-03 -1.827610562E+02 
       507  9.860190000E-04  5.518970000E-03  1.000000000E-01  6.052765429E-02  4.267847158E+02 
       508  9.686220000E-01  5.578890000E-03  1.000000000E-01  1.394644479E-03  3.982035105E+02 
       509  1.008950000E+00  6.097560000E-03  1.000000000E-01  2.371190631E-03 -1.827415187E+02 
       510  9.595320000E-01  6.799650000E-03  1.000000000E-01  1.223029998E-03  3.978193104E+02 
       511  1.008950000E+00  7.317070000E-03  1.000000000E-01  4.712236780E-03 -1.838663750E+02 
       512  1.752850000E-03  7.324960000E-03  1.000000000E-01  4.515826937E-02  5.522531667E+02 
       513  9.486220000E-01  8.247430000E-03  1.000000000E-01  5.777979433E-04  3.972362188E+02 
       514  1.008950000E+00  8.536590000E-03  1.000000000E-01  7.035869257E-03 -1.863052147E+02 
       515  2.745270000E-03  9.124550000E-03  1.000000000E-01  3.067572166E-02  6.374602238E+02 
       516  1.008950000E+00  9.756100000E-03  1.000000000E-01  9.235889112E-03 -1.900016624E+02 
       517  9.355260000E-01  9.960600000E-03  1.000000000E-01  3.810158436E-04  3.950132587E+02 
       518  3.983540000E-03  1.093890000E-02  1.000000000E-01  1.721029923E-02  6.888597289E+02 
       519  9.988390000E-01  1.096260000E-02  1.000000000E-01  1.174778085E-03  3.960922449E+02 
       520  1.008950000E+00  1.097560000E-02  1.000000000E-01  1.130313635E-02 -1.948596692E+02 
       521  9.198070000E-01  1.198220000E-02  1.000000000E-01  1.047881427E-03  3.895166846E+02 
       522  1.008950000E+00  1.219510000E-02  1.000000000E-01  1.324773678E-02 -2.008005844E+02 
       523  5.510960000E-03  1.280140000E-02  1.000000000E-01  6.949755439E-03  7.121191531E+02 
       524  1.008950000E+00  1.341460000E-02  1.000000000E-01  1.508506315E-02 -2.077881234E+02 
       525  9.009380000E-01  1.436040000E-02  1.000000000E-01  4.568672260E-03  3.783784287E+02 
       526  1.008950000E+00  1.463410000E-02  1.000000000E-01  1.683155386E-02 -2.158026612E+02 
       527  7.411530000E-03  1.476420000E-02  1.000000000E-01  8.231632091E-03  7.112093052E+02 
       528  1.008950000E+00  1.585370000E-02  1.000000000E-01  1.850361405E-02 -2.248259951E+02 
       529  9.850590000E-03  1.691540000E-02  1.000000000E-01  1.887609028E-02  6.891209296E+02 
       530  1.008950000E+00  1.707320000E-02  1.000000000E-01  2.011693217E-02 -2.348388564E+02 
       531  8.782860000E-01  1.714700000E-02  1.000000000E-01  1.202638678E-02  3.586693813E+02 
       532  1.008950000E+00  1.829270000E-02  1.000000000E-01  2.168540716E-02 -2.458214623E+02 
       533  1.318260000E-02  1.942040000E-02  1.000000000E-01  2.999107393E-02  6.464845368E+02 
       534  1.008950000E+00  1.951220000E-02  1.000000000E-01  2.321952217E-02 -2.577397136E+02 
       535  8.510930000E-01  2.039720000E-02  1.000000000E-01  2.151817825E-02  3.287897455E+02 
       536  1.008950000E+00  2.073170000E-02  1.000000000E-01  2.472510696E-02 -2.705296652E+02 
       537  1.001370000E+00  2.073980000E-02  1.000000000E-01  1.393693701E-03  3.827156616E+02 
       538  1.008950000E+00  2.195120000E-02  1.000000000E-01  2.620352806E-02 -2.841019015E+02 
       539  1.821900000E-02  2.259850000E-02  1.000000000E-01  4.096364804E-02  5.838226429E+02 
       540  1.008950000E+00  2.317070000E-02  1.000000000E-01  2.765314884E-02 -2.983507463E+02 
       541  1.008950000E+00  2.439020000E-02  1.000000000E-01  2.906959474E-02 -3.131478578E+02 
       542  8.159680000E-01  2.444550000E-02  1.000000000E-01  3.056277286E-02  2.911841421E+02 
       543  1.008950000E+00  2.560980000E-02  1.000000000E-01  3.044537471E-02 -3.283369276E+02 
       544  2.634450000E-02  2.677890000E-02  1.000000000E-01  5.156877513E-02  5.037481171E+02 
       545  1.008950000E+00  2.682930000E-02  1.000000000E-01  3.177031463E-02 -3.437358707E+02 
       546  1.008950000E+00  2.804880000E-02  1.000000000E-01  3.303167797E-02 -3.591400513E+02 
       547  7.808250000E-01  2.833060000E-02  1.000000000E-01  3.679486338E-02  2.564163027E+02 
       548  1.003480000E+00  2.887370000E-02  1.000000000E-01  1.223662706E-03  3.677025842E+02 
       549  1.008950000E+00  2.926830000E-02  1.000000000E-01  3.421414225E-02 -3.743299036E+02 
       550  1.008950000E+00  3.048780000E-02  1.000000000E-01  3.530001329E-02 -3.890772868E+02 
       551  3.777470000E-02  3.147510000E-02  1.000000000E-01  6.124157604E-02  4.064292394E+02 
       552  1.008950000E+00  3.170730000E-02  1.000000000E-01  3.626906215E-02 -4.031502081E+02 
       553  7.399050000E-01  3.264710000E-02  1.000000000E-01  4.152778952E-02  2.239964371E+02 
       554  1.008950000E+00  3.292680000E-02  1.000000000E-01  3.709826692E-02 -4.163185587E+02 
       555  1.008950000E+00  3.414630000E-02  1.000000000E-01  3.776227462E-02 -4.283588429E+02 
       556  1.008950000E+00  3.536590000E-02  1.000000000E-01  3.823528038E-02 -4.390605720E+02 
       557  1.005240000E+00  3.565510000E-02  1.000000000E-01  1.549527596E-03  3.693932608E+02 
       558  1.008950000E+00  3.658540000E-02  1.000000000E-01  3.849420579E-02 -4.482404730E+02 
       559  6.989630000E-01  3.673990000E-02  1.000000000E-01  4.508004424E-02  1.968653248E+02 
       560  5.488770000E-02  3.697740000E-02  1.000000000E-01  6.894025505E-02  3.019420634E+02 
       561  1.008950000E+00  3.780490000E-02  1.000000000E-01  3.851621726E-02 -4.556982831E+02 
       562  1.008950000E+00  3.902440000E-02  1.000000000E-01  3.827654181E-02 -4.610778910E+02 
       563  1.008950000E+00  4.024390000E-02  1.000000000E-01  3.776469991E-02 -4.640631441E+02 
       564  6.579970000E-01  4.059990000E-02  1.000000000E-01  4.790347993E-02  1.737092946E+02 
       565  1.006710000E+00  4.131690000E-02  1.000000000E-01  1.040963617E-02  4.077766352E+02 
       566  1.008950000E+00  4.146340000E-02  1.000000000E-01  3.696452369E-02 -4.645841297E+02 
       567  1.008950000E+00  4.268290000E-02  1.000000000E-01  3.585679558E-02 -4.627179467E+02 
       568  8.351470000E-02  4.379180000E-02  1.000000000E-01  7.379811883E-02  2.069959834E+02 
       569  1.008950000E+00  4.390240000E-02  1.000000000E-01  3.440438455E-02 -4.585275060E+02 
       570  6.170090000E-01  4.421250000E-02  1.000000000E-01  5.032311220E-02  1.533111425E+02 
       571  1.008950000E+00  4.512200000E-02  1.000000000E-01  3.256380516E-02 -4.521217898E+02 
       572  1.007930000E+00  4.604710000E-02  1.000000000E-01  3.940226810E-02  4.408887784E+02 
       573  1.008950000E+00  4.634150000E-02  1.000000000E-01  3.030074945E-02 -4.444557596E+02 
       574  5.759990000E-01  4.755650000E-02  1.000000000E-01  5.250433681E-02  1.350263663E+02 
       575  1.008950000E+00  4.756100000E-02  1.000000000E-01  2.823568871E-02 -4.363898600E+02 
       576  1.008950000E+00  4.878050000E-02  1.000000000E-01  2.485417532E-02 -4.422676015E+02 
       577  1.008950000E+00  5.000000000E-02  1.000000000E-01  4.608063681E-02 -6.139755600E+01 
       578  1.241140000E-01  5.043730000E-02  1.000000000E-01  7.540927115E-02  1.344075636E+02 
       579  5.349650000E-01  5.060440000E-02  1.000000000E-01  5.454690015E-02  1.184822803E+02 
       580  4.939080000E-01  5.332060000E-02  1.000000000E-01  5.651924269E-02  1.034998600E+02 
       581  1.650180000E-01  5.486620000E-02  1.000000000E-01  7.409145001E-02  9.304673775E+01 
       582  4.528280000E-01  5.566140000E-02  1.000000000E-01  5.845573340E-02  9.010147782E+01 
       583  4.117260000E-01  5.757270000E-02  1.000000000E-01  6.034848270E-02  7.846294314E+01 
       584  2.060650000E-01  5.771190000E-02  1.000000000E-01  7.135110919E-02  7.169796443E+01 
       585  3.706030000E-01  5.898830000E-02  1.000000000E-01  6.222224219E-02  6.895411566E+01 
       586  2.471780000E-01  5.933890000E-02  1.000000000E-01  6.860360986E-02  6.194521340E+01 
       587  3.294650000E-01  5.982680000E-02  1.000000000E-01  6.419141240E-02  6.205404721E+01 
       588  2.883190000E-01  5.998690000E-02  1.000000000E-01  6.626137644E-02  5.935590788E+01 
