nodenumber     x-coordinate     y-coordinate     z-coordinate      mach-number         pressure 
         1  2.883190000E-01 -5.998690000E-02  0.000000000E+00  1.018249671E-01 -4.455772443E+01 
         2  3.294650000E-01 -5.982680000E-02  0.000000000E+00  1.015563218E-01 -6.867304846E+01 
         3  2.471780000E-01 -5.933890000E-02  0.000000000E+00  1.021334799E-01 -1.702476514E+01 
         4  3.706030000E-01 -5.898830000E-02  0.000000000E+00  1.013115026E-01 -9.011619907E+01 
         5  2.060650000E-01 -5.771190000E-02  0.000000000E+00  1.025213904E-01  1.546016119E+01 
         6  4.117260000E-01 -5.757270000E-02  0.000000000E+00  1.010858957E-01 -1.093265286E+02 
         7  4.528280000E-01 -5.566140000E-02  0.000000000E+00  1.008839262E-01 -1.266081374E+02 
         8  1.650180000E-01 -5.486620000E-02  0.000000000E+00  1.030900342E-01  5.581459094E+01 
         9  4.939080000E-01 -5.332060000E-02  0.000000000E+00  1.007106721E-01 -1.422300942E+02 
        10  5.349650000E-01 -5.060440000E-02  0.000000000E+00  1.005603660E-01 -1.564417735E+02 
        11  1.241140000E-01 -5.043730000E-02  0.000000000E+00  1.039740098E-01  1.111729479E+02 
        12  5.759990000E-01 -4.755650000E-02  0.000000000E+00  1.004266827E-01 -1.694730887E+02 
        13  6.170090000E-01 -4.421250000E-02  0.000000000E+00  1.003094706E-01 -1.815428455E+02 
        14  8.351470000E-02 -4.379180000E-02  0.000000000E+00  1.051538750E-01  1.915548947E+02 
        15  6.579970000E-01 -4.059990000E-02  0.000000000E+00  1.002084121E-01 -1.928356910E+02 
        16  5.488770000E-02 -3.697740000E-02  0.000000000E+00  1.057176654E-01  2.811389587E+02 
        17  6.989630000E-01 -3.673990000E-02  0.000000000E+00  1.001193174E-01 -2.034711611E+02 
        18  7.399050000E-01 -3.264710000E-02  0.000000000E+00  1.000363136E-01 -2.134216009E+02 
        19  3.777470000E-02 -3.147510000E-02  0.000000000E+00  1.046200025E-01  3.714266163E+02 
        20  7.808250000E-01 -2.833060000E-02  0.000000000E+00  9.995352180E-02 -2.223578302E+02 
        21  2.634450000E-02 -2.677890000E-02  0.000000000E+00  1.010072551E-01  4.689747255E+02 
        22  8.217210000E-01 -2.379390000E-02  0.000000000E+00  9.985184300E-02 -2.293242859E+02 
        23  1.821900000E-02 -2.259850000E-02  0.000000000E+00  9.506132814E-02  5.726642697E+02 
        24  1.318260000E-02 -1.942040000E-02  0.000000000E+00  8.828052414E-02  6.708405992E+02 
        25  8.625920000E-01 -1.903530000E-02  0.000000000E+00  9.970801191E-02 -2.320856289E+02 
        26  9.850590000E-03 -1.691540000E-02  0.000000000E+00  8.175856560E-02  7.587693104E+02 
        27  7.411530000E-03 -1.476420000E-02  0.000000000E+00  7.552040875E-02  8.397407817E+02 
        28  9.034350000E-01 -1.404860000E-02  0.000000000E+00  9.946997208E-02 -2.269837019E+02 
        29  5.510960000E-03 -1.280140000E-02  0.000000000E+00  6.916160168E-02  9.164481485E+02 
        30  3.983540000E-03 -1.093890000E-02  0.000000000E+00  6.233742713E-02  9.894824311E+02 
        31  9.337850000E-01 -1.018640000E-02  0.000000000E+00  9.893257718E-02 -2.064846661E+02 
        32  2.745270000E-03 -9.124550000E-03  0.000000000E+00  5.482070360E-02  1.058831437E+03 
        33  1.752850000E-03 -7.324960000E-03  0.000000000E+00  4.641700665E-02  1.123811615E+03 
        34  9.641170000E-01 -6.185660000E-03  0.000000000E+00  9.749177231E-02 -1.524039464E+02 
        35  9.860190000E-04 -5.518970000E-03  0.000000000E+00  3.671417086E-02  1.184911017E+03 
        36  4.384000000E-04 -3.696570000E-03  0.000000000E+00  2.550075511E-02  1.237837958E+03 
        37  9.885790000E-01 -2.851310000E-03  0.000000000E+00  9.374481333E-02 -7.762804088E+01 
        38  1.095110000E-04 -1.855900000E-03  0.000000000E+00  1.284115803E-02  1.275798218E+03 
        39  0.000000000E+00  0.000000000E+00  0.000000000E+00  6.137151997E-03  1.290669457E+03 
        40  1.008950000E+00  0.000000000E+00  0.000000000E+00  9.117849684E-02  1.347888766E+01 
        41  1.095110000E-04  1.855900000E-03  0.000000000E+00  1.283966021E-02  1.275794304E+03 
        42  9.885790000E-01  2.851310000E-03  0.000000000E+00  9.374481435E-02 -7.762839819E+01 
        43  4.384000000E-04  3.696570000E-03  0.000000000E+00  2.550027816E-02  1.237824325E+03 
        44  9.860190000E-04  5.518970000E-03  0.000000000E+00  3.671414139E-02  1.184886807E+03 
        45  9.641170000E-01  6.185660000E-03  0.000000000E+00  9.749177377E-02 -1.524049315E+02 
        46  1.752850000E-03  7.324960000E-03  0.000000000E+00  4.641639555E-02  1.123780249E+03 
        47  2.745270000E-03  9.124550000E-03  0.000000000E+00  5.481890124E-02  1.058801275E+03 
        48  9.337850000E-01  1.018640000E-02  0.000000000E+00  9.893259172E-02 -2.064864762E+02 
        49  3.983540000E-03  1.093890000E-02  0.000000000E+00  6.233475647E-02  9.894610884E+02 
        50  5.510960000E-03  1.280140000E-02  0.000000000E+00  6.915914992E-02  9.164393771E+02 
        51  9.034350000E-01  1.404860000E-02  0.000000000E+00  9.946998995E-02 -2.269857887E+02 
        52  7.411530000E-03  1.476420000E-02  0.000000000E+00  7.551928574E-02  8.397430964E+02 
        53  9.850590000E-03  1.691540000E-02  0.000000000E+00  8.175926696E-02  7.587787246E+02 
        54  8.625920000E-01  1.903530000E-02  0.000000000E+00  9.970802620E-02 -2.320875041E+02 
        55  1.318260000E-02  1.942040000E-02  0.000000000E+00  8.828281160E-02  6.708528970E+02 
        56  1.821900000E-02  2.259850000E-02  0.000000000E+00  9.506423090E-02  5.726746544E+02 
        57  8.217210000E-01  2.379390000E-02  0.000000000E+00  9.985185183E-02 -2.293257067E+02 
        58  2.634450000E-02  2.677890000E-02  0.000000000E+00  1.010097898E-01  4.689814225E+02 
        59  7.808250000E-01  2.833060000E-02  0.000000000E+00  9.995352529E-02 -2.223588276E+02 
        60  3.777470000E-02  3.147510000E-02  0.000000000E+00  1.046218790E-01  3.714313660E+02 
        61  7.399050000E-01  3.264710000E-02  0.000000000E+00  1.000363142E-01 -2.134222944E+02 
        62  6.989630000E-01  3.673990000E-02  0.000000000E+00  1.001193161E-01 -2.034716165E+02 
        63  5.488770000E-02  3.697740000E-02  0.000000000E+00  1.057189206E-01  2.811442082E+02 
        64  6.579970000E-01  4.059990000E-02  0.000000000E+00  1.002084094E-01 -1.928359483E+02 
        65  8.351470000E-02  4.379180000E-02  0.000000000E+00  1.051545025E-01  1.915606332E+02 
        66  6.170090000E-01  4.421250000E-02  0.000000000E+00  1.003094669E-01 -1.815429288E+02 
        67  5.759990000E-01  4.755650000E-02  0.000000000E+00  1.004266786E-01 -1.694730168E+02 
        68  1.241140000E-01  5.043730000E-02  0.000000000E+00  1.039741986E-01  1.111775516E+02 
        69  5.349650000E-01  5.060440000E-02  0.000000000E+00  1.005603621E-01 -1.564415447E+02 
        70  4.939080000E-01  5.332060000E-02  0.000000000E+00  1.007106687E-01 -1.422296916E+02 
        71  1.650180000E-01  5.486620000E-02  0.000000000E+00  1.030900757E-01  5.581844096E+01 
        72  4.528280000E-01  5.566140000E-02  0.000000000E+00  1.008839227E-01 -1.266075155E+02 
        73  4.117260000E-01  5.757270000E-02  0.000000000E+00  1.010858912E-01 -1.093256540E+02 
        74  2.060650000E-01  5.771190000E-02  0.000000000E+00  1.025213886E-01  1.546318748E+01 
        75  3.706030000E-01  5.898830000E-02  0.000000000E+00  1.013114958E-01 -9.011505422E+01 
        76  2.471780000E-01  5.933890000E-02  0.000000000E+00  1.021334683E-01 -1.702237949E+01 
        77  3.294650000E-01  5.982680000E-02  0.000000000E+00  1.015563122E-01 -6.867159381E+01 
        78  2.883190000E-01  5.998690000E-02  0.000000000E+00  1.018249554E-01 -4.455586067E+01 
        79  2.883190000E-01 -5.998690000E-02  3.333330000E-02  1.018249655E-01 -4.455767821E+01 
        80  3.294650000E-01 -5.982680000E-02  3.333330000E-02  1.015563204E-01 -6.867301081E+01 
        81  2.471780000E-01 -5.933890000E-02  3.333330000E-02  1.021334783E-01 -1.702472184E+01 
        82  3.706030000E-01 -5.898830000E-02  3.333330000E-02  1.013115022E-01 -9.011613944E+01 
        83  2.060650000E-01 -5.771190000E-02  3.333330000E-02  1.025213883E-01  1.546020438E+01 
        84  4.117260000E-01 -5.757270000E-02  3.333330000E-02  1.010858960E-01 -1.093264815E+02 
        85  4.528280000E-01 -5.566140000E-02  3.333330000E-02  1.008839268E-01 -1.266081280E+02 
        86  1.650180000E-01 -5.486620000E-02  3.333330000E-02  1.030900327E-01  5.581473486E+01 
        87  4.939080000E-01 -5.332060000E-02  3.333330000E-02  1.007106726E-01 -1.422301380E+02 
        88  5.349650000E-01 -5.060440000E-02  3.333330000E-02  1.005603666E-01 -1.564418439E+02 
        89  1.241140000E-01 -5.043730000E-02  3.333330000E-02  1.039740108E-01  1.111731973E+02 
        90  5.759990000E-01 -4.755650000E-02  3.333330000E-02  1.004266834E-01 -1.694731892E+02 
        91  6.170090000E-01 -4.421250000E-02  3.333330000E-02  1.003094713E-01 -1.815429769E+02 
        92  8.351470000E-02 -4.379180000E-02  3.333330000E-02  1.051539000E-01  1.915565375E+02 
        93  6.579970000E-01 -4.059990000E-02  3.333330000E-02  1.002084129E-01 -1.928358451E+02 
        94  5.488770000E-02 -3.697740000E-02  3.333330000E-02  1.057176778E-01  2.811412366E+02 
        95  6.989630000E-01 -3.673990000E-02  3.333330000E-02  1.001193181E-01 -2.034713397E+02 
        96  7.399050000E-01 -3.264710000E-02  3.333330000E-02  1.000363144E-01 -2.134217803E+02 
        97  3.777470000E-02 -3.147510000E-02  3.333330000E-02  1.046199880E-01  3.714281693E+02 
        98  7.808250000E-01 -2.833060000E-02  3.333330000E-02  9.995352263E-02 -2.223580230E+02 
        99  2.634450000E-02 -2.677890000E-02  3.333330000E-02  1.010072660E-01  4.689755896E+02 
       100  8.217210000E-01 -2.379390000E-02  3.333330000E-02  9.985184370E-02 -2.293244804E+02 
       101  1.821900000E-02 -2.259850000E-02  3.333330000E-02  9.506136532E-02  5.726653826E+02 
       102  1.318260000E-02 -1.942040000E-02  3.333330000E-02  8.828050609E-02  6.708430834E+02 
       103  8.625920000E-01 -1.903530000E-02  3.333330000E-02  9.970801270E-02 -2.320858074E+02 
       104  9.850590000E-03 -1.691540000E-02  3.333330000E-02  8.175849004E-02  7.587728776E+02 
       105  7.411530000E-03 -1.476420000E-02  3.333330000E-02  7.552028045E-02  8.397449220E+02 
       106  9.034350000E-01 -1.404860000E-02  3.333330000E-02  9.946996962E-02 -2.269837691E+02 
       107  5.510960000E-03 -1.280140000E-02  3.333330000E-02  6.916140476E-02  9.164525444E+02 
       108  3.983540000E-03 -1.093890000E-02  3.333330000E-02  6.233716577E-02  9.894867813E+02 
       109  9.337850000E-01 -1.018640000E-02  3.333330000E-02  9.893257712E-02 -2.064848124E+02 
       110  2.745270000E-03 -9.124550000E-03  3.333330000E-02  5.482039897E-02  1.058835396E+03 
       111  1.752850000E-03 -7.324960000E-03  3.333330000E-02  4.641668407E-02  1.123814930E+03 
       112  9.641170000E-01 -6.185660000E-03  3.333330000E-02  9.749175491E-02 -1.524034787E+02 
       113  9.860190000E-04 -5.518970000E-03  3.333330000E-02  3.671384844E-02  1.184913592E+03 
       114  4.384000000E-04 -3.696570000E-03  3.333330000E-02  2.550045950E-02  1.237839686E+03 
       115  9.885790000E-01 -2.851310000E-03  3.333330000E-02  9.374475262E-02 -7.762735702E+01 
       116  1.095110000E-04 -1.855900000E-03  3.333330000E-02  1.284093527E-02  1.275799109E+03 
       117  0.000000000E+00  0.000000000E+00  3.333330000E-02  6.137128540E-03  1.290669647E+03 
       118  1.008950000E+00  0.000000000E+00  3.333330000E-02  9.110223525E-02 -3.982367826E+01 
       119  1.095110000E-04  1.855900000E-03  3.333330000E-02  1.283973878E-02  1.275794201E+03 
       120  9.885790000E-01  2.851310000E-03  3.333330000E-02  9.374475478E-02 -7.762770308E+01 
       121  4.384000000E-04  3.696570000E-03  3.333330000E-02  2.550028860E-02  1.237824316E+03 
       122  9.860190000E-04  5.518970000E-03  3.333330000E-02  3.671407560E-02  1.184887207E+03 
       123  9.641170000E-01  6.185660000E-03  3.333330000E-02  9.749175489E-02 -1.524044229E+02 
       124  1.752850000E-03  7.324960000E-03  3.333330000E-02  4.641625751E-02  1.123781369E+03 
       125  2.745270000E-03  9.124550000E-03  3.333330000E-02  5.481870854E-02  1.058803395E+03 
       126  9.337850000E-01  1.018640000E-02  3.333330000E-02  9.893259101E-02 -2.064865331E+02 
       127  3.983540000E-03  1.093890000E-02  3.333330000E-02  6.233452825E-02  9.894640934E+02 
       128  5.510960000E-03  1.280140000E-02  3.333330000E-02  6.915890832E-02  9.164428599E+02 
       129  9.034350000E-01  1.404860000E-02  3.333330000E-02  9.946998676E-02 -2.269857204E+02 
       130  7.411530000E-03  1.476420000E-02  3.333330000E-02  7.551906168E-02  8.397468098E+02 
       131  9.850590000E-03  1.691540000E-02  3.333330000E-02  8.175908936E-02  7.587823713E+02 
       132  8.625920000E-01  1.903530000E-02  3.333330000E-02  9.970802532E-02 -2.320875178E+02 
       133  1.318260000E-02  1.942040000E-02  3.333330000E-02  8.828272278E-02  6.708558257E+02 
       134  1.821900000E-02  2.259850000E-02  3.333330000E-02  9.506423422E-02  5.726764530E+02 
       135  8.217210000E-01  2.379390000E-02  3.333330000E-02  9.985185082E-02 -2.293257382E+02 
       136  2.634450000E-02  2.677890000E-02  3.333330000E-02  1.010097862E-01  4.689831389E+02 
       137  7.808250000E-01  2.833060000E-02  3.333330000E-02  9.995352482E-02 -2.223588740E+02 
       138  3.777470000E-02  3.147510000E-02  3.333330000E-02  1.046218524E-01  3.714338186E+02 
       139  7.399050000E-01  3.264710000E-02  3.333330000E-02  1.000363140E-01 -2.134223461E+02 
       140  6.989630000E-01  3.673990000E-02  3.333330000E-02  1.001193158E-01 -2.034716868E+02 
       141  5.488770000E-02  3.697740000E-02  3.333330000E-02  1.057189232E-01  2.811472856E+02 
       142  6.579970000E-01  4.059990000E-02  3.333330000E-02  1.002084091E-01 -1.928360199E+02 
       143  8.351470000E-02  4.379180000E-02  3.333330000E-02  1.051545302E-01  1.915628286E+02 
       144  6.170090000E-01  4.421250000E-02  3.333330000E-02  1.003094665E-01 -1.815430107E+02 
       145  5.759990000E-01  4.755650000E-02  3.333330000E-02  1.004266782E-01 -1.694731081E+02 
       146  1.241140000E-01  5.043730000E-02  3.333330000E-02  1.039742120E-01  1.111779923E+02 
       147  5.349650000E-01  5.060440000E-02  3.333330000E-02  1.005603615E-01 -1.564416459E+02 
       148  4.939080000E-01  5.332060000E-02  3.333330000E-02  1.007106678E-01 -1.422298062E+02 
       149  1.650180000E-01  5.486620000E-02  3.333330000E-02  1.030900833E-01  5.581856764E+01 
       150  4.528280000E-01  5.566140000E-02  3.333330000E-02  1.008839218E-01 -1.266076223E+02 
       151  4.117260000E-01  5.757270000E-02  3.333330000E-02  1.010858905E-01 -1.093257753E+02 
       152  2.060650000E-01  5.771190000E-02  3.333330000E-02  1.025213920E-01  1.546323329E+01 
       153  3.706030000E-01  5.898830000E-02  3.333330000E-02  1.013114956E-01 -9.011518896E+01 
       154  2.471780000E-01  5.933890000E-02  3.333330000E-02  1.021334713E-01 -1.702232334E+01 
       155  3.294650000E-01  5.982680000E-02  3.333330000E-02  1.015563127E-01 -6.867171731E+01 
       156  2.883190000E-01  5.998690000E-02  3.333330000E-02  1.018249574E-01 -4.455589001E+01 
       157  2.883190000E-01 -5.998690000E-02  6.666670000E-02  1.018249638E-01 -4.455732941E+01 
       158  3.294650000E-01 -5.982680000E-02  6.666670000E-02  1.015563195E-01 -6.867269646E+01 
       159  2.471780000E-01 -5.933890000E-02  6.666670000E-02  1.021334761E-01 -1.702435047E+01 
       160  3.706030000E-01 -5.898830000E-02  6.666670000E-02  1.013115020E-01 -9.011588721E+01 
       161  2.060650000E-01 -5.771190000E-02  6.666670000E-02  1.025213842E-01  1.546066458E+01 
       162  4.117260000E-01 -5.757270000E-02  6.666670000E-02  1.010858964E-01 -1.093263078E+02 
       163  4.528280000E-01 -5.566140000E-02  6.666670000E-02  1.008839275E-01 -1.266080338E+02 
       164  1.650180000E-01 -5.486620000E-02  6.666670000E-02  1.030900248E-01  5.581529909E+01 
       165  4.939080000E-01 -5.332060000E-02  6.666670000E-02  1.007106736E-01 -1.422301205E+02 
       166  5.349650000E-01 -5.060440000E-02  6.666670000E-02  1.005603678E-01 -1.564418931E+02 
       167  1.241140000E-01 -5.043730000E-02  6.666670000E-02  1.039740017E-01  1.111738134E+02 
       168  5.759990000E-01 -4.755650000E-02  6.666670000E-02  1.004266847E-01 -1.694732977E+02 
       169  6.170090000E-01 -4.421250000E-02  6.666670000E-02  1.003094727E-01 -1.815431387E+02 
       170  8.351470000E-02 -4.379180000E-02  6.666670000E-02  1.051538940E-01  1.915572318E+02 
       171  6.579970000E-01 -4.059990000E-02  6.666670000E-02  1.002084143E-01 -1.928360515E+02 
       172  5.488770000E-02 -3.697740000E-02  6.666670000E-02  1.057176704E-01  2.811417649E+02 
       173  6.989630000E-01 -3.673990000E-02  6.666670000E-02  1.001193196E-01 -2.034715810E+02 
       174  7.399050000E-01 -3.264710000E-02  6.666670000E-02  1.000363160E-01 -2.134220457E+02 
       175  3.777470000E-02 -3.147510000E-02  6.666670000E-02  1.046199764E-01  3.714284692E+02 
       176  7.808250000E-01 -2.833060000E-02  6.666670000E-02  9.995352425E-02 -2.223583020E+02 
       177  2.634450000E-02 -2.677890000E-02  6.666670000E-02  1.010072568E-01  4.689758056E+02 
       178  8.217210000E-01 -2.379390000E-02  6.666670000E-02  9.985184522E-02 -2.293247560E+02 
       179  1.821900000E-02 -2.259850000E-02  6.666670000E-02  9.506135698E-02  5.726654192E+02 
       180  1.318260000E-02 -1.942040000E-02  6.666670000E-02  8.828048041E-02  6.708427725E+02 
       181  8.625920000E-01 -1.903530000E-02  6.666670000E-02  9.970801393E-02 -2.320860675E+02 
       182  9.850590000E-03 -1.691540000E-02  6.666670000E-02  8.175842843E-02  7.587722609E+02 
       183  7.411530000E-03 -1.476420000E-02  6.666670000E-02  7.552017821E-02  8.397440832E+02 
       184  9.034350000E-01 -1.404860000E-02  6.666670000E-02  9.946997056E-02 -2.269840033E+02 
       185  5.510960000E-03 -1.280140000E-02  6.666670000E-02  6.916128417E-02  9.164515027E+02 
       186  3.983540000E-03 -1.093890000E-02  6.666670000E-02  6.233707007E-02  9.894856331E+02 
       187  9.337850000E-01 -1.018640000E-02  6.666670000E-02  9.893257829E-02 -2.064850381E+02 
       188  2.745270000E-03 -9.124550000E-03  6.666670000E-02  5.482035451E-02  1.058834301E+03 
       189  1.752850000E-03 -7.324960000E-03  6.666670000E-02  4.641667642E-02  1.123814079E+03 
       190  9.641170000E-01 -6.185660000E-03  6.666670000E-02  9.749175616E-02 -1.524037236E+02 
       191  9.860190000E-04 -5.518970000E-03  6.666670000E-02  3.671383039E-02  1.184913127E+03 
       192  4.384000000E-04 -3.696570000E-03  6.666670000E-02  2.550041076E-02  1.237839468E+03 
       193  9.885790000E-01 -2.851310000E-03  6.666670000E-02  9.374475218E-02 -7.762760721E+01 
       194  1.095110000E-04 -1.855900000E-03  6.666670000E-02  1.284089478E-02  1.275798887E+03 
       195  0.000000000E+00  0.000000000E+00  6.666670000E-02  6.137110035E-03  1.290669403E+03 
       196  1.008950000E+00  0.000000000E+00  6.666670000E-02  9.110223425E-02 -3.982398264E+01 
       197  1.095110000E-04  1.855900000E-03  6.666670000E-02  1.283970854E-02  1.275794036E+03 
       198  9.885790000E-01  2.851310000E-03  6.666670000E-02  9.374475382E-02 -7.762803214E+01 
       199  4.384000000E-04  3.696570000E-03  6.666670000E-02  2.550025726E-02  1.237824249E+03 
       200  9.860190000E-04  5.518970000E-03  6.666670000E-02  3.671408449E-02  1.184887069E+03 
       201  9.641170000E-01  6.185660000E-03  6.666670000E-02  9.749175436E-02 -1.524046562E+02 
       202  1.752850000E-03  7.324960000E-03  6.666670000E-02  4.641631512E-02  1.123781000E+03 
       203  2.745270000E-03  9.124550000E-03  6.666670000E-02  5.481879502E-02  1.058802771E+03 
       204  9.337850000E-01  1.018640000E-02  6.666670000E-02  9.893259268E-02 -2.064866323E+02 
       205  3.983540000E-03  1.093890000E-02  6.666670000E-02  6.233460561E-02  9.894633126E+02 
       206  5.510960000E-03  1.280140000E-02  6.666670000E-02  6.915893222E-02  9.164420584E+02 
       207  9.034350000E-01  1.404860000E-02  6.666670000E-02  9.946998838E-02 -2.269857133E+02 
       208  7.411530000E-03  1.476420000E-02  6.666670000E-02  7.551900576E-02  8.397460534E+02 
       209  9.850590000E-03  1.691540000E-02  6.666670000E-02  8.175896161E-02  7.587817945E+02 
       210  8.625920000E-01  1.903530000E-02  6.666670000E-02  9.970802510E-02 -2.320874791E+02 
       211  1.318260000E-02  1.942040000E-02  6.666670000E-02  8.828255427E-02  6.708556219E+02 
       212  1.821900000E-02  2.259850000E-02  6.666670000E-02  9.506406831E-02  5.726767105E+02 
       213  8.217210000E-01  2.379390000E-02  6.666670000E-02  9.985185001E-02 -2.293257073E+02 
       214  2.634450000E-02  2.677890000E-02  6.666670000E-02  1.010096655E-01  4.689838624E+02 
       215  7.808250000E-01  2.833060000E-02  6.666670000E-02  9.995352456E-02 -2.223588716E+02 
       216  3.777470000E-02  3.147510000E-02  6.666670000E-02  1.046217930E-01  3.714348591E+02 
       217  7.399050000E-01  3.264710000E-02  6.666670000E-02  1.000363141E-01 -2.134223635E+02 
       218  6.989630000E-01  3.673990000E-02  6.666670000E-02  1.001193161E-01 -2.034717099E+02 
       219  5.488770000E-02  3.697740000E-02  6.666670000E-02  1.057189109E-01  2.811483589E+02 
       220  6.579970000E-01  4.059990000E-02  6.666670000E-02  1.002084094E-01 -1.928360453E+02 
       221  8.351470000E-02  4.379180000E-02  6.666670000E-02  1.051545400E-01  1.915636466E+02 
       222  6.170090000E-01  4.421250000E-02  6.666670000E-02  1.003094669E-01 -1.815430376E+02 
       223  5.759990000E-01  4.755650000E-02  6.666670000E-02  1.004266785E-01 -1.694731420E+02 
       224  1.241140000E-01  5.043730000E-02  6.666670000E-02  1.039742249E-01  1.111783686E+02 
       225  5.349650000E-01  5.060440000E-02  6.666670000E-02  1.005603614E-01 -1.564416914E+02 
       226  4.939080000E-01  5.332060000E-02  6.666670000E-02  1.007106666E-01 -1.422298812E+02 
       227  1.650180000E-01  5.486620000E-02  6.666670000E-02  1.030900940E-01  5.581861014E+01 
       228  4.528280000E-01  5.566140000E-02  6.666670000E-02  1.008839197E-01 -1.266077401E+02 
       229  4.117260000E-01  5.757270000E-02  6.666670000E-02  1.010858886E-01 -1.093259372E+02 
       230  2.060650000E-01  5.771190000E-02  6.666670000E-02  1.025214001E-01  1.546318473E+01 
       231  3.706030000E-01  5.898830000E-02  6.666670000E-02  1.013114953E-01 -9.011534598E+01 
       232  2.471780000E-01  5.933890000E-02  6.666670000E-02  1.021334774E-01 -1.702236294E+01 
       233  3.294650000E-01  5.982680000E-02  6.666670000E-02  1.015563144E-01 -6.867182973E+01 
       234  2.883190000E-01  5.998690000E-02  6.666670000E-02  1.018249615E-01 -4.455595775E+01 
       235  2.883190000E-01 -5.998690000E-02  1.000000000E-01  1.018249639E-01 -4.455702681E+01 
       236  3.294650000E-01 -5.982680000E-02  1.000000000E-01  1.015563199E-01 -6.867241977E+01 
       237  2.471780000E-01 -5.933890000E-02  1.000000000E-01  1.021334756E-01 -1.702402241E+01 
       238  3.706030000E-01 -5.898830000E-02  1.000000000E-01  1.013115022E-01 -9.011569461E+01 
       239  2.060650000E-01 -5.771190000E-02  1.000000000E-01  1.025213823E-01  1.546108159E+01 
       240  4.117260000E-01 -5.757270000E-02  1.000000000E-01  1.010858964E-01 -1.093261813E+02 
       241  4.528280000E-01 -5.566140000E-02  1.000000000E-01  1.008839276E-01 -1.266079489E+02 
       242  1.650180000E-01 -5.486620000E-02  1.000000000E-01  1.030900184E-01  5.581571940E+01 
       243  4.939080000E-01 -5.332060000E-02  1.000000000E-01  1.007106741E-01 -1.422300592E+02 
       244  5.349650000E-01 -5.060440000E-02  1.000000000E-01  1.005603684E-01 -1.564418718E+02 
       245  1.241140000E-01 -5.043730000E-02  1.000000000E-01  1.039739915E-01  1.111741801E+02 
       246  5.759990000E-01 -4.755650000E-02  1.000000000E-01  1.004266853E-01 -1.694733057E+02 
       247  6.170090000E-01 -4.421250000E-02  1.000000000E-01  1.003094733E-01 -1.815431691E+02 
       248  8.351470000E-02 -4.379180000E-02  1.000000000E-01  1.051538630E-01  1.915562834E+02 
       249  6.579970000E-01 -4.059990000E-02  1.000000000E-01  1.002084150E-01 -1.928361037E+02 
       250  5.488770000E-02 -3.697740000E-02  1.000000000E-01  1.057176506E-01  2.811400153E+02 
       251  6.989630000E-01 -3.673990000E-02  1.000000000E-01  1.001193204E-01 -2.034716436E+02 
       252  7.399050000E-01 -3.264710000E-02  1.000000000E-01  1.000363167E-01 -2.134221316E+02 
       253  3.777470000E-02 -3.147510000E-02  1.000000000E-01  1.046199793E-01  3.714272160E+02 
       254  7.808250000E-01 -2.833060000E-02  1.000000000E-01  9.995352504E-02 -2.223583881E+02 
       255  2.634450000E-02 -2.677890000E-02  1.000000000E-01  1.010072367E-01  4.689751576E+02 
       256  8.217210000E-01 -2.379390000E-02  1.000000000E-01  9.985184602E-02 -2.293248372E+02 
       257  1.821900000E-02 -2.259850000E-02  1.000000000E-01  9.506131146E-02  5.726643429E+02 
       258  1.318260000E-02 -1.942040000E-02  1.000000000E-01  8.828047277E-02  6.708399774E+02 
       259  8.625920000E-01 -1.903530000E-02  1.000000000E-01  9.970801438E-02 -2.320861490E+02 
       260  9.850590000E-03 -1.691540000E-02  1.000000000E-01  8.175844240E-02  7.587680770E+02 
       261  7.411530000E-03 -1.476420000E-02  1.000000000E-01  7.552020425E-02  8.397391042E+02 
       262  9.034350000E-01 -1.404860000E-02  1.000000000E-01  9.946997397E-02 -2.269841702E+02 
       263  5.510960000E-03 -1.280140000E-02  1.000000000E-01  6.916136051E-02  9.164460653E+02 
       264  3.983540000E-03 -1.093890000E-02  1.000000000E-01  6.233723573E-02  9.894801347E+02 
       265  9.337850000E-01 -1.018640000E-02  1.000000000E-01  9.893257951E-02 -2.064851175E+02 
       266  2.745270000E-03 -9.124550000E-03  1.000000000E-01  5.482061468E-02  1.058829248E+03 
       267  1.752850000E-03 -7.324960000E-03  1.000000000E-01  4.641699135E-02  1.123809912E+03 
       268  9.641170000E-01 -6.185660000E-03  1.000000000E-01  9.749177480E-02 -1.524044361E+02 
       269  9.860190000E-04 -5.518970000E-03  1.000000000E-01  3.671413475E-02  1.184910088E+03 
       270  4.384000000E-04 -3.696570000E-03  1.000000000E-01  2.550065763E-02  1.237837522E+03 
       271  9.885790000E-01 -2.851310000E-03  1.000000000E-01  9.374481246E-02 -7.762854127E+01 
       272  1.095110000E-04 -1.855900000E-03  1.000000000E-01  1.284107703E-02  1.275797773E+03 
       273  0.000000000E+00  0.000000000E+00  1.000000000E-01  6.137114987E-03  1.290668969E+03 
       274  1.008950000E+00  0.000000000E+00  1.000000000E-01  9.117849511E-02  1.347831483E+01 
       275  1.095110000E-04  1.855900000E-03  1.000000000E-01  1.283959973E-02  1.275793974E+03 
       276  9.885790000E-01  2.851310000E-03  1.000000000E-01  9.374481241E-02 -7.762905630E+01 
       277  4.384000000E-04  3.696570000E-03  1.000000000E-01  2.550021549E-02  1.237824190E+03 
       278  9.860190000E-04  5.518970000E-03  1.000000000E-01  3.671415916E-02  1.184886530E+03 
       279  9.641170000E-01  6.185660000E-03  1.000000000E-01  9.749177272E-02 -1.524053981E+02 
       280  1.752850000E-03  7.324960000E-03  1.000000000E-01  4.641651077E-02  1.123779513E+03 
       281  2.745270000E-03  9.124550000E-03  1.000000000E-01  5.481907419E-02  1.058800027E+03 
       282  9.337850000E-01  1.018640000E-02  1.000000000E-01  9.893259505E-02 -2.064866746E+02 
       283  3.983540000E-03  1.093890000E-02  1.000000000E-01  6.233491119E-02  9.894595269E+02 
       284  5.510960000E-03  1.280140000E-02  1.000000000E-01  6.915919773E-02  9.164377741E+02 
       285  9.034350000E-01  1.404860000E-02  1.000000000E-01  9.946999319E-02 -2.269857744E+02 
       286  7.411530000E-03  1.476420000E-02  1.000000000E-01  7.551917388E-02  8.397415835E+02 
       287  9.850590000E-03  1.691540000E-02  1.000000000E-01  8.175901146E-02  7.587775712E+02 
       288  8.625920000E-01  1.903530000E-02  1.000000000E-01  9.970802576E-02 -2.320874267E+02 
       289  1.318260000E-02  1.942040000E-02  1.000000000E-01  8.828247457E-02  6.708524894E+02 
       290  1.821900000E-02  2.259850000E-02  1.000000000E-01  9.506389908E-02  5.726751694E+02 
       291  8.217210000E-01  2.379390000E-02  1.000000000E-01  9.985185021E-02 -2.293256449E+02 
       292  2.634450000E-02  2.677890000E-02  1.000000000E-01  1.010095485E-01  4.689828695E+02 
       293  7.808250000E-01  2.833060000E-02  1.000000000E-01  9.995352476E-02 -2.223588227E+02 
       294  3.777470000E-02  3.147510000E-02  1.000000000E-01  1.046217602E-01  3.714334469E+02 
       295  7.399050000E-01  3.264710000E-02  1.000000000E-01  1.000363144E-01 -2.134223292E+02 
       296  6.989630000E-01  3.673990000E-02  1.000000000E-01  1.001193166E-01 -2.034716625E+02 
       297  5.488770000E-02  3.697740000E-02  1.000000000E-01  1.057188960E-01  2.811463549E+02 
       298  6.579970000E-01  4.059990000E-02  1.000000000E-01  1.002084100E-01 -1.928359992E+02 
       299  8.351470000E-02  4.379180000E-02  1.000000000E-01  1.051545221E-01  1.915622690E+02 
       300  6.170090000E-01  4.421250000E-02  1.000000000E-01  1.003094677E-01 -1.815429827E+02 
       301  5.759990000E-01  4.755650000E-02  1.000000000E-01  1.004266793E-01 -1.694730846E+02 
       302  1.241140000E-01  5.043730000E-02  1.000000000E-01  1.039742245E-01  1.111783043E+02 
       303  5.349650000E-01  5.060440000E-02  1.000000000E-01  1.005603618E-01 -1.564416356E+02 
       304  4.939080000E-01  5.332060000E-02  1.000000000E-01  1.007106663E-01 -1.422298416E+02 
       305  1.650180000E-01  5.486620000E-02  1.000000000E-01  1.030900970E-01  5.581852596E+01 
       306  4.528280000E-01  5.566140000E-02  1.000000000E-01  1.008839185E-01 -1.266077511E+02 
       307  4.117260000E-01  5.757270000E-02  1.000000000E-01  1.010858875E-01 -1.093259778E+02 
       308  2.060650000E-01  5.771190000E-02  1.000000000E-01  1.025214048E-01  1.546309037E+01 
       309  3.706030000E-01  5.898830000E-02  1.000000000E-01  1.013114952E-01 -9.011536828E+01 
       310  2.471780000E-01  5.933890000E-02  1.000000000E-01  1.021334805E-01 -1.702245869E+01 
       311  3.294650000E-01  5.982680000E-02  1.000000000E-01  1.015563157E-01 -6.867181866E+01 
       312  2.883190000E-01  5.998690000E-02  1.000000000E-01  1.018249634E-01 -4.455599616E+01 
