nodenumber     x-coordinate     y-coordinate     z-coordinate      mach-number         pressure 
         1  2.883190000E-01 -5.998690000E-02  0.000000000E+00  1.910595808E-01  2.494754328E+03 
         2  3.294650000E-01 -5.982680000E-02  0.000000000E+00  1.937793694E-01  2.151300084E+03 
         3  2.471780000E-01 -5.933890000E-02  0.000000000E+00  1.865682529E-01  2.900288563E+03 
         4  3.706030000E-01 -5.898830000E-02  0.000000000E+00  1.956257532E-01  1.857487685E+03 
         5  2.060650000E-01 -5.771190000E-02  0.000000000E+00  1.792044476E-01  3.388648866E+03 
         6  4.117260000E-01 -5.757270000E-02  0.000000000E+00  1.971043860E-01  1.600005894E+03 
         7  4.528280000E-01 -5.566140000E-02  0.000000000E+00  1.983883978E-01  1.370034707E+03 
         8  1.650180000E-01 -5.486620000E-02  0.000000000E+00  1.659479335E-01  3.997594377E+03 
         9  4.939080000E-01 -5.332060000E-02  0.000000000E+00  1.995309294E-01  1.161823989E+03 
        10  5.349650000E-01 -5.060440000E-02  0.000000000E+00  2.006788776E-01  9.694390375E+02 
        11  1.241140000E-01 -5.043730000E-02  0.000000000E+00  1.398719517E-01  4.783246814E+03 
        12  5.759990000E-01 -4.755650000E-02  0.000000000E+00  2.019036509E-01  7.877784546E+02 
        13  6.170090000E-01 -4.421250000E-02  0.000000000E+00  2.032024069E-01  6.129247208E+02 
        14  8.351470000E-02 -4.379180000E-02  0.000000000E+00  9.825562562E-02  5.631232032E+03 
        15  6.579970000E-01 -4.059990000E-02  0.000000000E+00  2.045983688E-01  4.414118819E+02 
        16  5.488770000E-02 -3.697740000E-02  0.000000000E+00  4.697028296E-02  6.272292006E+03 
        17  6.989630000E-01 -3.673990000E-02  0.000000000E+00  2.061809840E-01  2.699266805E+02 
        18  7.399050000E-01 -3.264710000E-02  0.000000000E+00  2.080079864E-01  9.524468828E+01 
        19  3.777470000E-02 -3.147510000E-02  0.000000000E+00  2.221912601E-02  6.493757442E+03 
        20  7.808250000E-01 -2.833060000E-02  0.000000000E+00  2.100781741E-01 -8.682070296E+01 
        21  2.634450000E-02 -2.677890000E-02  0.000000000E+00  5.711082074E-02  6.158355462E+03 
        22  8.217210000E-01 -2.379390000E-02  0.000000000E+00  2.126077348E-01 -2.811865371E+02 
        23  1.821900000E-02 -2.259850000E-02  0.000000000E+00  1.228337851E-01  5.226369389E+03 
        24  1.318260000E-02 -1.942040000E-02  0.000000000E+00  1.869127527E-01  3.727435021E+03 
        25  8.625920000E-01 -1.903530000E-02  0.000000000E+00  2.158540232E-01 -4.929162794E+02 
        26  9.850590000E-03 -1.691540000E-02  0.000000000E+00  2.467951370E-01  1.781452291E+03 
        27  7.411530000E-03 -1.476420000E-02  0.000000000E+00  3.037400179E-01 -5.275435588E+02 
        28  9.034350000E-01 -1.404860000E-02  0.000000000E+00  2.194484874E-01 -7.192634584E+02 
        29  5.510960000E-03 -1.280140000E-02  0.000000000E+00  3.599328295E-01 -3.141799891E+03 
        30  3.983540000E-03 -1.093890000E-02  0.000000000E+00  4.189637374E-01 -6.220010612E+03 
        31  9.337850000E-01 -1.018640000E-02  0.000000000E+00  2.231628959E-01 -9.552274778E+02 
        32  2.745270000E-03 -9.124550000E-03  0.000000000E+00  4.842880085E-01 -1.012796526E+04 
        33  1.752850000E-03 -7.324960000E-03  0.000000000E+00  5.542386167E-01 -1.466055429E+04 
        34  9.641170000E-01 -6.185660000E-03  0.000000000E+00  2.290237666E-01 -1.225292337E+03 
        35  9.860190000E-04 -5.518970000E-03  0.000000000E+00  6.258681784E-01 -1.951151089E+04 
        36  4.384000000E-04 -3.696570000E-03  0.000000000E+00  6.995180099E-01 -2.473073245E+04 
        37  9.885790000E-01 -2.851310000E-03  0.000000000E+00  2.423453783E-01 -1.502383793E+03 
        38  1.095110000E-04 -1.855900000E-03  0.000000000E+00  7.751347474E-01 -3.021472070E+04 
        39  0.000000000E+00  0.000000000E+00  0.000000000E+00  8.513832508E-01 -3.575477037E+04 
        40  1.008950000E+00  0.000000000E+00  0.000000000E+00  1.924638075E-01 -2.028492175E+03 
        41  1.095110000E-04  1.855900000E-03  0.000000000E+00  9.276660666E-01 -4.099254794E+04 
        42  9.885790000E-01  2.851310000E-03  0.000000000E+00  3.517177107E-02 -2.217744169E+03 
        43  4.384000000E-04  3.696570000E-03  0.000000000E+00  9.925777752E-01 -4.552648067E+04 
        44  9.860190000E-04  5.518970000E-03  0.000000000E+00  1.041904187E+00 -4.952348905E+04 
        45  9.641170000E-01  6.185660000E-03  0.000000000E+00  3.327531434E-02 -2.060195976E+03 
        46  1.752850000E-03  7.324960000E-03  0.000000000E+00  1.086409514E+00 -5.322561509E+04 
        47  2.745270000E-03  9.124550000E-03  0.000000000E+00  1.127903591E+00 -5.651712883E+04 
        48  9.337850000E-01  1.018640000E-02  0.000000000E+00  5.116656892E-02 -2.171650756E+03 
        49  3.983540000E-03  1.093890000E-02  0.000000000E+00  1.158584103E+00 -5.895360369E+04 
        50  5.510960000E-03  1.280140000E-02  0.000000000E+00  1.160137341E+00 -5.927740567E+04 
        51  9.034350000E-01  1.404860000E-02  0.000000000E+00  5.319529818E-02 -2.243150270E+03 
        52  7.411530000E-03  1.476420000E-02  0.000000000E+00  1.023390585E+00 -5.033837266E+04 
        53  9.850590000E-03  1.691540000E-02  0.000000000E+00  8.568699528E-01 -4.091775208E+04 
        54  8.625920000E-01  1.903530000E-02  0.000000000E+00  5.080985661E-02 -2.277482991E+03 
        55  1.318260000E-02  1.942040000E-02  0.000000000E+00  7.786903550E-01 -3.829517092E+04 
        56  1.821900000E-02  2.259850000E-02  0.000000000E+00  6.846883955E-01 -3.391402224E+04 
        57  8.217210000E-01  2.379390000E-02  0.000000000E+00  4.797734746E-02 -2.292380877E+03 
        58  2.634450000E-02  2.677890000E-02  0.000000000E+00  5.760567728E-01 -2.844827851E+04 
        59  7.808250000E-01  2.833060000E-02  0.000000000E+00  4.592688687E-02 -2.308219428E+03 
        60  3.777470000E-02  3.147510000E-02  0.000000000E+00  4.710016594E-01 -2.350355340E+04 
        61  7.399050000E-01  3.264710000E-02  0.000000000E+00  4.485776452E-02 -2.329378458E+03 
        62  6.989630000E-01  3.673990000E-02  0.000000000E+00  4.451810756E-02 -2.356700186E+03 
        63  5.488770000E-02  3.697740000E-02  0.000000000E+00  3.672374980E-01 -1.895979333E+04 
        64  6.579970000E-01  4.059990000E-02  0.000000000E+00  4.455083647E-02 -2.390251471E+03 
        65  8.351470000E-02  4.379180000E-02  0.000000000E+00  2.654446137E-01 -1.453256007E+04 
        66  6.170090000E-01  4.421250000E-02  0.000000000E+00  4.464645227E-02 -2.431390843E+03 
        67  5.759990000E-01  4.755650000E-02  0.000000000E+00  4.444250405E-02 -2.481563181E+03 
        68  1.241140000E-01  5.043730000E-02  0.000000000E+00  1.777788912E-01 -1.073941663E+04 
        69  5.349650000E-01  5.060440000E-02  0.000000000E+00  4.378671477E-02 -2.542646994E+03 
        70  4.939080000E-01  5.332060000E-02  0.000000000E+00  4.267530606E-02 -2.620455079E+03 
        71  1.650180000E-01  5.486620000E-02  0.000000000E+00  1.148698411E-01 -8.084440933E+03 
        72  4.528280000E-01  5.566140000E-02  0.000000000E+00  4.075663847E-02 -2.726336507E+03 
        73  4.117260000E-01  5.757270000E-02  0.000000000E+00  3.717655858E-02 -2.877041552E+03 
        74  2.060650000E-01  5.771190000E-02  0.000000000E+00  7.083703010E-02 -6.235040827E+03 
        75  3.706030000E-01  5.898830000E-02  0.000000000E+00  3.030508629E-02 -3.097294419E+03 
        76  2.471780000E-01  5.933890000E-02  0.000000000E+00  3.573542092E-02 -4.891782727E+03 
        77  3.294650000E-01  5.982680000E-02  0.000000000E+00  1.671324413E-02 -3.434875081E+03 
        78  2.883190000E-01  5.998690000E-02  0.000000000E+00  1.360100780E-02 -3.989764371E+03 
        79  2.883190000E-01 -5.998690000E-02  1.666670000E-01  1.910595805E-01  2.494754353E+03 
        80  3.294650000E-01 -5.982680000E-02  1.666670000E-01  1.937793695E-01  2.151300066E+03 
        81  2.471780000E-01 -5.933890000E-02  1.666670000E-01  1.865682518E-01  2.900288643E+03 
        82  3.706030000E-01 -5.898830000E-02  1.666670000E-01  1.956257531E-01  1.857487702E+03 
        83  2.060650000E-01 -5.771190000E-02  1.666670000E-01  1.792044457E-01  3.388648977E+03 
        84  4.117260000E-01 -5.757270000E-02  1.666670000E-01  1.971043858E-01  1.600005926E+03 
        85  4.528280000E-01 -5.566140000E-02  1.666670000E-01  1.983883977E-01  1.370034734E+03 
        86  1.650180000E-01 -5.486620000E-02  1.666670000E-01  1.659479262E-01  3.997594661E+03 
        87  4.939080000E-01 -5.332060000E-02  1.666670000E-01  1.995309294E-01  1.161823992E+03 
        88  5.349650000E-01 -5.060440000E-02  1.666670000E-01  2.006788777E-01  9.694390447E+02 
        89  1.241140000E-01 -5.043730000E-02  1.666670000E-01  1.398719328E-01  4.783247297E+03 
        90  5.759990000E-01 -4.755650000E-02  1.666670000E-01  2.019036511E-01  7.877784567E+02 
        91  6.170090000E-01 -4.421250000E-02  1.666670000E-01  2.032024072E-01  6.129247095E+02 
        92  8.351470000E-02 -4.379180000E-02  1.666670000E-01  9.825558900E-02  5.631232639E+03 
        93  6.579970000E-01 -4.059990000E-02  1.666670000E-01  2.045983693E-01  4.414118577E+02 
        94  5.488770000E-02 -3.697740000E-02  1.666670000E-01  4.697024033E-02  6.272292386E+03 
        95  6.989630000E-01 -3.673990000E-02  1.666670000E-01  2.061809849E-01  2.699266261E+02 
        96  7.399050000E-01 -3.264710000E-02  1.666670000E-01  2.080079875E-01  9.524462224E+01 
        97  3.777470000E-02 -3.147510000E-02  1.666670000E-01  2.221912855E-02  6.493757419E+03 
        98  7.808250000E-01 -2.833060000E-02  1.666670000E-01  2.100781761E-01 -8.682083330E+01 
        99  2.634450000E-02 -2.677890000E-02  1.666670000E-01  5.711083622E-02  6.158355313E+03 
       100  8.217210000E-01 -2.379390000E-02  1.666670000E-01  2.126077386E-01 -2.811867715E+02 
       101  1.821900000E-02 -2.259850000E-02  1.666670000E-01  1.228337976E-01  5.226369159E+03 
       102  1.318260000E-02 -1.942040000E-02  1.666670000E-01  1.869127956E-01  3.727433797E+03 
       103  8.625920000E-01 -1.903530000E-02  1.666670000E-01  2.158540293E-01 -4.929166414E+02 
       104  9.850590000E-03 -1.691540000E-02  1.666670000E-01  2.467951982E-01  1.781450048E+03 
       105  7.411530000E-03 -1.476420000E-02  1.666670000E-01  3.037400794E-01 -5.275462978E+02 
       106  9.034350000E-01 -1.404860000E-02  1.666670000E-01  2.194484982E-01 -7.192640994E+02 
       107  5.510960000E-03 -1.280140000E-02  1.666670000E-01  3.599328860E-01 -3.141802613E+03 
       108  3.983540000E-03 -1.093890000E-02  1.666670000E-01  4.189637878E-01 -6.220013414E+03 
       109  9.337850000E-01 -1.018640000E-02  1.666670000E-01  2.231629160E-01 -9.552285821E+02 
       110  2.745270000E-03 -9.124550000E-03  1.666670000E-01  4.842880492E-01 -1.012796787E+04 
       111  1.752850000E-03 -7.324960000E-03  1.666670000E-01  5.542386417E-01 -1.466055594E+04 
       112  9.641170000E-01 -6.185660000E-03  1.666670000E-01  2.290238068E-01 -1.225294293E+03 
       113  9.860190000E-04 -5.518970000E-03  1.666670000E-01  6.258681901E-01 -1.951151171E+04 
       114  4.384000000E-04 -3.696570000E-03  1.666670000E-01  6.995180115E-01 -2.473073258E+04 
       115  9.885790000E-01 -2.851310000E-03  1.666670000E-01  2.423454788E-01 -1.502386788E+03 
       116  1.095110000E-04 -1.855900000E-03  1.666670000E-01  7.751347415E-01 -3.021472028E+04 
       117  0.000000000E+00  0.000000000E+00  1.666670000E-01  8.513832400E-01 -3.575476959E+04 
       118  1.008950000E+00  0.000000000E+00  1.666670000E-01  1.518664494E-01 -2.035948435E+03 
       119  1.095110000E-04  1.855900000E-03  1.666670000E-01  9.276660502E-01 -4.099254680E+04 
       120  9.885790000E-01  2.851310000E-03  1.666670000E-01  3.517185307E-02 -2.217736198E+03 
       121  4.384000000E-04  3.696570000E-03  1.666670000E-01  9.925777531E-01 -4.552647910E+04 
       122  9.860190000E-04  5.518970000E-03  1.666670000E-01  1.041904160E+00 -4.952348700E+04 
       123  9.641170000E-01  6.185660000E-03  1.666670000E-01  3.327623336E-02 -2.060192609E+03 
       124  1.752850000E-03  7.324960000E-03  1.666670000E-01  1.086409477E+00 -5.322561241E+04 
       125  2.745270000E-03  9.124550000E-03  1.666670000E-01  1.127903541E+00 -5.651712533E+04 
       126  9.337850000E-01  1.018640000E-02  1.666670000E-01  5.116757677E-02 -2.171648479E+03 
       127  3.983540000E-03  1.093890000E-02  1.666670000E-01  1.158584048E+00 -5.895360012E+04 
       128  5.510960000E-03  1.280140000E-02  1.666670000E-01  1.160137264E+00 -5.927740040E+04 
       129  9.034350000E-01  1.404860000E-02  1.666670000E-01  5.319622902E-02 -2.243147889E+03 
       130  7.411530000E-03  1.476420000E-02  1.666670000E-01  1.023390782E+00 -5.033838408E+04 
       131  9.850590000E-03  1.691540000E-02  1.666670000E-01  8.568700108E-01 -4.091775078E+04 
       132  8.625920000E-01  1.903530000E-02  1.666670000E-01  5.081064676E-02 -2.277479712E+03 
       133  1.318260000E-02  1.942040000E-02  1.666670000E-01  7.786903941E-01 -3.829517085E+04 
       134  1.821900000E-02  2.259850000E-02  1.666670000E-01  6.846883919E-01 -3.391402053E+04 
       135  8.217210000E-01  2.379390000E-02  1.666670000E-01  4.797800012E-02 -2.292376913E+03 
       136  2.634450000E-02  2.677890000E-02  1.666670000E-01  5.760567684E-01 -2.844827660E+04 
       137  7.808250000E-01  2.833060000E-02  1.666670000E-01  4.592745678E-02 -2.308214631E+03 
       138  3.777470000E-02  3.147510000E-02  1.666670000E-01  4.710016850E-01 -2.350355262E+04 
       139  7.399050000E-01  3.264710000E-02  1.666670000E-01  4.485838247E-02 -2.329373578E+03 
       140  6.989630000E-01  3.673990000E-02  1.666670000E-01  4.451883050E-02 -2.356696516E+03 
       141  5.488770000E-02  3.697740000E-02  1.666670000E-01  3.672375205E-01 -1.895979241E+04 
       142  6.579970000E-01  4.059990000E-02  1.666670000E-01  4.455153474E-02 -2.390249142E+03 
       143  8.351470000E-02  4.379180000E-02  1.666670000E-01  2.654445610E-01 -1.453255719E+04 
       144  6.170090000E-01  4.421250000E-02  1.666670000E-01  4.464698406E-02 -2.431388915E+03 
       145  5.759990000E-01  4.755650000E-02  1.666670000E-01  4.444288892E-02 -2.481560944E+03 
       146  1.241140000E-01  5.043730000E-02  1.666670000E-01  1.777786310E-01 -1.073940938E+04 
       147  5.349650000E-01  5.060440000E-02  1.666670000E-01  4.378704239E-02 -2.542644325E+03 
       148  4.939080000E-01  5.332060000E-02  1.666670000E-01  4.267564182E-02 -2.620451539E+03 
       149  1.650180000E-01  5.486620000E-02  1.666670000E-01  1.148691491E-01 -8.084430140E+03 
       150  4.528280000E-01  5.566140000E-02  1.666670000E-01  4.075703193E-02 -2.726332672E+03 
       151  4.117260000E-01  5.757270000E-02  1.666670000E-01  3.717704493E-02 -2.877039220E+03 
       152  2.060650000E-01  5.771190000E-02  1.666670000E-01  7.083580857E-02 -6.235029043E+03 
       153  3.706030000E-01  5.898830000E-02  1.666670000E-01  3.030570552E-02 -3.097293148E+03 
       154  2.471780000E-01  5.933890000E-02  1.666670000E-01  3.573410417E-02 -4.891772822E+03 
       155  3.294650000E-01  5.982680000E-02  1.666670000E-01  1.671399114E-02 -3.434871944E+03 
       156  2.883190000E-01  5.998690000E-02  1.666670000E-01  1.360081152E-02 -3.989757628E+03 
       157  2.883190000E-01 -5.998690000E-02  3.333330000E-01  1.910595805E-01  2.494754353E+03 
       158  3.294650000E-01 -5.982680000E-02  3.333330000E-01  1.937793695E-01  2.151300066E+03 
       159  2.471780000E-01 -5.933890000E-02  3.333330000E-01  1.865682518E-01  2.900288643E+03 
       160  3.706030000E-01 -5.898830000E-02  3.333330000E-01  1.956257531E-01  1.857487702E+03 
       161  2.060650000E-01 -5.771190000E-02  3.333330000E-01  1.792044457E-01  3.388648977E+03 
       162  4.117260000E-01 -5.757270000E-02  3.333330000E-01  1.971043858E-01  1.600005926E+03 
       163  4.528280000E-01 -5.566140000E-02  3.333330000E-01  1.983883977E-01  1.370034734E+03 
       164  1.650180000E-01 -5.486620000E-02  3.333330000E-01  1.659479262E-01  3.997594661E+03 
       165  4.939080000E-01 -5.332060000E-02  3.333330000E-01  1.995309294E-01  1.161823992E+03 
       166  5.349650000E-01 -5.060440000E-02  3.333330000E-01  2.006788777E-01  9.694390447E+02 
       167  1.241140000E-01 -5.043730000E-02  3.333330000E-01  1.398719328E-01  4.783247297E+03 
       168  5.759990000E-01 -4.755650000E-02  3.333330000E-01  2.019036511E-01  7.877784567E+02 
       169  6.170090000E-01 -4.421250000E-02  3.333330000E-01  2.032024072E-01  6.129247095E+02 
       170  8.351470000E-02 -4.379180000E-02  3.333330000E-01  9.825558901E-02  5.631232639E+03 
       171  6.579970000E-01 -4.059990000E-02  3.333330000E-01  2.045983693E-01  4.414118577E+02 
       172  5.488770000E-02 -3.697740000E-02  3.333330000E-01  4.697024035E-02  6.272292386E+03 
       173  6.989630000E-01 -3.673990000E-02  3.333330000E-01  2.061809849E-01  2.699266261E+02 
       174  7.399050000E-01 -3.264710000E-02  3.333330000E-01  2.080079875E-01  9.524462229E+01 
       175  3.777470000E-02 -3.147510000E-02  3.333330000E-01  2.221912854E-02  6.493757419E+03 
       176  7.808250000E-01 -2.833060000E-02  3.333330000E-01  2.100781761E-01 -8.682083323E+01 
       177  2.634450000E-02 -2.677890000E-02  3.333330000E-01  5.711083619E-02  6.158355313E+03 
       178  8.217210000E-01 -2.379390000E-02  3.333330000E-01  2.126077386E-01 -2.811867714E+02 
       179  1.821900000E-02 -2.259850000E-02  3.333330000E-01  1.228337975E-01  5.226369160E+03 
       180  1.318260000E-02 -1.942040000E-02  3.333330000E-01  1.869127956E-01  3.727433799E+03 
       181  8.625920000E-01 -1.903530000E-02  3.333330000E-01  2.158540293E-01 -4.929166413E+02 
       182  9.850590000E-03 -1.691540000E-02  3.333330000E-01  2.467951982E-01  1.781450050E+03 
       183  7.411530000E-03 -1.476420000E-02  3.333330000E-01  3.037400793E-01 -5.275462949E+02 
       184  9.034350000E-01 -1.404860000E-02  3.333330000E-01  2.194484982E-01 -7.192640992E+02 
       185  5.510960000E-03 -1.280140000E-02  3.333330000E-01  3.599328859E-01 -3.141802610E+03 
       186  3.983540000E-03 -1.093890000E-02  3.333330000E-01  4.189637877E-01 -6.220013410E+03 
       187  9.337850000E-01 -1.018640000E-02  3.333330000E-01  2.231629160E-01 -9.552285818E+02 
       188  2.745270000E-03 -9.124550000E-03  3.333330000E-01  4.842880491E-01 -1.012796786E+04 
       189  1.752850000E-03 -7.324960000E-03  3.333330000E-01  5.542386416E-01 -1.466055594E+04 
       190  9.641170000E-01 -6.185660000E-03  3.333330000E-01  2.290238068E-01 -1.225294292E+03 
       191  9.860190000E-04 -5.518970000E-03  3.333330000E-01  6.258681900E-01 -1.951151170E+04 
       192  4.384000000E-04 -3.696570000E-03  3.333330000E-01  6.995180113E-01 -2.473073257E+04 
       193  9.885790000E-01 -2.851310000E-03  3.333330000E-01  2.423454788E-01 -1.502386787E+03 
       194  1.095110000E-04 -1.855900000E-03  3.333330000E-01  7.751347413E-01 -3.021472027E+04 
       195  0.000000000E+00  0.000000000E+00  3.333330000E-01  8.513832398E-01 -3.575476958E+04 
       196  1.008950000E+00  0.000000000E+00  3.333330000E-01  1.518664494E-01 -2.035948432E+03 
       197  1.095110000E-04  1.855900000E-03  3.333330000E-01  9.276660500E-01 -4.099254678E+04 
       198  9.885790000E-01  2.851310000E-03  3.333330000E-01  3.517185311E-02 -2.217736193E+03 
       199  4.384000000E-04  3.696570000E-03  3.333330000E-01  9.925777528E-01 -4.552647908E+04 
       200  9.860190000E-04  5.518970000E-03  3.333330000E-01  1.041904160E+00 -4.952348699E+04 
       201  9.641170000E-01  6.185660000E-03  3.333330000E-01  3.327623364E-02 -2.060192605E+03 
       202  1.752850000E-03  7.324960000E-03  3.333330000E-01  1.086409477E+00 -5.322561239E+04 
       203  2.745270000E-03  9.124550000E-03  3.333330000E-01  1.127903541E+00 -5.651712531E+04 
       204  9.337850000E-01  1.018640000E-02  3.333330000E-01  5.116757727E-02 -2.171648476E+03 
       205  3.983540000E-03  1.093890000E-02  3.333330000E-01  1.158584048E+00 -5.895360009E+04 
       206  5.510960000E-03  1.280140000E-02  3.333330000E-01  1.160137263E+00 -5.927740032E+04 
       207  9.034350000E-01  1.404860000E-02  3.333330000E-01  5.319622963E-02 -2.243147887E+03 
       208  7.411530000E-03  1.476420000E-02  3.333330000E-01  1.023390781E+00 -5.033838400E+04 
       209  9.850590000E-03  1.691540000E-02  3.333330000E-01  8.568700105E-01 -4.091775075E+04 
       210  8.625920000E-01  1.903530000E-02  3.333330000E-01  5.081064731E-02 -2.277479710E+03 
       211  1.318260000E-02  1.942040000E-02  3.333330000E-01  7.786903939E-01 -3.829517083E+04 
       212  1.821900000E-02  2.259850000E-02  3.333330000E-01  6.846883917E-01 -3.391402051E+04 
       213  8.217210000E-01  2.379390000E-02  3.333330000E-01  4.797800060E-02 -2.292376911E+03 
       214  2.634450000E-02  2.677890000E-02  3.333330000E-01  5.760567682E-01 -2.844827657E+04 
       215  7.808250000E-01  2.833060000E-02  3.333330000E-01  4.592745723E-02 -2.308214629E+03 
       216  3.777470000E-02  3.147510000E-02  3.333330000E-01  4.710016847E-01 -2.350355259E+04 
       217  7.399050000E-01  3.264710000E-02  3.333330000E-01  4.485838300E-02 -2.329373576E+03 
       218  6.989630000E-01  3.673990000E-02  3.333330000E-01  4.451883118E-02 -2.356696515E+03 
       219  5.488770000E-02  3.697740000E-02  3.333330000E-01  3.672375201E-01 -1.895979238E+04 
       220  6.579970000E-01  4.059990000E-02  3.333330000E-01  4.455153551E-02 -2.390249143E+03 
       221  8.351470000E-02  4.379180000E-02  3.333330000E-01  2.654445603E-01 -1.453255716E+04 
       222  6.170090000E-01  4.421250000E-02  3.333330000E-01  4.464698486E-02 -2.431388917E+03 
       223  5.759990000E-01  4.755650000E-02  3.333330000E-01  4.444288981E-02 -2.481560946E+03 
       224  1.241140000E-01  5.043730000E-02  3.333330000E-01  1.777786295E-01 -1.073940933E+04 
       225  5.349650000E-01  5.060440000E-02  3.333330000E-01  4.378704339E-02 -2.542644327E+03 
       226  4.939080000E-01  5.332060000E-02  3.333330000E-01  4.267564292E-02 -2.620451540E+03 
       227  1.650180000E-01  5.486620000E-02  3.333330000E-01  1.148691464E-01 -8.084430086E+03 
       228  4.528280000E-01  5.566140000E-02  3.333330000E-01  4.075703320E-02 -2.726332673E+03 
       229  4.117260000E-01  5.757270000E-02  3.333330000E-01  3.717704645E-02 -2.877039221E+03 
       230  2.060650000E-01  5.771190000E-02  3.333330000E-01  7.083580456E-02 -6.235028989E+03 
       231  3.706030000E-01  5.898830000E-02  3.333330000E-01  3.030570753E-02 -3.097293149E+03 
       232  2.471780000E-01  5.933890000E-02  3.333330000E-01  3.573409985E-02 -4.891772780E+03 
       233  3.294650000E-01  5.982680000E-02  3.333330000E-01  1.671399382E-02 -3.434871937E+03 
       234  2.883190000E-01  5.998690000E-02  3.333330000E-01  1.360081100E-02 -3.989757604E+03 
       235  2.883190000E-01 -5.998690000E-02  5.000000000E-01  1.910595807E-01  2.494754328E+03 
       236  3.294650000E-01 -5.982680000E-02  5.000000000E-01  1.937793694E-01  2.151300084E+03 
       237  2.471780000E-01 -5.933890000E-02  5.000000000E-01  1.865682529E-01  2.900288562E+03 
       238  3.706030000E-01 -5.898830000E-02  5.000000000E-01  1.956257532E-01  1.857487685E+03 
       239  2.060650000E-01 -5.771190000E-02  5.000000000E-01  1.792044476E-01  3.388648866E+03 
       240  4.117260000E-01 -5.757270000E-02  5.000000000E-01  1.971043860E-01  1.600005894E+03 
       241  4.528280000E-01 -5.566140000E-02  5.000000000E-01  1.983883978E-01  1.370034707E+03 
       242  1.650180000E-01 -5.486620000E-02  5.000000000E-01  1.659479335E-01  3.997594377E+03 
       243  4.939080000E-01 -5.332060000E-02  5.000000000E-01  1.995309294E-01  1.161823989E+03 
       244  5.349650000E-01 -5.060440000E-02  5.000000000E-01  2.006788776E-01  9.694390375E+02 
       245  1.241140000E-01 -5.043730000E-02  5.000000000E-01  1.398719517E-01  4.783246813E+03 
       246  5.759990000E-01 -4.755650000E-02  5.000000000E-01  2.019036509E-01  7.877784546E+02 
       247  6.170090000E-01 -4.421250000E-02  5.000000000E-01  2.032024069E-01  6.129247209E+02 
       248  8.351470000E-02 -4.379180000E-02  5.000000000E-01  9.825562563E-02  5.631232032E+03 
       249  6.579970000E-01 -4.059990000E-02  5.000000000E-01  2.045983688E-01  4.414118819E+02 
       250  5.488770000E-02 -3.697740000E-02  5.000000000E-01  4.697028299E-02  6.272292005E+03 
       251  6.989630000E-01 -3.673990000E-02  5.000000000E-01  2.061809840E-01  2.699266806E+02 
       252  7.399050000E-01 -3.264710000E-02  5.000000000E-01  2.080079864E-01  9.524468838E+01 
       253  3.777470000E-02 -3.147510000E-02  5.000000000E-01  2.221912599E-02  6.493757442E+03 
       254  7.808250000E-01 -2.833060000E-02  5.000000000E-01  2.100781741E-01 -8.682070281E+01 
       255  2.634450000E-02 -2.677890000E-02  5.000000000E-01  5.711082067E-02  6.158355463E+03 
       256  8.217210000E-01 -2.379390000E-02  5.000000000E-01  2.126077348E-01 -2.811865368E+02 
       257  1.821900000E-02 -2.259850000E-02  5.000000000E-01  1.228337850E-01  5.226369390E+03 
       258  1.318260000E-02 -1.942040000E-02  5.000000000E-01  1.869127526E-01  3.727435024E+03 
       259  8.625920000E-01 -1.903530000E-02  5.000000000E-01  2.158540232E-01 -4.929162791E+02 
       260  9.850590000E-03 -1.691540000E-02  5.000000000E-01  2.467951369E-01  1.781452295E+03 
       261  7.411530000E-03 -1.476420000E-02  5.000000000E-01  3.037400178E-01 -5.275435530E+02 
       262  9.034350000E-01 -1.404860000E-02  5.000000000E-01  2.194484874E-01 -7.192634580E+02 
       263  5.510960000E-03 -1.280140000E-02  5.000000000E-01  3.599328294E-01 -3.141799884E+03 
       264  3.983540000E-03 -1.093890000E-02  5.000000000E-01  4.189637372E-01 -6.220010603E+03 
       265  9.337850000E-01 -1.018640000E-02  5.000000000E-01  2.231628959E-01 -9.552274772E+02 
       266  2.745270000E-03 -9.124550000E-03  5.000000000E-01  4.842880084E-01 -1.012796525E+04 
       267  1.752850000E-03 -7.324960000E-03  5.000000000E-01  5.542386165E-01 -1.466055428E+04 
       268  9.641170000E-01 -6.185660000E-03  5.000000000E-01  2.290237666E-01 -1.225292336E+03 
       269  9.860190000E-04 -5.518970000E-03  5.000000000E-01  6.258681782E-01 -1.951151087E+04 
       270  4.384000000E-04 -3.696570000E-03  5.000000000E-01  6.995180096E-01 -2.473073244E+04 
       271  9.885790000E-01 -2.851310000E-03  5.000000000E-01  2.423453783E-01 -1.502383792E+03 
       272  1.095110000E-04 -1.855900000E-03  5.000000000E-01  7.751347471E-01 -3.021472068E+04 
       273  0.000000000E+00  0.000000000E+00  5.000000000E-01  8.513832504E-01 -3.575477035E+04 
       274  1.008950000E+00  0.000000000E+00  5.000000000E-01  1.924638074E-01 -2.028492172E+03 
       275  1.095110000E-04  1.855900000E-03  5.000000000E-01  9.276660662E-01 -4.099254791E+04 
       276  9.885790000E-01  2.851310000E-03  5.000000000E-01  3.517177115E-02 -2.217744160E+03 
       277  4.384000000E-04  3.696570000E-03  5.000000000E-01  9.925777747E-01 -4.552648064E+04 
       278  9.860190000E-04  5.518970000E-03  5.000000000E-01  1.041904186E+00 -4.952348901E+04 
       279  9.641170000E-01  6.185660000E-03  5.000000000E-01  3.327531490E-02 -2.060195967E+03 
       280  1.752850000E-03  7.324960000E-03  5.000000000E-01  1.086409513E+00 -5.322561505E+04 
       281  2.745270000E-03  9.124550000E-03  5.000000000E-01  1.127903591E+00 -5.651712879E+04 
       282  9.337850000E-01  1.018640000E-02  5.000000000E-01  5.116656993E-02 -2.171650748E+03 
       283  3.983540000E-03  1.093890000E-02  5.000000000E-01  1.158584101E+00 -5.895360362E+04 
       284  5.510960000E-03  1.280140000E-02  5.000000000E-01  1.160137339E+00 -5.927740553E+04 
       285  9.034350000E-01  1.404860000E-02  5.000000000E-01  5.319529940E-02 -2.243150265E+03 
       286  7.411530000E-03  1.476420000E-02  5.000000000E-01  1.023390583E+00 -5.033837251E+04 
       287  9.850590000E-03  1.691540000E-02  5.000000000E-01  8.568699523E-01 -4.091775203E+04 
       288  8.625920000E-01  1.903530000E-02  5.000000000E-01  5.080985773E-02 -2.277482988E+03 
       289  1.318260000E-02  1.942040000E-02  5.000000000E-01  7.786903546E-01 -3.829517087E+04 
       290  1.821900000E-02  2.259850000E-02  5.000000000E-01  6.846883951E-01 -3.391402219E+04 
       291  8.217210000E-01  2.379390000E-02  5.000000000E-01  4.797734841E-02 -2.292380873E+03 
       292  2.634450000E-02  2.677890000E-02  5.000000000E-01  5.760567724E-01 -2.844827845E+04 
       293  7.808250000E-01  2.833060000E-02  5.000000000E-01  4.592688776E-02 -2.308219424E+03 
       294  3.777470000E-02  3.147510000E-02  5.000000000E-01  4.710016590E-01 -2.350355335E+04 
       295  7.399050000E-01  3.264710000E-02  5.000000000E-01  4.485776559E-02 -2.329378454E+03 
       296  6.989630000E-01  3.673990000E-02  5.000000000E-01  4.451810893E-02 -2.356700184E+03 
       297  5.488770000E-02  3.697740000E-02  5.000000000E-01  3.672374973E-01 -1.895979327E+04 
       298  6.579970000E-01  4.059990000E-02  5.000000000E-01  4.455083800E-02 -2.390251473E+03 
       299  8.351470000E-02  4.379180000E-02  5.000000000E-01  2.654446122E-01 -1.453256000E+04 
       300  6.170090000E-01  4.421250000E-02  5.000000000E-01  4.464645387E-02 -2.431390845E+03 
       301  5.759990000E-01  4.755650000E-02  5.000000000E-01  4.444250583E-02 -2.481563184E+03 
       302  1.241140000E-01  5.043730000E-02  5.000000000E-01  1.777788883E-01 -1.073941654E+04 
       303  5.349650000E-01  5.060440000E-02  5.000000000E-01  4.378671677E-02 -2.542646998E+03 
       304  4.939080000E-01  5.332060000E-02  5.000000000E-01  4.267530827E-02 -2.620455082E+03 
       305  1.650180000E-01  5.486620000E-02  5.000000000E-01  1.148698358E-01 -8.084440824E+03 
       306  4.528280000E-01  5.566140000E-02  5.000000000E-01  4.075664102E-02 -2.726336508E+03 
       307  4.117260000E-01  5.757270000E-02  5.000000000E-01  3.717656163E-02 -2.877041553E+03 
       308  2.060650000E-01  5.771190000E-02  5.000000000E-01  7.083702210E-02 -6.235040718E+03 
       309  3.706030000E-01  5.898830000E-02  5.000000000E-01  3.030509031E-02 -3.097294420E+03 
       310  2.471780000E-01  5.933890000E-02  5.000000000E-01  3.573541227E-02 -4.891782642E+03 
       311  3.294650000E-01  5.982680000E-02  5.000000000E-01  1.671324950E-02 -3.434875068E+03 
       312  2.883190000E-01  5.998690000E-02  5.000000000E-01  1.360100676E-02 -3.989764323E+03 
