nodenumber     x-coordinate     y-coordinate     z-coordinate      mach-number         pressure 
         1  2.883190000E-01 -5.998690000E-02  0.000000000E+00  1.157620436E-01 -2.456367816E+02 
         2  3.294650000E-01 -5.982680000E-02  0.000000000E+00  1.147364726E-01 -2.288594322E+02 
         3  2.471780000E-01 -5.933890000E-02  0.000000000E+00  1.167259187E-01 -2.616258768E+02 
         4  3.706030000E-01 -5.898830000E-02  0.000000000E+00  1.136774322E-01 -2.117611487E+02 
         5  2.060650000E-01 -5.771190000E-02  0.000000000E+00  1.175894154E-01 -2.762243302E+02 
         6  4.117260000E-01 -5.757270000E-02  0.000000000E+00  1.126040582E-01 -1.946100423E+02 
         7  4.528280000E-01 -5.566140000E-02  0.000000000E+00  1.115273129E-01 -1.775696065E+02 
         8  1.650180000E-01 -5.486620000E-02  0.000000000E+00  1.182425221E-01 -2.873503858E+02 
         9  4.939080000E-01 -5.332060000E-02  0.000000000E+00  1.104537054E-01 -1.607341142E+02 
        10  5.349650000E-01 -5.060440000E-02  0.000000000E+00  1.093841777E-01 -1.441373097E+02 
        11  1.241140000E-01 -5.043730000E-02  0.000000000E+00  1.184848238E-01 -2.918757955E+02 
        12  5.759990000E-01 -4.755650000E-02  0.000000000E+00  1.083168913E-01 -1.277424514E+02 
        13  6.170090000E-01 -4.421250000E-02  0.000000000E+00  1.072467845E-01 -1.114626856E+02 
        14  8.351470000E-02 -4.379180000E-02  0.000000000E+00  1.179651162E-01 -2.833221151E+02 
        15  6.579970000E-01 -4.059990000E-02  0.000000000E+00  1.061650083E-01 -9.514941931E+01 
        16  5.488770000E-02 -3.697740000E-02  0.000000000E+00  1.164251251E-01 -2.583152753E+02 
        17  6.989630000E-01 -3.673990000E-02  0.000000000E+00  1.050554455E-01 -7.858338456E+01 
        18  7.399050000E-01 -3.264710000E-02  0.000000000E+00  1.038939730E-01 -6.143440203E+01 
        19  3.777470000E-02 -3.147510000E-02  0.000000000E+00  1.139426958E-01 -2.191148962E+02 
        20  7.808250000E-01 -2.833060000E-02  0.000000000E+00  1.026486529E-01 -4.321974612E+01 
        21  2.634450000E-02 -2.677890000E-02  0.000000000E+00  1.104276269E-01 -1.632273077E+02 
        22  8.217210000E-01 -2.379390000E-02  0.000000000E+00  1.012646623E-01 -2.319265041E+01 
        23  1.821900000E-02 -2.259850000E-02  0.000000000E+00  1.058167173E-01 -9.133158145E+01 
        24  1.318260000E-02 -1.942040000E-02  0.000000000E+00  1.005155461E-01 -1.305906639E+01 
        25  8.625920000E-01 -1.903530000E-02  0.000000000E+00  9.964566806E-02 -2.816025369E-01 
        26  9.850590000E-03 -1.691540000E-02  0.000000000E+00  9.481257192E-02  6.568693271E+01 
        27  7.411530000E-03 -1.476420000E-02  0.000000000E+00  8.860060890E-02  1.470078847E+02 
        28  9.034350000E-01 -1.404860000E-02  0.000000000E+00  9.781554133E-02  2.569130063E+01 
        29  5.510960000E-03 -1.280140000E-02  0.000000000E+00  8.160404728E-02  2.327171453E+02 
        30  3.983540000E-03 -1.093890000E-02  0.000000000E+00  7.351239137E-02  3.220046095E+02 
        31  9.337850000E-01 -1.018640000E-02  0.000000000E+00  9.574535854E-02  5.428936038E+01 
        32  2.745270000E-03 -9.124550000E-03  0.000000000E+00  6.417061370E-02  4.130138330E+02 
        33  1.752850000E-03 -7.324960000E-03  0.000000000E+00  5.352872501E-02  5.018903558E+02 
        34  9.641170000E-01 -6.185660000E-03  0.000000000E+00  9.298587483E-02  9.071290288E+01 
        35  9.860190000E-04 -5.518970000E-03  0.000000000E+00  4.154279185E-02  5.827837573E+02 
        36  4.384000000E-04 -3.696570000E-03  0.000000000E+00  2.844232252E-02  6.476040904E+02 
        37  9.885790000E-01 -2.851310000E-03  0.000000000E+00  8.810203244E-02  1.274958671E+02 
        38  1.095110000E-04 -1.855900000E-03  0.000000000E+00  1.471498858E-02  6.902711029E+02 
        39  0.000000000E+00  0.000000000E+00  0.000000000E+00  7.760835743E-03  7.057237674E+02 
        40  1.008950000E+00  0.000000000E+00  0.000000000E+00  8.445696037E-02  1.760904839E+02 
        41  1.095110000E-04  1.855900000E-03  0.000000000E+00  1.471692849E-02  6.902657843E+02 
        42  9.885790000E-01  2.851310000E-03  0.000000000E+00  8.808460487E-02  1.275665886E+02 
        43  4.384000000E-04  3.696570000E-03  0.000000000E+00  2.844469189E-02  6.475942589E+02 
        44  9.860190000E-04  5.518970000E-03  0.000000000E+00  4.154515663E-02  5.827701722E+02 
        45  9.641170000E-01  6.185660000E-03  0.000000000E+00  9.297709669E-02  9.081527985E+01 
        46  1.752850000E-03  7.324960000E-03  0.000000000E+00  5.353102260E-02  5.018736741E+02 
        47  2.745270000E-03  9.124550000E-03  0.000000000E+00  6.417281468E-02  4.129950230E+02 
        48  9.337850000E-01  1.018640000E-02  0.000000000E+00  9.574454186E-02  5.434849555E+01 
        49  3.983540000E-03  1.093890000E-02  0.000000000E+00  7.351447904E-02  3.219844789E+02 
        50  5.510960000E-03  1.280140000E-02  0.000000000E+00  8.160601567E-02  2.326964071E+02 
        51  9.034350000E-01  1.404860000E-02  0.000000000E+00  9.781644072E-02  2.572867702E+01 
        52  7.411530000E-03  1.476420000E-02  0.000000000E+00  8.860246084E-02  1.469871769E+02 
        53  9.850590000E-03  1.691540000E-02  0.000000000E+00  9.481430533E-02  6.566685727E+01 
        54  8.625920000E-01  1.903530000E-02  0.000000000E+00  9.964692139E-02 -2.579993579E-01 
        55  1.318260000E-02  1.942040000E-02  0.000000000E+00  1.005171496E-01 -1.307795762E+01 
        56  1.821900000E-02  2.259850000E-02  0.000000000E+00  1.058181659E-01 -9.134873237E+01 
        57  8.217210000E-01  2.379390000E-02  0.000000000E+00  1.012661317E-01 -2.317657774E+01 
        58  2.634450000E-02  2.677890000E-02  0.000000000E+00  1.104288889E-01 -1.632421225E+02 
        59  7.808250000E-01  2.833060000E-02  0.000000000E+00  1.026500145E-01 -4.320761917E+01 
        60  3.777470000E-02  3.147510000E-02  0.000000000E+00  1.139437295E-01 -2.191270445E+02 
        61  7.399050000E-01  3.264710000E-02  0.000000000E+00  1.038949851E-01 -6.142415100E+01 
        62  6.989630000E-01  3.673990000E-02  0.000000000E+00  1.050559850E-01 -7.857394661E+01 
        63  5.488770000E-02  3.697740000E-02  0.000000000E+00  1.164258633E-01 -2.583246558E+02 
        64  6.579970000E-01  4.059990000E-02  0.000000000E+00  1.061650538E-01 -9.514032976E+01 
        65  8.351470000E-02  4.379180000E-02  0.000000000E+00  1.179655180E-01 -2.833284230E+02 
        66  6.170090000E-01  4.421250000E-02  0.000000000E+00  1.072463836E-01 -1.114538064E+02 
        67  5.759990000E-01  4.755650000E-02  0.000000000E+00  1.083161319E-01 -1.277338102E+02 
        68  1.241140000E-01  5.043730000E-02  0.000000000E+00  1.184847017E-01 -2.918794739E+02 
        69  5.349650000E-01  5.060440000E-02  0.000000000E+00  1.093831614E-01 -1.441290152E+02 
        70  4.939080000E-01  5.332060000E-02  0.000000000E+00  1.104525168E-01 -1.607263381E+02 
        71  1.650180000E-01  5.486620000E-02  0.000000000E+00  1.182417624E-01 -2.873523708E+02 
        72  4.528280000E-01  5.566140000E-02  0.000000000E+00  1.115260023E-01 -1.775625622E+02 
        73  4.117260000E-01  5.757270000E-02  0.000000000E+00  1.126026393E-01 -1.946039512E+02 
        74  2.060650000E-01  5.771190000E-02  0.000000000E+00  1.175881783E-01 -2.762247977E+02 
        75  3.706030000E-01  5.898830000E-02  0.000000000E+00  1.136759009E-01 -2.117562015E+02 
        76  2.471780000E-01  5.933890000E-02  0.000000000E+00  1.167243825E-01 -2.616249052E+02 
        77  3.294650000E-01  5.982680000E-02  0.000000000E+00  1.147348436E-01 -2.288557620E+02 
        78  2.883190000E-01  5.998690000E-02  0.000000000E+00  1.157603892E-01 -2.456344597E+02 
        79  2.883190000E-01 -5.998690000E-02  1.666670000E-01  1.157617009E-01 -2.456336424E+02 
        80  3.294650000E-01 -5.982680000E-02  1.666670000E-01  1.147363442E-01 -2.288579877E+02 
        81  2.471780000E-01 -5.933890000E-02  1.666670000E-01  1.167249930E-01 -2.616187189E+02 
        82  3.706030000E-01 -5.898830000E-02  1.666670000E-01  1.136773842E-01 -2.117604092E+02 
        83  2.060650000E-01 -5.771190000E-02  1.666670000E-01  1.175871483E-01 -2.762116380E+02 
        84  4.117260000E-01 -5.757270000E-02  1.666670000E-01  1.126040423E-01 -1.946096313E+02 
        85  4.528280000E-01 -5.566140000E-02  1.666670000E-01  1.115273106E-01 -1.775693445E+02 
        86  1.650180000E-01 -5.486620000E-02  1.666670000E-01  1.182411656E-01 -2.873846219E+02 
        87  4.939080000E-01 -5.332060000E-02  1.666670000E-01  1.104537092E-01 -1.607339135E+02 
        88  5.349650000E-01 -5.060440000E-02  1.666670000E-01  1.093841822E-01 -1.441371062E+02 
        89  1.241140000E-01 -5.043730000E-02  1.666670000E-01  1.184856657E-01 -2.918981588E+02 
        90  5.759990000E-01 -4.755650000E-02  1.666670000E-01  1.083168918E-01 -1.277421635E+02 
        91  6.170090000E-01 -4.421250000E-02  1.666670000E-01  1.072467756E-01 -1.114621960E+02 
        92  8.351470000E-02 -4.379180000E-02  1.666670000E-01  1.179648534E-01 -2.833030359E+02 
        93  6.579970000E-01 -4.059990000E-02  1.666670000E-01  1.061649835E-01 -9.514855892E+01 
        94  5.488770000E-02 -3.697740000E-02  1.666670000E-01  1.164241586E-01 -2.583137001E+02 
        95  6.989630000E-01 -3.673990000E-02  1.666670000E-01  1.050553920E-01 -7.858189895E+01 
        96  7.399050000E-01 -3.264710000E-02  1.666670000E-01  1.038938575E-01 -6.143188008E+01 
        97  3.777470000E-02 -3.147510000E-02  1.666670000E-01  1.139425167E-01 -2.191115059E+02 
        98  7.808250000E-01 -2.833060000E-02  1.666670000E-01  1.026484277E-01 -4.321547168E+01 
        99  2.634450000E-02 -2.677890000E-02  1.666670000E-01  1.104274652E-01 -1.632242753E+02 
       100  8.217210000E-01 -2.379390000E-02  1.666670000E-01  1.012643834E-01 -2.318535268E+01 
       101  1.821900000E-02 -2.259850000E-02  1.666670000E-01  1.058165324E-01 -9.132870126E+01 
       102  1.318260000E-02 -1.942040000E-02  1.666670000E-01  1.005153729E-01 -1.305662527E+01 
       103  8.625920000E-01 -1.903530000E-02  1.666670000E-01  9.964533399E-02 -2.683765047E-01 
       104  9.850590000E-03 -1.691540000E-02  1.666670000E-01  9.481241796E-02  6.568902489E+01 
       105  7.411530000E-03 -1.476420000E-02  1.666670000E-01  8.860046968E-02  1.470096617E+02 
       106  9.034350000E-01 -1.404860000E-02  1.666670000E-01  9.781290000E-02  2.571558968E+01 
       107  5.510960000E-03 -1.280140000E-02  1.666670000E-01  8.160392200E-02  2.327186186E+02 
       108  3.983540000E-03 -1.093890000E-02  1.666670000E-01  7.351228105E-02  3.220057827E+02 
       109  9.337850000E-01 -1.018640000E-02  1.666670000E-01  9.573739146E-02  5.433338948E+01 
       110  2.745270000E-03 -9.124550000E-03  1.666670000E-01  6.417051991E-02  4.130147118E+02 
       111  1.752850000E-03 -7.324960000E-03  1.666670000E-01  5.352864903E-02  5.018909575E+02 
       112  9.641170000E-01 -6.185660000E-03  1.666670000E-01  9.299985987E-02  9.076802453E+01 
       113  9.860190000E-04 -5.518970000E-03  1.666670000E-01  4.154273484E-02  5.827841174E+02 
       114  4.384000000E-04 -3.696570000E-03  1.666670000E-01  2.844228519E-02  6.476042650E+02 
       115  9.885790000E-01 -2.851310000E-03  1.666670000E-01  8.819748507E-02  1.276322328E+02 
       116  1.095110000E-04 -1.855900000E-03  1.666670000E-01  1.471497052E-02  6.902711618E+02 
       117  0.000000000E+00  0.000000000E+00  1.666670000E-01  7.760825677E-03  7.057237893E+02 
       118  1.008950000E+00  0.000000000E+00  1.666670000E-01  8.491496352E-02  1.431766575E+02 
       119  1.095110000E-04  1.855900000E-03  1.666670000E-01  1.471690648E-02  6.902658544E+02 
       120  9.885790000E-01  2.851310000E-03  1.666670000E-01  8.809545207E-02  1.275312695E+02 
       121  4.384000000E-04  3.696570000E-03  1.666670000E-01  2.844464971E-02  6.475944541E+02 
       122  9.860190000E-04  5.518970000E-03  1.666670000E-01  4.154509476E-02  5.827705613E+02 
       123  9.641170000E-01  6.185660000E-03  1.666670000E-01  9.298426907E-02  9.074541622E+01 
       124  1.752850000E-03  7.324960000E-03  1.666670000E-01  5.353094187E-02  5.018743117E+02 
       125  2.745270000E-03  9.124550000E-03  1.666670000E-01  6.417271630E-02  4.129959430E+02 
       126  9.337850000E-01  1.018640000E-02  1.666670000E-01  9.574721233E-02  5.431010603E+01 
       127  3.983540000E-03  1.093890000E-02  1.666670000E-01  7.351436434E-02  3.219856970E+02 
       128  5.510960000E-03  1.280140000E-02  1.666670000E-01  8.160588622E-02  2.326979276E+02 
       129  9.034350000E-01  1.404860000E-02  1.666670000E-01  9.781761312E-02  2.570513850E+01 
       130  7.411530000E-03  1.476420000E-02  1.666670000E-01  8.860231764E-02  1.469890022E+02 
       131  9.850590000E-03  1.691540000E-02  1.666670000E-01  9.481414759E-02  6.566899767E+01 
       132  8.625920000E-01  1.903530000E-02  1.666670000E-01  9.964767554E-02 -2.713558179E-01 
       133  1.318260000E-02  1.942040000E-02  1.666670000E-01  1.005169728E-01 -1.307546941E+01 
       134  1.821900000E-02  2.259850000E-02  1.666670000E-01  1.058179776E-01 -9.134580721E+01 
       135  8.217210000E-01  2.379390000E-02  1.666670000E-01  1.012665471E-01 -2.318417491E+01 
       136  2.634450000E-02  2.677890000E-02  1.666670000E-01  1.104287241E-01 -1.632390486E+02 
       137  7.808250000E-01  2.833060000E-02  1.666670000E-01  1.026502353E-01 -4.321191398E+01 
       138  3.777470000E-02  3.147510000E-02  1.666670000E-01  1.139435477E-01 -2.191236187E+02 
       139  7.399050000E-01  3.264710000E-02  1.666670000E-01  1.038951042E-01 -6.142656245E+01 
       140  6.989630000E-01  3.673990000E-02  1.666670000E-01  1.050560506E-01 -7.857526297E+01 
       141  5.488770000E-02  3.697740000E-02  1.666670000E-01  1.164248945E-01 -2.583230443E+02 
       142  6.579970000E-01  4.059990000E-02  1.666670000E-01  1.061650882E-01 -9.514101447E+01 
       143  8.351470000E-02  4.379180000E-02  1.666670000E-01  1.179652539E-01 -2.833092704E+02 
       144  6.170090000E-01  4.421250000E-02  1.666670000E-01  1.072464001E-01 -1.114541241E+02 
       145  5.759990000E-01  4.755650000E-02  1.666670000E-01  1.083161386E-01 -1.277339076E+02 
       146  1.241140000E-01  5.043730000E-02  1.666670000E-01  1.184855292E-01 -2.919018093E+02 
       147  5.349650000E-01  5.060440000E-02  1.666670000E-01  1.093831616E-01 -1.441289712E+02 
       148  4.939080000E-01  5.332060000E-02  1.666670000E-01  1.104525113E-01 -1.607261875E+02 
       149  1.650180000E-01  5.486620000E-02  1.666670000E-01  1.182403881E-01 -2.873865874E+02 
       150  4.528280000E-01  5.566140000E-02  1.666670000E-01  1.115259892E-01 -1.775623030E+02 
       151  4.117260000E-01  5.757270000E-02  1.666670000E-01  1.126026137E-01 -1.946035262E+02 
       152  2.060650000E-01  5.771190000E-02  1.666670000E-01  1.175859073E-01 -2.762120517E+02 
       153  3.706030000E-01  5.898830000E-02  1.666670000E-01  1.136758462E-01 -2.117554434E+02 
       154  2.471780000E-01  5.933890000E-02  1.666670000E-01  1.167234572E-01 -2.616177258E+02 
       155  3.294650000E-01  5.982680000E-02  1.666670000E-01  1.147347123E-01 -2.288542976E+02 
       156  2.883190000E-01  5.998690000E-02  1.666670000E-01  1.157600466E-01 -2.456312982E+02 
       157  2.883190000E-01 -5.998690000E-02  3.333330000E-01  1.157617130E-01 -2.456337567E+02 
       158  3.294650000E-01 -5.982680000E-02  3.333330000E-01  1.147363600E-01 -2.288581419E+02 
       159  2.471780000E-01 -5.933890000E-02  3.333330000E-01  1.167250026E-01 -2.616188071E+02 
       160  3.706030000E-01 -5.898830000E-02  3.333330000E-01  1.136774051E-01 -2.117606236E+02 
       161  2.060650000E-01 -5.771190000E-02  3.333330000E-01  1.175871560E-01 -2.762117106E+02 
       162  4.117260000E-01 -5.757270000E-02  3.333330000E-01  1.126040703E-01 -1.946099321E+02 
       163  4.528280000E-01 -5.566140000E-02  3.333330000E-01  1.115273481E-01 -1.775697625E+02 
       164  1.650180000E-01 -5.486620000E-02  3.333330000E-01  1.182411722E-01 -2.873846913E+02 
       165  4.939080000E-01 -5.332060000E-02  3.333330000E-01  1.104537592E-01 -1.607344833E+02 
       166  5.349650000E-01 -5.060440000E-02  3.333330000E-01  1.093842486E-01 -1.441378661E+02 
       167  1.241140000E-01 -5.043730000E-02  3.333330000E-01  1.184856710E-01 -2.918982187E+02 
       168  5.759990000E-01 -4.755650000E-02  3.333330000E-01  1.083169797E-01 -1.277431575E+02 
       169  6.170090000E-01 -4.421250000E-02  3.333330000E-01  1.072468919E-01 -1.114634842E+02 
       170  8.351470000E-02 -4.379180000E-02  3.333330000E-01  1.179648576E-01 -2.833030832E+02 
       171  6.579970000E-01 -4.059990000E-02  3.333330000E-01  1.061651383E-01 -9.515023436E+01 
       172  5.488770000E-02 -3.697740000E-02  3.333330000E-01  1.164241624E-01 -2.583137458E+02 
       173  6.989630000E-01 -3.673990000E-02  3.333330000E-01  1.050555995E-01 -7.858409977E+01 
       174  7.399050000E-01 -3.264710000E-02  3.333330000E-01  1.038941382E-01 -6.143479539E+01 
       175  3.777470000E-02 -3.147510000E-02  3.333330000E-01  1.139425203E-01 -2.191115520E+02 
       176  7.808250000E-01 -2.833060000E-02  3.333330000E-01  1.026488110E-01 -4.321934506E+01 
       177  2.634450000E-02 -2.677890000E-02  3.333330000E-01  1.104274688E-01 -1.632243234E+02 
       178  8.217210000E-01 -2.379390000E-02  3.333330000E-01  1.012649140E-01 -2.319051219E+01 
       179  1.821900000E-02 -2.259850000E-02  3.333330000E-01  1.058165361E-01 -9.132875123E+01 
       180  1.318260000E-02 -1.942040000E-02  3.333330000E-01  1.005153769E-01 -1.305667655E+01 
       181  8.625920000E-01 -1.903530000E-02  3.333330000E-01  9.964608308E-02 -2.752697217E-01 
       182  9.850590000E-03 -1.691540000E-02  3.333330000E-01  9.481242210E-02  6.568897293E+01 
       183  7.411530000E-03 -1.476420000E-02  3.333330000E-01  8.860047401E-02  1.470096099E+02 
       184  9.034350000E-01 -1.404860000E-02  3.333330000E-01  9.781393265E-02  2.570636462E+01 
       185  5.510960000E-03 -1.280140000E-02  3.333330000E-01  8.160392654E-02  2.327185682E+02 
       186  3.983540000E-03 -1.093890000E-02  3.333330000E-01  7.351228580E-02  3.220057349E+02 
       187  9.337850000E-01 -1.018640000E-02  3.333330000E-01  9.573880341E-02  5.432146087E+01 
       188  2.745270000E-03 -9.124550000E-03  3.333330000E-01  6.417052487E-02  4.130146681E+02 
       189  1.752850000E-03 -7.324960000E-03  3.333330000E-01  5.352865417E-02  5.018909194E+02 
       190  9.641170000E-01 -6.185660000E-03  3.333330000E-01  9.300182729E-02  9.075268151E+01 
       191  9.860190000E-04 -5.518970000E-03  3.333330000E-01  4.154274010E-02  5.827840870E+02 
       192  4.384000000E-04 -3.696570000E-03  3.333330000E-01  2.844229042E-02  6.476042434E+02 
       193  9.885790000E-01 -2.851310000E-03  3.333330000E-01  8.819990310E-02  1.276158992E+02 
       194  1.095110000E-04 -1.855900000E-03  3.333330000E-01  1.471497479E-02  6.902711507E+02 
       195  0.000000000E+00  0.000000000E+00  3.333330000E-01  7.760825658E-03  7.057237901E+02 
       196  1.008950000E+00  0.000000000E+00  3.333330000E-01  8.498959385E-02  1.432503421E+02 
       197  1.095110000E-04  1.855900000E-03  3.333330000E-01  1.471690218E-02  6.902658671E+02 
       198  9.885790000E-01  2.851310000E-03  3.333330000E-01  8.818978757E-02  1.276102764E+02 
       199  4.384000000E-04  3.696570000E-03  3.333330000E-01  2.844464443E-02  6.475944773E+02 
       200  9.860190000E-04  5.518970000E-03  3.333330000E-01  4.154508945E-02  5.827705935E+02 
       201  9.641170000E-01  6.185660000E-03  3.333330000E-01  9.300059951E-02  9.075587542E+01 
       202  1.752850000E-03  7.324960000E-03  3.333330000E-01  5.353093667E-02  5.018743518E+02 
       203  2.745270000E-03  9.124550000E-03  3.333330000E-01  6.417271126E-02  4.129959889E+02 
       204  9.337850000E-01  1.018640000E-02  3.333330000E-01  9.574033084E-02  5.433036005E+01 
       205  3.983540000E-03  1.093890000E-02  3.333330000E-01  7.351435950E-02  3.219857471E+02 
       206  5.510960000E-03  1.280140000E-02  3.333330000E-01  8.160588159E-02  2.326979805E+02 
       207  9.034350000E-01  1.404860000E-02  3.333330000E-01  9.781515504E-02  2.571711552E+01 
       208  7.411530000E-03  1.476420000E-02  3.333330000E-01  8.860231321E-02  1.469890566E+02 
       209  9.850590000E-03  1.691540000E-02  3.333330000E-01  9.481414335E-02  6.566905249E+01 
       210  8.625920000E-01  1.903530000E-02  3.333330000E-01  9.964728285E-02 -2.636191828E-01 
       211  1.318260000E-02  1.942040000E-02  3.333330000E-01  1.005169688E-01 -1.307541510E+01 
       212  1.821900000E-02  2.259850000E-02  3.333330000E-01  1.058179738E-01 -9.134575401E+01 
       213  8.217210000E-01  2.379390000E-02  3.333330000E-01  1.012661138E-01 -2.317877514E+01 
       214  2.634450000E-02  2.677890000E-02  3.333330000E-01  1.104287205E-01 -1.632389971E+02 
       215  7.808250000E-01  2.833060000E-02  3.333330000E-01  1.026498281E-01 -4.320776009E+01 
       216  3.777470000E-02  3.147510000E-02  3.333330000E-01  1.139435440E-01 -2.191235689E+02 
       217  7.399050000E-01  3.264710000E-02  3.333330000E-01  1.038948154E-01 -6.142337167E+01 
       218  6.989630000E-01  3.673990000E-02  3.333330000E-01  1.050558446E-01 -7.857284090E+01 
       219  5.488770000E-02  3.697740000E-02  3.333330000E-01  1.164248907E-01 -2.583229945E+02 
       220  6.579970000E-01  4.059990000E-02  3.333330000E-01  1.061649355E-01 -9.513918853E+01 
       221  8.351470000E-02  4.379180000E-02  3.333330000E-01  1.179652496E-01 -2.833092188E+02 
       222  6.170090000E-01  4.421250000E-02  3.333330000E-01  1.072462863E-01 -1.114527553E+02 
       223  5.759990000E-01  4.755650000E-02  3.333330000E-01  1.083160538E-01 -1.277328875E+02 
       224  1.241140000E-01  5.043730000E-02  3.333330000E-01  1.184855238E-01 -2.919017452E+02 
       225  5.349650000E-01  5.060440000E-02  3.333330000E-01  1.093830983E-01 -1.441282199E+02 
       226  4.939080000E-01  5.332060000E-02  3.333330000E-01  1.104524639E-01 -1.607256447E+02 
       227  1.650180000E-01  5.486620000E-02  3.333330000E-01  1.182403814E-01 -2.873865152E+02 
       228  4.528280000E-01  5.566140000E-02  3.333330000E-01  1.115259535E-01 -1.775619197E+02 
       229  4.117260000E-01  5.757270000E-02  3.333330000E-01  1.126025869E-01 -1.946032602E+02 
       230  2.060650000E-01  5.771190000E-02  3.333330000E-01  1.175858994E-01 -2.762119797E+02 
       231  3.706030000E-01  5.898830000E-02  3.333330000E-01  1.136758260E-01 -2.117552587E+02 
       232  2.471780000E-01  5.933890000E-02  3.333330000E-01  1.167234476E-01 -2.616176438E+02 
       233  3.294650000E-01  5.982680000E-02  3.333330000E-01  1.147346969E-01 -2.288541654E+02 
       234  2.883190000E-01  5.998690000E-02  3.333330000E-01  1.157600345E-01 -2.456311974E+02 
       235  2.883190000E-01 -5.998690000E-02  5.000000000E-01  1.157620678E-01 -2.456370102E+02 
       236  3.294650000E-01 -5.982680000E-02  5.000000000E-01  1.147365041E-01 -2.288597407E+02 
       237  2.471780000E-01 -5.933890000E-02  5.000000000E-01  1.167259379E-01 -2.616260531E+02 
       238  3.706030000E-01 -5.898830000E-02  5.000000000E-01  1.136774741E-01 -2.117615776E+02 
       239  2.060650000E-01 -5.771190000E-02  5.000000000E-01  1.175894309E-01 -2.762244753E+02 
       240  4.117260000E-01 -5.757270000E-02  5.000000000E-01  1.126041143E-01 -1.946106440E+02 
       241  4.528280000E-01 -5.566140000E-02  5.000000000E-01  1.115273880E-01 -1.775704425E+02 
       242  1.650180000E-01 -5.486620000E-02  5.000000000E-01  1.182425352E-01 -2.873505247E+02 
       243  4.939080000E-01 -5.332060000E-02  5.000000000E-01  1.104538055E-01 -1.607352537E+02 
       244  5.349650000E-01 -5.060440000E-02  5.000000000E-01  1.093843105E-01 -1.441388295E+02 
       245  1.241140000E-01 -5.043730000E-02  5.000000000E-01  1.184848345E-01 -2.918759153E+02 
       246  5.759990000E-01 -4.755650000E-02  5.000000000E-01  1.083170670E-01 -1.277444393E+02 
       247  6.170090000E-01 -4.421250000E-02  5.000000000E-01  1.072470171E-01 -1.114652620E+02 
       248  8.351470000E-02 -4.379180000E-02  5.000000000E-01  1.179651246E-01 -2.833222098E+02 
       249  6.579970000E-01 -4.059990000E-02  5.000000000E-01  1.061653177E-01 -9.515277021E+01 
       250  5.488770000E-02 -3.697740000E-02  5.000000000E-01  1.164251326E-01 -2.583153668E+02 
       251  6.989630000E-01 -3.673990000E-02  5.000000000E-01  1.050558605E-01 -7.858778621E+01 
       252  7.399050000E-01 -3.264710000E-02  5.000000000E-01  1.038945343E-01 -6.144023267E+01 
       253  3.777470000E-02 -3.147510000E-02  5.000000000E-01  1.139427029E-01 -2.191149884E+02 
       254  7.808250000E-01 -2.833060000E-02  5.000000000E-01  1.026494195E-01 -4.322749291E+01 
       255  2.634450000E-02 -2.677890000E-02  5.000000000E-01  1.104276341E-01 -1.632274038E+02 
       256  8.217210000E-01 -2.379390000E-02  5.000000000E-01  1.012657235E-01 -2.320296946E+01 
       257  1.821900000E-02 -2.259850000E-02  5.000000000E-01  1.058167248E-01 -9.133168139E+01 
       258  1.318260000E-02 -1.942040000E-02  5.000000000E-01  1.005155540E-01 -1.305916894E+01 
       259  8.625920000E-01 -1.903530000E-02  5.000000000E-01  9.964716623E-02 -2.953890098E-01 
       260  9.850590000E-03 -1.691540000E-02  5.000000000E-01  9.481258020E-02  6.568682878E+01 
       261  7.411530000E-03 -1.476420000E-02  5.000000000E-01  8.860061757E-02  1.470077812E+02 
       262  9.034350000E-01 -1.404860000E-02  5.000000000E-01  9.781760664E-02  2.567285046E+01 
       263  5.510960000E-03 -1.280140000E-02  5.000000000E-01  8.160405635E-02  2.327170445E+02 
       264  3.983540000E-03 -1.093890000E-02  5.000000000E-01  7.351240087E-02  3.220045139E+02 
       265  9.337850000E-01 -1.018640000E-02  5.000000000E-01  9.574818245E-02  5.426550309E+01 
       266  2.745270000E-03 -9.124550000E-03  5.000000000E-01  6.417062362E-02  4.130137455E+02 
       267  1.752850000E-03 -7.324960000E-03  5.000000000E-01  5.352873529E-02  5.018902797E+02 
       268  9.641170000E-01 -6.185660000E-03  5.000000000E-01  9.298980970E-02  9.068221676E+01 
       269  9.860190000E-04 -5.518970000E-03  5.000000000E-01  4.154280236E-02  5.827836964E+02 
       270  4.384000000E-04 -3.696570000E-03  5.000000000E-01  2.844233299E-02  6.476040474E+02 
       271  9.885790000E-01 -2.851310000E-03  5.000000000E-01  8.810686850E-02  1.274631998E+02 
       272  1.095110000E-04 -1.855900000E-03  5.000000000E-01  1.471499711E-02  6.902710806E+02 
       273  0.000000000E+00  0.000000000E+00  5.000000000E-01  7.760835706E-03  7.057237690E+02 
       274  1.008950000E+00  0.000000000E+00  5.000000000E-01  8.454368006E-02  1.761761090E+02 
       275  1.095110000E-04  1.855900000E-03  5.000000000E-01  1.471691989E-02  6.902658099E+02 
       276  9.885790000E-01  2.851310000E-03  5.000000000E-01  8.827327637E-02  1.277246028E+02 
       277  4.384000000E-04  3.696570000E-03  5.000000000E-01  2.844468134E-02  6.475943054E+02 
       278  9.860190000E-04  5.518970000E-03  5.000000000E-01  4.154514602E-02  5.827702367E+02 
       279  9.641170000E-01  6.185660000E-03  5.000000000E-01  9.300975766E-02  9.083619831E+01 
       280  1.752850000E-03  7.324960000E-03  5.000000000E-01  5.353101220E-02  5.018737542E+02 
       281  2.745270000E-03  9.124550000E-03  5.000000000E-01  6.417280461E-02  4.129951148E+02 
       282  9.337850000E-01  1.018640000E-02  5.000000000E-01  9.573077884E-02  5.438900372E+01 
       283  3.983540000E-03  1.093890000E-02  5.000000000E-01  7.351446937E-02  3.219845791E+02 
       284  5.510960000E-03  1.280140000E-02  5.000000000E-01  8.160600642E-02  2.326965129E+02 
       285  9.034350000E-01  1.404860000E-02  5.000000000E-01  9.781152455E-02  2.575263115E+01 
       286  7.411530000E-03  1.476420000E-02  5.000000000E-01  8.860245198E-02  1.469872858E+02 
       287  9.850590000E-03  1.691540000E-02  5.000000000E-01  9.481429685E-02  6.566696690E+01 
       288  8.625920000E-01  1.903530000E-02  5.000000000E-01  9.964613601E-02 -2.425260439E-01 
       289  1.318260000E-02  1.942040000E-02  5.000000000E-01  1.005171415E-01 -1.307784901E+01 
       290  1.821900000E-02  2.259850000E-02  5.000000000E-01  1.058181582E-01 -9.134862598E+01 
       291  8.217210000E-01  2.379390000E-02  5.000000000E-01  1.012652652E-01 -2.316577819E+01 
       292  2.634450000E-02  2.677890000E-02  5.000000000E-01  1.104288815E-01 -1.632420194E+02 
       293  7.808250000E-01  2.833060000E-02  5.000000000E-01  1.026492002E-01 -4.319931137E+01 
       294  3.777470000E-02  3.147510000E-02  5.000000000E-01  1.139437222E-01 -2.191269448E+02 
       295  7.399050000E-01  3.264710000E-02  5.000000000E-01  1.038944075E-01 -6.141776942E+01 
       296  6.989630000E-01  3.673990000E-02  5.000000000E-01  1.050555730E-01 -7.856910245E+01 
       297  5.488770000E-02  3.697740000E-02  5.000000000E-01  1.164258556E-01 -2.583245563E+02 
       298  6.579970000E-01  4.059990000E-02  5.000000000E-01  1.061647484E-01 -9.513667787E+01 
       299  8.351470000E-02  4.379180000E-02  5.000000000E-01  1.179655094E-01 -2.833283198E+02 
       300  6.170090000E-01  4.421250000E-02  5.000000000E-01  1.072461561E-01 -1.114510688E+02 
       301  5.759990000E-01  4.755650000E-02  5.000000000E-01  1.083159624E-01 -1.277317701E+02 
       302  1.241140000E-01  5.043730000E-02  5.000000000E-01  1.184846909E-01 -2.918793458E+02 
       303  5.349650000E-01  5.060440000E-02  5.000000000E-01  1.093830348E-01 -1.441275126E+02 
       304  4.939080000E-01  5.332060000E-02  5.000000000E-01  1.104524220E-01 -1.607252526E+02 
       305  1.650180000E-01  5.486620000E-02  5.000000000E-01  1.182417490E-01 -2.873522262E+02 
       306  4.528280000E-01  5.566140000E-02  5.000000000E-01  1.115259310E-01 -1.775617955E+02 
       307  4.117260000E-01  5.757270000E-02  5.000000000E-01  1.126025857E-01 -1.946034193E+02 
       308  2.060650000E-01  5.771190000E-02  5.000000000E-01  1.175881625E-01 -2.762246537E+02 
       309  3.706030000E-01  5.898830000E-02  5.000000000E-01  1.136758605E-01 -2.117558323E+02 
       310  2.471780000E-01  5.933890000E-02  5.000000000E-01  1.167243632E-01 -2.616247412E+02 
       311  3.294650000E-01  5.982680000E-02  5.000000000E-01  1.147348128E-01 -2.288554976E+02 
       312  2.883190000E-01  5.998690000E-02  5.000000000E-01  1.157603652E-01 -2.456342582E+02 
