nodenumber     x-coordinate     y-coordinate     z-coordinate      mach-number         pressure 
         1  2.883190000E-01 -5.998690000E-02  0.000000000E+00  7.620664556E-02 -6.836904648E+02 
         2  3.294650000E-01 -5.982680000E-02  0.000000000E+00  7.335369635E-02 -6.302033629E+02 
         3  2.471780000E-01 -5.933890000E-02  0.000000000E+00  7.997723009E-02 -7.440508690E+02 
         4  3.706030000E-01 -5.898830000E-02  0.000000000E+00  7.097301729E-02 -5.820497489E+02 
         5  2.060650000E-01 -5.771190000E-02  0.000000000E+00  8.523948836E-02 -8.139895983E+02 
         6  4.117260000E-01 -5.757270000E-02  0.000000000E+00  6.880263539E-02 -5.381921627E+02 
         7  4.528280000E-01 -5.566140000E-02  0.000000000E+00  6.672271918E-02 -4.978556792E+02 
         8  1.650180000E-01 -5.486620000E-02  0.000000000E+00  9.258674872E-02 -8.985596600E+02 
         9  4.939080000E-01 -5.332060000E-02  0.000000000E+00  6.471419295E-02 -4.604023061E+02 
        10  5.349650000E-01 -5.060440000E-02  0.000000000E+00  6.280647764E-02 -4.253239952E+02 
        11  1.241140000E-01 -5.043730000E-02  0.000000000E+00  1.019346477E-01 -1.013743923E+03 
        12  5.759990000E-01 -4.755650000E-02  0.000000000E+00  6.100025389E-02 -3.922398331E+02 
        13  6.170090000E-01 -4.421250000E-02  0.000000000E+00  5.927083124E-02 -3.607749809E+02 
        14  8.351470000E-02 -4.379180000E-02  0.000000000E+00  1.134111296E-01 -1.178269669E+03 
        15  6.579970000E-01 -4.059990000E-02  0.000000000E+00  5.758607472E-02 -3.305683556E+02 
        16  5.488770000E-02 -3.697740000E-02  0.000000000E+00  1.261561316E-01 -1.349141668E+03 
        17  6.989630000E-01 -3.673990000E-02  0.000000000E+00  5.591343928E-02 -3.012986173E+02 
        18  7.399050000E-01 -3.264710000E-02  0.000000000E+00  5.422280353E-02 -2.725774119E+02 
        19  3.777470000E-02 -3.147510000E-02  0.000000000E+00  1.391453060E-01 -1.502792334E+03 
        20  7.808250000E-01 -2.833060000E-02  0.000000000E+00  5.248155869E-02 -2.445437090E+02 
        21  2.634450000E-02 -2.677890000E-02  0.000000000E+00  1.513856393E-01 -1.655595392E+03 
        22  8.159680000E-01 -2.444550000E-02  0.000000000E+00  5.082945165E-02 -2.195081032E+02 
        23  1.821900000E-02 -2.259850000E-02  0.000000000E+00  1.629620483E-01 -1.818938223E+03 
        24  8.510930000E-01 -2.039720000E-02  0.000000000E+00  4.914023407E-02 -1.950675443E+02 
        25  1.318260000E-02 -1.942040000E-02  0.000000000E+00  1.738352260E-01 -1.966121529E+03 
        26  8.782860000E-01 -1.714700000E-02  0.000000000E+00  4.765353952E-02 -1.748152329E+02 
        27  9.850590000E-03 -1.691540000E-02  0.000000000E+00  1.799438789E-01 -2.011649973E+03 
        28  7.411530000E-03 -1.476420000E-02  0.000000000E+00  1.800162961E-01 -1.976817782E+03 
        29  9.009380000E-01 -1.436040000E-02  0.000000000E+00  4.632832644E-02 -1.578283344E+02 
        30  5.510960000E-03 -1.280140000E-02  0.000000000E+00  1.782556945E-01 -1.928211419E+03 
        31  9.198070000E-01 -1.198220000E-02  0.000000000E+00  4.517138862E-02 -1.436168796E+02 
        32  3.983540000E-03 -1.093890000E-02  0.000000000E+00  1.760478598E-01 -1.850246044E+03 
        33  9.355260000E-01 -9.960600000E-03  0.000000000E+00  4.417332172E-02 -1.317643505E+02 
        34  2.745270000E-03 -9.124550000E-03  0.000000000E+00  1.728508171E-01 -1.738532356E+03 
        35  9.486220000E-01 -8.247430000E-03  0.000000000E+00  4.330454725E-02 -1.216255421E+02 
        36  1.752850000E-03 -7.324960000E-03  0.000000000E+00  1.685818554E-01 -1.586357087E+03 
        37  9.595320000E-01 -6.799650000E-03  0.000000000E+00  4.253701537E-02 -1.126564300E+02 
        38  9.686220000E-01 -5.578890000E-03  0.000000000E+00  4.185548623E-02 -1.046023188E+02 
        39  9.860190000E-04 -5.518970000E-03  0.000000000E+00  1.633165912E-01 -1.393348511E+03 
        40  9.761960000E-01 -4.551510000E-03  0.000000000E+00  4.125776913E-02 -9.745015375E+01 
        41  4.384000000E-04 -3.696570000E-03  0.000000000E+00  1.564419320E-01 -1.174454453E+03 
        42  9.825070000E-01 -3.688230000E-03  0.000000000E+00  4.075107932E-02 -9.131863342E+01 
        43  9.877650000E-01 -2.963870000E-03  0.000000000E+00  4.034482014E-02 -8.633970246E+01 
        44  9.921460000E-01 -2.356690000E-03  0.000000000E+00  4.004799927E-02 -8.259350886E+01 
        45  1.095110000E-04 -1.855900000E-03  0.000000000E+00  1.465206485E-01 -9.437188877E+02 
        46  9.957970000E-01 -1.848260000E-03  0.000000000E+00  3.987008415E-02 -8.008780800E+01 
        47  9.988390000E-01 -1.422790000E-03  0.000000000E+00  3.979284291E-02 -7.871218449E+01 
        48  1.001370000E+00 -1.062990000E-03  0.000000000E+00  3.973178090E-02 -7.808164130E+01 
        49  1.003480000E+00 -7.543150000E-04  0.000000000E+00  3.965982155E-02 -7.773075550E+01 
        50  1.005240000E+00 -4.991700000E-04  0.000000000E+00  3.971674459E-02 -7.817236266E+01 
        51  1.006710000E+00 -2.932730000E-04  0.000000000E+00  4.004429204E-02 -7.999332412E+01 
        52  1.007930000E+00 -1.294160000E-04  0.000000000E+00  4.057917390E-02 -8.290884050E+01 
        53  0.000000000E+00  0.000000000E+00  0.000000000E+00  1.336979389E-01 -6.841863454E+02 
        54  1.008950000E+00  0.000000000E+00  0.000000000E+00  2.747788242E-02 -8.913199080E+01 
        55  1.008950000E+00  1.250000000E-03  0.000000000E+00  6.804296981E-03 -9.366468205E+01 
        56  9.957970000E-01  1.848260000E-03  0.000000000E+00  2.394723092E-03  3.156279755E+02 
        57  1.095110000E-04  1.855900000E-03  0.000000000E+00  1.191261148E-01 -4.011113621E+02 
        58  9.921460000E-01  2.356690000E-03  0.000000000E+00  3.375239257E-03  3.104323316E+02 
        59  1.008950000E+00  2.500000000E-03  0.000000000E+00  7.485209064E-03 -9.124006316E+01 
        60  9.877650000E-01  2.963870000E-03  0.000000000E+00  2.357207368E-03  3.052803758E+02 
        61  9.825070000E-01  3.688230000E-03  0.000000000E+00  5.185015353E-03  2.993778826E+02 
        62  4.384000000E-04  3.696570000E-03  0.000000000E+00  1.033901401E-01 -1.297297058E+02 
        63  1.008950000E+00  3.750000000E-03  0.000000000E+00  7.811057920E-03 -8.946903313E+01 
        64  9.988390000E-01  3.807740000E-03  0.000000000E+00  3.891297167E-03  3.200541402E+02 
        65  9.761960000E-01  4.551510000E-03  0.000000000E+00  1.248571039E-02  2.885139767E+02 
        66  1.008950000E+00  5.000000000E-03  0.000000000E+00  7.259613678E-03 -8.609613089E+01 
        67  9.860190000E-04  5.518970000E-03  0.000000000E+00  8.715938471E-02  1.103437821E+02 
        68  9.686220000E-01  5.578890000E-03  0.000000000E+00  1.966102932E-02  2.714156360E+02 
        69  1.001370000E+00  5.982190000E-03  0.000000000E+00  1.177183827E-02  3.165404831E+02 
        70  1.008950000E+00  6.250000000E-03  0.000000000E+00  5.707706739E-03 -8.119374331E+01 
        71  9.595320000E-01  6.799650000E-03  0.000000000E+00  2.594679873E-02  2.499188705E+02 
        72  1.752850000E-03  7.324960000E-03  0.000000000E+00  7.116630995E-02  3.095526318E+02 
        73  1.008950000E+00  7.500000000E-03  0.000000000E+00  3.429102565E-03 -7.573152376E+01 
        74  1.003480000E+00  7.784150000E-03  0.000000000E+00  2.184752821E-02  2.973112461E+02 
        75  9.486220000E-01  8.247430000E-03  0.000000000E+00  3.125960159E-02  2.263410832E+02 
        76  1.008950000E+00  8.750000000E-03  0.000000000E+00  2.631020969E-03 -7.182941133E+01 
        77  2.745270000E-03  9.124550000E-03  0.000000000E+00  5.573208465E-02  4.630468070E+02 
        78  1.005240000E+00  9.288160000E-03  0.000000000E+00  3.174560605E-02  2.639107879E+02 
        79  9.355260000E-01  9.960600000E-03  0.000000000E+00  3.575233814E-02  2.024308580E+02 
        80  1.008950000E+00  1.000000000E-02  0.000000000E+00  5.476118709E-03 -7.006110193E+01 
        81  1.006710000E+00  1.054920000E-02  0.000000000E+00  4.148616623E-02  2.155013592E+02 
        82  3.983540000E-03  1.093890000E-02  0.000000000E+00  4.092543646E-02  5.739158031E+02 
        83  1.008950000E+00  1.125000000E-02  0.000000000E+00  8.730468367E-03 -7.931068958E+01 
        84  1.007930000E+00  1.160880000E-02  0.000000000E+00  5.346311968E-02  1.546004599E+02 
        85  9.198070000E-01  1.198220000E-02  0.000000000E+00  3.956819595E-02  1.791914438E+02 
        86  1.008950000E+00  1.250000000E-02  0.000000000E+00  3.924365790E-02  1.051909310E+01 
        87  5.510960000E-03  1.280140000E-02  0.000000000E+00  2.684835296E-02  6.491299195E+02 
        88  9.009380000E-01  1.436040000E-02  0.000000000E+00  4.282823055E-02  1.572334422E+02 
        89  7.411530000E-03  1.476420000E-02  0.000000000E+00  1.335382022E-02  6.931312532E+02 
        90  9.850590000E-03  1.691540000E-02  0.000000000E+00  6.443188369E-03  7.092769357E+02 
        91  8.782860000E-01  1.714700000E-02  0.000000000E+00  4.564253752E-02  1.368480090E+02 
        92  1.318260000E-02  1.942040000E-02  0.000000000E+00  1.274101879E-02  6.965332193E+02 
        93  8.510930000E-01  2.039720000E-02  0.000000000E+00  4.811211272E-02  1.179225605E+02 
        94  1.821900000E-02  2.259850000E-02  0.000000000E+00  2.601497819E-02  6.538062815E+02 
        95  8.159680000E-01  2.444550000E-02  0.000000000E+00  5.036299292E-02  9.999691097E+01 
        96  2.634450000E-02  2.677890000E-02  0.000000000E+00  3.888435296E-02  5.867391274E+02 
        97  7.808250000E-01  2.833060000E-02  0.000000000E+00  5.216986947E-02  8.540549602E+01 
        98  3.777470000E-02  3.147510000E-02  0.000000000E+00  5.035440211E-02  5.005401646E+02 
        99  7.399050000E-01  3.264710000E-02  0.000000000E+00  5.380131365E-02  7.239333648E+01 
       100  6.989630000E-01  3.673990000E-02  0.000000000E+00  5.520326544E-02  6.179328769E+01 
       101  5.488770000E-02  3.697740000E-02  0.000000000E+00  6.029523279E-02  3.943967322E+02 
       102  6.579970000E-01  4.059990000E-02  0.000000000E+00  5.648139259E-02  5.316117722E+01 
       103  8.351470000E-02  4.379180000E-02  0.000000000E+00  6.829713832E-02  2.807271655E+02 
       104  6.170090000E-01  4.421250000E-02  0.000000000E+00  5.770284779E-02  4.606188039E+01 
       105  5.759990000E-01  4.755650000E-02  0.000000000E+00  5.890225456E-02  4.029253861E+01 
       106  1.241140000E-01  5.043730000E-02  0.000000000E+00  7.270962389E-02  1.862163380E+02 
       107  5.349650000E-01  5.060440000E-02  0.000000000E+00  6.011291190E-02  3.578092655E+01 
       108  4.939080000E-01  5.332060000E-02  0.000000000E+00  6.136177121E-02  3.258478098E+01 
       109  1.650180000E-01  5.486620000E-02  0.000000000E+00  7.316351465E-02  1.266116411E+02 
       110  4.528280000E-01  5.566140000E-02  0.000000000E+00  6.264989828E-02  3.092187024E+01 
       111  4.117260000E-01  5.757270000E-02  0.000000000E+00  6.393704141E-02  3.117987354E+01 
       112  2.060650000E-01  5.771190000E-02  0.000000000E+00  7.166128385E-02  8.926611403E+01 
       113  3.706030000E-01  5.898830000E-02  0.000000000E+00  6.522270871E-02  3.375630626E+01 
       114  2.471780000E-01  5.933890000E-02  0.000000000E+00  6.979958505E-02  6.498943014E+01 
       115  3.294650000E-01  5.982680000E-02  0.000000000E+00  6.655914655E-02  3.935063149E+01 
       116  2.883190000E-01  5.998690000E-02  0.000000000E+00  6.805963365E-02  4.920941746E+01 
       117  2.883190000E-01 -5.998690000E-02  3.333330000E-02  7.620664807E-02 -6.836905095E+02 
       118  3.294650000E-01 -5.982680000E-02  3.333330000E-02  7.335369508E-02 -6.302033376E+02 
       119  2.471780000E-01 -5.933890000E-02  3.333330000E-02  7.997723882E-02 -7.440509976E+02 
       120  3.706030000E-01 -5.898830000E-02  3.333330000E-02  7.097301898E-02 -5.820497835E+02 
       121  2.060650000E-01 -5.771190000E-02  3.333330000E-02  8.523950220E-02 -8.139897681E+02 
       122  4.117260000E-01 -5.757270000E-02  3.333330000E-02  6.880263862E-02 -5.381922269E+02 
       123  4.528280000E-01 -5.566140000E-02  3.333330000E-02  6.672272222E-02 -4.978557366E+02 
       124  1.650180000E-01 -5.486620000E-02  3.333330000E-02  9.258678672E-02 -8.985600765E+02 
       125  4.939080000E-01 -5.332060000E-02  3.333330000E-02  6.471419376E-02 -4.604023209E+02 
       126  5.349650000E-01 -5.060440000E-02  3.333330000E-02  6.280647912E-02 -4.253240223E+02 
       127  1.241140000E-01 -5.043730000E-02  3.333330000E-02  1.019347062E-01 -1.013744712E+03 
       128  5.759990000E-01 -4.755650000E-02  3.333330000E-02  6.100025520E-02 -3.922398569E+02 
       129  6.170090000E-01 -4.421250000E-02  3.333330000E-02  5.927083175E-02 -3.607749902E+02 
       130  8.351470000E-02 -4.379180000E-02  3.333330000E-02  1.134113839E-01 -1.178273491E+03 
       131  6.579970000E-01 -4.059990000E-02  3.333330000E-02  5.758607490E-02 -3.305683589E+02 
       132  5.488770000E-02 -3.697740000E-02  3.333330000E-02  1.261565280E-01 -1.349146516E+03 
       133  6.989630000E-01 -3.673990000E-02  3.333330000E-02  5.591343804E-02 -3.012985958E+02 
       134  7.399050000E-01 -3.264710000E-02  3.333330000E-02  5.422280394E-02 -2.725774187E+02 
       135  3.777470000E-02 -3.147510000E-02  3.333330000E-02  1.391455752E-01 -1.502795418E+03 
       136  7.808250000E-01 -2.833060000E-02  3.333330000E-02  5.248154790E-02 -2.445435421E+02 
       137  2.634450000E-02 -2.677890000E-02  3.333330000E-02  1.513857528E-01 -1.655596932E+03 
       138  8.159680000E-01 -2.444550000E-02  3.333330000E-02  5.082945181E-02 -2.195081061E+02 
       139  1.821900000E-02 -2.259850000E-02  3.333330000E-02  1.629621434E-01 -1.818939616E+03 
       140  8.510930000E-01 -2.039720000E-02  3.333330000E-02  4.914021684E-02 -1.950673004E+02 
       141  1.318260000E-02 -1.942040000E-02  3.333330000E-02  1.738354248E-01 -1.966123979E+03 
       142  8.782860000E-01 -1.714700000E-02  3.333330000E-02  4.765352878E-02 -1.748150887E+02 
       143  9.850590000E-03 -1.691540000E-02  3.333330000E-02  1.799439320E-01 -2.011648978E+03 
       144  7.411530000E-03 -1.476420000E-02  3.333330000E-02  1.800162451E-01 -1.976816802E+03 
       145  9.009380000E-01 -1.436040000E-02  3.333330000E-02  4.632832075E-02 -1.578282556E+02 
       146  5.510960000E-03 -1.280140000E-02  3.333330000E-02  1.782556480E-01 -1.928209747E+03 
       147  9.198070000E-01 -1.198220000E-02  3.333330000E-02  4.517138338E-02 -1.436168077E+02 
       148  3.983540000E-03 -1.093890000E-02  3.333330000E-02  1.760478019E-01 -1.850244029E+03 
       149  9.355260000E-01 -9.960600000E-03  3.333330000E-02  4.417331769E-02 -1.317642988E+02 
       150  2.745270000E-03 -9.124550000E-03  3.333330000E-02  1.728507564E-01 -1.738530230E+03 
       151  9.486220000E-01 -8.247430000E-03  3.333330000E-02  4.330454730E-02 -1.216255475E+02 
       152  1.752850000E-03 -7.324960000E-03  3.333330000E-02  1.685818034E-01 -1.586355206E+03 
       153  9.595320000E-01 -6.799650000E-03  3.333330000E-02  4.253702066E-02 -1.126565041E+02 
       154  9.686220000E-01 -5.578890000E-03  3.333330000E-02  4.185549712E-02 -1.046024589E+02 
       155  9.860190000E-04 -5.518970000E-03  3.333330000E-02  1.633165545E-01 -1.393347148E+03 
       156  9.761960000E-01 -4.551510000E-03  3.333330000E-02  4.125778611E-02 -9.745035765E+01 
       157  4.384000000E-04 -3.696570000E-03  3.333330000E-02  1.564419064E-01 -1.174453732E+03 
       158  9.825070000E-01 -3.688230000E-03  3.333330000E-02  4.075110443E-02 -9.131891543E+01 
       159  9.877650000E-01 -2.963870000E-03  3.333330000E-02  4.034485899E-02 -8.634011266E+01 
       160  9.921460000E-01 -2.356690000E-03  3.333330000E-02  4.004806191E-02 -8.259413716E+01 
       161  1.095110000E-04 -1.855900000E-03  3.333330000E-02  1.465206354E-01 -9.437186272E+02 
       162  9.957970000E-01 -1.848260000E-03  3.333330000E-02  3.987018459E-02 -8.008877106E+01 
       163  9.988390000E-01 -1.422790000E-03  3.333330000E-02  3.979299589E-02 -7.871359884E+01 
       164  1.001370000E+00 -1.062990000E-03  3.333330000E-02  3.973199835E-02 -7.808359249E+01 
       165  1.003480000E+00 -7.543150000E-04  3.333330000E-02  3.966010016E-02 -7.773326548E+01 
       166  1.005240000E+00 -4.991700000E-04  3.333330000E-02  3.971710915E-02 -7.817543991E+01 
       167  1.006710000E+00 -2.932730000E-04  3.333330000E-02  4.004474729E-02 -7.999687814E+01 
       168  1.007930000E+00 -1.294160000E-04  3.333330000E-02  4.057968226E-02 -8.291266640E+01 
       169  0.000000000E+00  0.000000000E+00  3.333330000E-02  1.336979389E-01 -6.841863454E+02 
       170  1.008950000E+00  0.000000000E+00  3.333330000E-02  2.366836541E-02 -9.009546781E+01 
       171  1.008950000E+00  1.250000000E-03  3.333330000E-02  6.804576919E-03 -9.366827386E+01 
       172  9.957970000E-01  1.848260000E-03  3.333330000E-02  2.393901921E-03  3.156292894E+02 
       173  1.095110000E-04  1.855900000E-03  3.333330000E-02  1.191261317E-01 -4.011116745E+02 
       174  9.921460000E-01  2.356690000E-03  3.333330000E-02  3.375232102E-03  3.104322834E+02 
       175  1.008950000E+00  2.500000000E-03  3.333330000E-02  7.485747603E-03 -9.124375622E+01 
       176  9.877650000E-01  2.963870000E-03  3.333330000E-02  2.357209647E-03  3.052803526E+02 
       177  9.825070000E-01  3.688230000E-03  3.333330000E-02  5.185021247E-03  2.993778753E+02 
       178  4.384000000E-04  3.696570000E-03  3.333330000E-02  1.033901918E-01 -1.297305360E+02 
       179  1.008950000E+00  3.750000000E-03  3.333330000E-02  7.811749489E-03 -8.947273995E+01 
       180  9.988390000E-01  3.807740000E-03  3.333330000E-02  3.894942597E-03  3.200568742E+02 
       181  9.761960000E-01  4.551510000E-03  3.333330000E-02  1.248570723E-02  2.885139893E+02 
       182  1.008950000E+00  5.000000000E-03  3.333330000E-02  7.260638842E-03 -8.610015413E+01 
       183  9.860190000E-04  5.518970000E-03  3.333330000E-02  8.715948930E-02  1.103423671E+02 
       184  9.686220000E-01  5.578890000E-03  3.333330000E-02  1.966101765E-02  2.714156791E+02 
       185  1.001370000E+00  5.982190000E-03  3.333330000E-02  1.177808066E-02  3.165333878E+02 
       186  1.008950000E+00  6.250000000E-03  3.333330000E-02  5.709052716E-03 -8.119822557E+01 
       187  9.595320000E-01  6.799650000E-03  3.333330000E-02  2.594678416E-02  2.499189371E+02 
       188  1.752850000E-03  7.324960000E-03  3.333330000E-02  7.116647988E-02  3.095507050E+02 
       189  1.008950000E+00  7.500000000E-03  3.333330000E-02  3.430409514E-03 -7.573614959E+01 
       190  1.003480000E+00  7.784150000E-03  3.333330000E-02  2.185266441E-02  2.972972816E+02 
       191  9.486220000E-01  8.247430000E-03  3.333330000E-02  3.125958521E-02  2.263411694E+02 
       192  1.008950000E+00  8.750000000E-03  3.333330000E-02  2.631078021E-03 -7.183381225E+01 
       193  2.745270000E-03  9.124550000E-03  3.333330000E-02  5.573233150E-02  4.630447073E+02 
       194  1.005240000E+00  9.288160000E-03  3.333330000E-02  3.174984630E-02  2.638933761E+02 
       195  9.355260000E-01  9.960600000E-03  3.333330000E-02  3.575231997E-02  2.024309637E+02 
       196  1.008950000E+00  1.000000000E-02  3.333330000E-02  5.475132867E-03 -7.006551293E+01 
       197  1.006710000E+00  1.054920000E-02  3.333330000E-02  4.148975811E-02  2.154798336E+02 
       198  3.983540000E-03  1.093890000E-02  3.333330000E-02  4.092575044E-02  5.739137891E+02 
       199  1.008950000E+00  1.125000000E-02  3.333330000E-02  8.729800603E-03 -7.931518941E+01 
       200  1.007930000E+00  1.160880000E-02  3.333330000E-02  5.346765100E-02  1.545784361E+02 
       201  9.198070000E-01  1.198220000E-02  3.333330000E-02  3.956818154E-02  1.791915353E+02 
       202  1.008950000E+00  1.250000000E-02  3.333330000E-02  3.510401343E-02  1.655226340E+01 
       203  5.510960000E-03  1.280140000E-02  3.333330000E-02  2.684871530E-02  6.491283912E+02 
       204  9.009380000E-01  1.436040000E-02  3.333330000E-02  4.282821816E-02  1.572335270E+02 
       205  7.411530000E-03  1.476420000E-02  3.333330000E-02  1.335420403E-02  6.931303827E+02 
       206  9.850590000E-03  1.691540000E-02  3.333330000E-02  6.443203837E-03  7.092768744E+02 
       207  8.782860000E-01  1.714700000E-02  3.333330000E-02  4.564251785E-02  1.368481547E+02 
       208  1.318260000E-02  1.942040000E-02  3.333330000E-02  1.274076500E-02  6.965337537E+02 
       209  8.510930000E-01  2.039720000E-02  3.333330000E-02  4.811208720E-02  1.179227607E+02 
       210  1.821900000E-02  2.259850000E-02  3.333330000E-02  2.601486695E-02  6.538067631E+02 
       211  8.159680000E-01  2.444550000E-02  3.333330000E-02  5.036299306E-02  9.999690961E+01 
       212  2.634450000E-02  2.677890000E-02  3.333330000E-02  3.888423341E-02  5.867398680E+02 
       213  7.808250000E-01  2.833060000E-02  3.333330000E-02  5.216985871E-02  8.540558294E+01 
       214  3.777470000E-02  3.147510000E-02  3.333330000E-02  5.035417944E-02  5.005421913E+02 
       215  7.399050000E-01  3.264710000E-02  3.333330000E-02  5.380131401E-02  7.239333362E+01 
       216  6.989630000E-01  3.673990000E-02  3.333330000E-02  5.520326447E-02  6.179329471E+01 
       217  5.488770000E-02  3.697740000E-02  3.333330000E-02  6.029495563E-02  3.944002436E+02 
       218  6.579970000E-01  4.059990000E-02  3.333330000E-02  5.648139272E-02  5.316117638E+01 
       219  8.351470000E-02  4.379180000E-02  3.333330000E-02  6.829700355E-02  2.807294548E+02 
       220  6.170090000E-01  4.421250000E-02  3.333330000E-02  5.770284815E-02  4.606187849E+01 
       221  5.759990000E-01  4.755650000E-02  3.333330000E-02  5.890225545E-02  4.029253485E+01 
       222  1.241140000E-01  5.043730000E-02  3.333330000E-02  7.270961211E-02  1.862167635E+02 
       223  5.349650000E-01  5.060440000E-02  3.333330000E-02  6.011291287E-02  3.578092348E+01 
       224  4.939080000E-01  5.332060000E-02  3.333330000E-02  6.136177173E-02  3.258477998E+01 
       225  1.650180000E-01  5.486620000E-02  3.333330000E-02  7.316351972E-02  1.266118431E+02 
       226  4.528280000E-01  5.566140000E-02  3.333330000E-02  6.264990021E-02  3.092186903E+01 
       227  4.117260000E-01  5.757270000E-02  3.333330000E-02  6.393704336E-02  3.117987559E+01 
       228  2.060650000E-01  5.771190000E-02  3.333330000E-02  7.166128804E-02  8.926617991E+01 
       229  3.706030000E-01  5.898830000E-02  3.333330000E-02  6.522270969E-02  3.375630913E+01 
       230  2.471780000E-01  5.933890000E-02  3.333330000E-02  6.979958876E-02  6.498946856E+01 
       231  3.294650000E-01  5.982680000E-02  3.333330000E-02  6.655914586E-02  3.935062779E+01 
       232  2.883190000E-01  5.998690000E-02  3.333330000E-02  6.805963493E-02  4.920942720E+01 
       233  2.883190000E-01 -5.998690000E-02  6.666670000E-02  7.620664807E-02 -6.836905095E+02 
       234  3.294650000E-01 -5.982680000E-02  6.666670000E-02  7.335369508E-02 -6.302033376E+02 
       235  2.471780000E-01 -5.933890000E-02  6.666670000E-02  7.997723881E-02 -7.440509976E+02 
       236  3.706030000E-01 -5.898830000E-02  6.666670000E-02  7.097301898E-02 -5.820497835E+02 
       237  2.060650000E-01 -5.771190000E-02  6.666670000E-02  8.523950220E-02 -8.139897681E+02 
       238  4.117260000E-01 -5.757270000E-02  6.666670000E-02  6.880263862E-02 -5.381922269E+02 
       239  4.528280000E-01 -5.566140000E-02  6.666670000E-02  6.672272222E-02 -4.978557366E+02 
       240  1.650180000E-01 -5.486620000E-02  6.666670000E-02  9.258678672E-02 -8.985600765E+02 
       241  4.939080000E-01 -5.332060000E-02  6.666670000E-02  6.471419376E-02 -4.604023209E+02 
       242  5.349650000E-01 -5.060440000E-02  6.666670000E-02  6.280647912E-02 -4.253240223E+02 
       243  1.241140000E-01 -5.043730000E-02  6.666670000E-02  1.019347062E-01 -1.013744712E+03 
       244  5.759990000E-01 -4.755650000E-02  6.666670000E-02  6.100025520E-02 -3.922398569E+02 
       245  6.170090000E-01 -4.421250000E-02  6.666670000E-02  5.927083175E-02 -3.607749902E+02 
       246  8.351470000E-02 -4.379180000E-02  6.666670000E-02  1.134113839E-01 -1.178273491E+03 
       247  6.579970000E-01 -4.059990000E-02  6.666670000E-02  5.758607490E-02 -3.305683589E+02 
       248  5.488770000E-02 -3.697740000E-02  6.666670000E-02  1.261565280E-01 -1.349146516E+03 
       249  6.989630000E-01 -3.673990000E-02  6.666670000E-02  5.591343804E-02 -3.012985957E+02 
       250  7.399050000E-01 -3.264710000E-02  6.666670000E-02  5.422280393E-02 -2.725774186E+02 
       251  3.777470000E-02 -3.147510000E-02  6.666670000E-02  1.391455752E-01 -1.502795418E+03 
       252  7.808250000E-01 -2.833060000E-02  6.666670000E-02  5.248154791E-02 -2.445435427E+02 
       253  2.634450000E-02 -2.677890000E-02  6.666670000E-02  1.513857528E-01 -1.655596932E+03 
       254  8.159680000E-01 -2.444550000E-02  6.666670000E-02  5.082945188E-02 -2.195081081E+02 
       255  1.821900000E-02 -2.259850000E-02  6.666670000E-02  1.629621434E-01 -1.818939616E+03 
       256  8.510930000E-01 -2.039720000E-02  6.666670000E-02  4.914021693E-02 -1.950673008E+02 
       257  1.318260000E-02 -1.942040000E-02  6.666670000E-02  1.738354248E-01 -1.966123979E+03 
       258  8.782860000E-01 -1.714700000E-02  6.666670000E-02  4.765352841E-02 -1.748150771E+02 
       259  9.850590000E-03 -1.691540000E-02  6.666670000E-02  1.799439320E-01 -2.011648978E+03 
       260  7.411530000E-03 -1.476420000E-02  6.666670000E-02  1.800162451E-01 -1.976816802E+03 
       261  9.009380000E-01 -1.436040000E-02  6.666670000E-02  4.632831904E-02 -1.578282209E+02 
       262  5.510960000E-03 -1.280140000E-02  6.666670000E-02  1.782556480E-01 -1.928209747E+03 
       263  9.198070000E-01 -1.198220000E-02  6.666670000E-02  4.517138000E-02 -1.436167556E+02 
       264  3.983540000E-03 -1.093890000E-02  6.666670000E-02  1.760478019E-01 -1.850244029E+03 
       265  9.355260000E-01 -9.960600000E-03  6.666670000E-02  4.417331397E-02 -1.317642644E+02 
       266  2.745270000E-03 -9.124550000E-03  6.666670000E-02  1.728507564E-01 -1.738530230E+03 
       267  9.486220000E-01 -8.247430000E-03  6.666670000E-02  4.330454649E-02 -1.216255883E+02 
       268  1.752850000E-03 -7.324960000E-03  6.666670000E-02  1.685818034E-01 -1.586355206E+03 
       269  9.595320000E-01 -6.799650000E-03  6.666670000E-02  4.253702653E-02 -1.126566708E+02 
       270  9.686220000E-01 -5.578890000E-03  6.666670000E-02  4.185551132E-02 -1.046027604E+02 
       271  9.860190000E-04 -5.518970000E-03  6.666670000E-02  1.633165545E-01 -1.393347148E+03 
       272  9.761960000E-01 -4.551510000E-03  6.666670000E-02  4.125780598E-02 -9.745074121E+01 
       273  4.384000000E-04 -3.696570000E-03  6.666670000E-02  1.564419064E-01 -1.174453732E+03 
       274  9.825070000E-01 -3.688230000E-03  6.666670000E-02  4.075112269E-02 -9.131927451E+01 
       275  9.877650000E-01 -2.963870000E-03  6.666670000E-02  4.034486520E-02 -8.634031502E+01 
       276  9.921460000E-01 -2.356690000E-03  6.666670000E-02  4.004804466E-02 -8.259405785E+01 
       277  1.095110000E-04 -1.855900000E-03  6.666670000E-02  1.465206354E-01 -9.437186272E+02 
       278  9.957970000E-01 -1.848260000E-03  6.666670000E-02  3.987013372E-02 -8.008831958E+01 
       279  9.988390000E-01 -1.422790000E-03  6.666670000E-02  3.979290571E-02 -7.871274096E+01 
       280  1.001370000E+00 -1.062990000E-03  6.666670000E-02  3.973186973E-02 -7.808236263E+01 
       281  1.003480000E+00 -7.543150000E-04  6.666670000E-02  3.965994457E-02 -7.773176109E+01 
       282  1.005240000E+00 -4.991700000E-04  6.666670000E-02  3.971692683E-02 -7.817379253E+01 
       283  1.006710000E+00 -2.932730000E-04  6.666670000E-02  4.004455698E-02 -7.999532371E+01 
       284  1.007930000E+00 -1.294160000E-04  6.666670000E-02  4.057952767E-02 -8.291147367E+01 
       285  0.000000000E+00  0.000000000E+00  6.666670000E-02  1.336979389E-01 -6.841863454E+02 
       286  1.008950000E+00  0.000000000E+00  6.666670000E-02  2.366834349E-02 -9.009517315E+01 
       287  1.008950000E+00  1.250000000E-03  6.666670000E-02  6.804223003E-03 -9.366840985E+01 
       288  9.957970000E-01  1.848260000E-03  6.666670000E-02  2.393902850E-03  3.156293328E+02 
       289  1.095110000E-04  1.855900000E-03  6.666670000E-02  1.191261317E-01 -4.011116745E+02 
       290  9.921460000E-01  2.356690000E-03  6.666670000E-02  3.375239984E-03  3.104323494E+02 
       291  1.008950000E+00  2.500000000E-03  6.666670000E-02  7.484852220E-03 -9.124339745E+01 
       292  9.877650000E-01  2.963870000E-03  6.666670000E-02  2.357206503E-03  3.052804305E+02 
       293  9.825070000E-01  3.688230000E-03  6.666670000E-02  5.184999780E-03  2.993779704E+02 
       294  4.384000000E-04  3.696570000E-03  6.666670000E-02  1.033901918E-01 -1.297305360E+02 
       295  1.008950000E+00  3.750000000E-03  6.666670000E-02  7.810664624E-03 -8.947203674E+01 
       296  9.988390000E-01  3.807740000E-03  6.666670000E-02  3.894941108E-03  3.200568637E+02 
       297  9.761960000E-01  4.551510000E-03  6.666670000E-02  1.248568760E-02  2.885140938E+02 
       298  1.008950000E+00  5.000000000E-03  6.666670000E-02  7.259365074E-03 -8.609923260E+01 
       299  9.860190000E-04  5.518970000E-03  6.666670000E-02  8.715948930E-02  1.103423671E+02 
       300  9.686220000E-01  5.578890000E-03  6.666670000E-02  1.966100470E-02  2.714157728E+02 
       301  1.001370000E+00  5.982190000E-03  6.666670000E-02  1.177808466E-02  3.165332969E+02 
       302  1.008950000E+00  6.250000000E-03  6.666670000E-02  5.707656973E-03 -8.119716642E+01 
       303  9.595320000E-01  6.799650000E-03  6.666670000E-02  2.594677723E-02  2.499190023E+02 
       304  1.752850000E-03  7.324960000E-03  6.666670000E-02  7.116647988E-02  3.095507050E+02 
       305  1.008950000E+00  7.500000000E-03  6.666670000E-02  3.429220541E-03 -7.573515329E+01 
       306  1.003480000E+00  7.784150000E-03  6.666670000E-02  2.185268216E-02  2.972970880E+02 
       307  9.486220000E-01  8.247430000E-03  6.666670000E-02  3.125958222E-02  2.263412022E+02 
       308  1.008950000E+00  8.750000000E-03  6.666670000E-02  2.630934328E-03 -7.183293725E+01 
       309  2.745270000E-03  9.124550000E-03  6.666670000E-02  5.573233150E-02  4.630447073E+02 
       310  1.005240000E+00  9.288160000E-03  6.666670000E-02  3.174986877E-02  2.638931333E+02 
       311  9.355260000E-01  9.960600000E-03  6.666670000E-02  3.575231908E-02  2.024309722E+02 
       312  1.008950000E+00  1.000000000E-02  6.666670000E-02  5.475761219E-03 -7.006442897E+01 
       313  1.006710000E+00  1.054920000E-02  6.666670000E-02  4.148975269E-02  2.154798304E+02 
       314  3.983540000E-03  1.093890000E-02  6.666670000E-02  4.092575044E-02  5.739137891E+02 
       315  1.008950000E+00  1.125000000E-02  6.666670000E-02  8.730206298E-03 -7.931378660E+01 
       316  1.007930000E+00  1.160880000E-02  6.666670000E-02  5.346757563E-02  1.545793842E+02 
       317  9.198070000E-01  1.198220000E-02  6.666670000E-02  3.956818148E-02  1.791915320E+02 
       318  1.008950000E+00  1.250000000E-02  6.666670000E-02  3.510406838E-02  1.655382682E+01 
       319  5.510960000E-03  1.280140000E-02  6.666670000E-02  2.684871530E-02  6.491283912E+02 
       320  9.009380000E-01  1.436040000E-02  6.666670000E-02  4.282821823E-02  1.572335216E+02 
       321  7.411530000E-03  1.476420000E-02  6.666670000E-02  1.335420403E-02  6.931303827E+02 
       322  9.850590000E-03  1.691540000E-02  6.666670000E-02  6.443203837E-03  7.092768744E+02 
       323  8.782860000E-01  1.714700000E-02  6.666670000E-02  4.564251786E-02  1.368481514E+02 
       324  1.318260000E-02  1.942040000E-02  6.666670000E-02  1.274076500E-02  6.965337537E+02 
       325  8.510930000E-01  2.039720000E-02  6.666670000E-02  4.811208718E-02  1.179227596E+02 
       326  1.821900000E-02  2.259850000E-02  6.666670000E-02  2.601486695E-02  6.538067631E+02 
       327  8.159680000E-01  2.444550000E-02  6.666670000E-02  5.036299304E-02  9.999690944E+01 
       328  2.634450000E-02  2.677890000E-02  6.666670000E-02  3.888423341E-02  5.867398680E+02 
       329  7.808250000E-01  2.833060000E-02  6.666670000E-02  5.216985870E-02  8.540558296E+01 
       330  3.777470000E-02  3.147510000E-02  6.666670000E-02  5.035417944E-02  5.005421913E+02 
       331  7.399050000E-01  3.264710000E-02  6.666670000E-02  5.380131401E-02  7.239333360E+01 
       332  6.989630000E-01  3.673990000E-02  6.666670000E-02  5.520326447E-02  6.179329473E+01 
       333  5.488770000E-02  3.697740000E-02  6.666670000E-02  6.029495563E-02  3.944002436E+02 
       334  6.579970000E-01  4.059990000E-02  6.666670000E-02  5.648139272E-02  5.316117644E+01 
       335  8.351470000E-02  4.379180000E-02  6.666670000E-02  6.829700355E-02  2.807294548E+02 
       336  6.170090000E-01  4.421250000E-02  6.666670000E-02  5.770284815E-02  4.606187857E+01 
       337  5.759990000E-01  4.755650000E-02  6.666670000E-02  5.890225545E-02  4.029253493E+01 
       338  1.241140000E-01  5.043730000E-02  6.666670000E-02  7.270961211E-02  1.862167635E+02 
       339  5.349650000E-01  5.060440000E-02  6.666670000E-02  6.011291287E-02  3.578092354E+01 
       340  4.939080000E-01  5.332060000E-02  6.666670000E-02  6.136177173E-02  3.258478001E+01 
       341  1.650180000E-01  5.486620000E-02  6.666670000E-02  7.316351972E-02  1.266118431E+02 
       342  4.528280000E-01  5.566140000E-02  6.666670000E-02  6.264990021E-02  3.092186904E+01 
       343  4.117260000E-01  5.757270000E-02  6.666670000E-02  6.393704336E-02  3.117987559E+01 
       344  2.060650000E-01  5.771190000E-02  6.666670000E-02  7.166128804E-02  8.926617989E+01 
       345  3.706030000E-01  5.898830000E-02  6.666670000E-02  6.522270969E-02  3.375630912E+01 
       346  2.471780000E-01  5.933890000E-02  6.666670000E-02  6.979958876E-02  6.498946853E+01 
       347  3.294650000E-01  5.982680000E-02  6.666670000E-02  6.655914586E-02  3.935062776E+01 
       348  2.883190000E-01  5.998690000E-02  6.666670000E-02  6.805963493E-02  4.920942717E+01 
       349  2.883190000E-01 -5.998690000E-02  1.000000000E-01  7.620664556E-02 -6.836904648E+02 
       350  3.294650000E-01 -5.982680000E-02  1.000000000E-01  7.335369635E-02 -6.302033629E+02 
       351  2.471780000E-01 -5.933890000E-02  1.000000000E-01  7.997723009E-02 -7.440508690E+02 
       352  3.706030000E-01 -5.898830000E-02  1.000000000E-01  7.097301729E-02 -5.820497488E+02 
       353  2.060650000E-01 -5.771190000E-02  1.000000000E-01  8.523948836E-02 -8.139895983E+02 
       354  4.117260000E-01 -5.757270000E-02  1.000000000E-01  6.880263539E-02 -5.381921628E+02 
       355  4.528280000E-01 -5.566140000E-02  1.000000000E-01  6.672271918E-02 -4.978556792E+02 
       356  1.650180000E-01 -5.486620000E-02  1.000000000E-01  9.258674872E-02 -8.985596600E+02 
       357  4.939080000E-01 -5.332060000E-02  1.000000000E-01  6.471419295E-02 -4.604023061E+02 
       358  5.349650000E-01 -5.060440000E-02  1.000000000E-01  6.280647764E-02 -4.253239952E+02 
       359  1.241140000E-01 -5.043730000E-02  1.000000000E-01  1.019346477E-01 -1.013743923E+03 
       360  5.759990000E-01 -4.755650000E-02  1.000000000E-01  6.100025389E-02 -3.922398331E+02 
       361  6.170090000E-01 -4.421250000E-02  1.000000000E-01  5.927083124E-02 -3.607749810E+02 
       362  8.351470000E-02 -4.379180000E-02  1.000000000E-01  1.134111296E-01 -1.178269669E+03 
       363  6.579970000E-01 -4.059990000E-02  1.000000000E-01  5.758607472E-02 -3.305683556E+02 
       364  5.488770000E-02 -3.697740000E-02  1.000000000E-01  1.261561316E-01 -1.349141668E+03 
       365  6.989630000E-01 -3.673990000E-02  1.000000000E-01  5.591343928E-02 -3.012986170E+02 
       366  7.399050000E-01 -3.264710000E-02  1.000000000E-01  5.422280351E-02 -2.725774116E+02 
       367  3.777470000E-02 -3.147510000E-02  1.000000000E-01  1.391453060E-01 -1.502792334E+03 
       368  7.808250000E-01 -2.833060000E-02  1.000000000E-01  5.248155870E-02 -2.445437102E+02 
       369  2.634450000E-02 -2.677890000E-02  1.000000000E-01  1.513856393E-01 -1.655595392E+03 
       370  8.159680000E-01 -2.444550000E-02  1.000000000E-01  5.082945179E-02 -2.195081072E+02 
       371  1.821900000E-02 -2.259850000E-02  1.000000000E-01  1.629620483E-01 -1.818938223E+03 
       372  8.510930000E-01 -2.039720000E-02  1.000000000E-01  4.914023425E-02 -1.950675450E+02 
       373  1.318260000E-02 -1.942040000E-02  1.000000000E-01  1.738352260E-01 -1.966121529E+03 
       374  8.782860000E-01 -1.714700000E-02  1.000000000E-01  4.765353878E-02 -1.748152097E+02 
       375  9.850590000E-03 -1.691540000E-02  1.000000000E-01  1.799438789E-01 -2.011649973E+03 
       376  7.411530000E-03 -1.476420000E-02  1.000000000E-01  1.800162961E-01 -1.976817782E+03 
       377  9.009380000E-01 -1.436040000E-02  1.000000000E-01  4.632832303E-02 -1.578282651E+02 
       378  5.510960000E-03 -1.280140000E-02  1.000000000E-01  1.782556945E-01 -1.928211419E+03 
       379  9.198070000E-01 -1.198220000E-02  1.000000000E-01  4.517138185E-02 -1.436167755E+02 
       380  3.983540000E-03 -1.093890000E-02  1.000000000E-01  1.760478598E-01 -1.850246044E+03 
       381  9.355260000E-01 -9.960600000E-03  1.000000000E-01  4.417331428E-02 -1.317642819E+02 
       382  2.745270000E-03 -9.124550000E-03  1.000000000E-01  1.728508171E-01 -1.738532356E+03 
       383  9.486220000E-01 -8.247430000E-03  1.000000000E-01  4.330454563E-02 -1.216256236E+02 
       384  1.752850000E-03 -7.324960000E-03  1.000000000E-01  1.685818554E-01 -1.586357087E+03 
       385  9.595320000E-01 -6.799650000E-03  1.000000000E-01  4.253702712E-02 -1.126567633E+02 
       386  9.686220000E-01 -5.578890000E-03  1.000000000E-01  4.185551464E-02 -1.046029218E+02 
       387  9.860190000E-04 -5.518970000E-03  1.000000000E-01  1.633165912E-01 -1.393348511E+03 
       388  9.761960000E-01 -4.551510000E-03  1.000000000E-01  4.125780886E-02 -9.745092087E+01 
       389  4.384000000E-04 -3.696570000E-03  1.000000000E-01  1.564419320E-01 -1.174454453E+03 
       390  9.825070000E-01 -3.688230000E-03  1.000000000E-01  4.075111583E-02 -9.131935157E+01 
       391  9.877650000E-01 -2.963870000E-03  1.000000000E-01  4.034483256E-02 -8.634010719E+01 
       392  9.921460000E-01 -2.356690000E-03  1.000000000E-01  4.004796477E-02 -8.259335023E+01 
       393  1.095110000E-04 -1.855900000E-03  1.000000000E-01  1.465206485E-01 -9.437188877E+02 
       394  9.957970000E-01 -1.848260000E-03  1.000000000E-01  3.986998240E-02 -8.008690504E+01 
       395  9.988390000E-01 -1.422790000E-03  1.000000000E-01  3.979266254E-02 -7.871046873E+01 
       396  1.001370000E+00 -1.062990000E-03  1.000000000E-01  3.973152367E-02 -7.807918160E+01 
       397  1.003480000E+00 -7.543150000E-04  1.000000000E-01  3.965951036E-02 -7.772774673E+01 
       398  1.005240000E+00 -4.991700000E-04  1.000000000E-01  3.971637996E-02 -7.816906791E+01 
       399  1.006710000E+00 -2.932730000E-04  1.000000000E-01  4.004391141E-02 -7.999021525E+01 
       400  1.007930000E+00 -1.294160000E-04  1.000000000E-01  4.057886472E-02 -8.290645506E+01 
       401  0.000000000E+00  0.000000000E+00  1.000000000E-01  1.336979389E-01 -6.841863454E+02 
       402  1.008950000E+00  0.000000000E+00  1.000000000E-01  2.747780852E-02 -8.913145707E+01 
       403  1.008950000E+00  1.250000000E-03  1.000000000E-01  6.803589150E-03 -9.366495403E+01 
       404  9.957970000E-01  1.848260000E-03  1.000000000E-01  2.394724951E-03  3.156280623E+02 
       405  1.095110000E-04  1.855900000E-03  1.000000000E-01  1.191261148E-01 -4.011113621E+02 
       406  9.921460000E-01  2.356690000E-03  1.000000000E-01  3.375255021E-03  3.104324636E+02 
       407  1.008950000E+00  2.500000000E-03  1.000000000E-01  7.483418301E-03 -9.123934562E+01 
       408  9.877650000E-01  2.963870000E-03  1.000000000E-01  2.357201080E-03  3.052805317E+02 
       409  9.825070000E-01  3.688230000E-03  1.000000000E-01  5.184972419E-03  2.993780729E+02 
       410  4.384000000E-04  3.696570000E-03  1.000000000E-01  1.033901401E-01 -1.297297058E+02 
       411  1.008950000E+00  3.750000000E-03  1.000000000E-01  7.808888194E-03 -8.946762670E+01 
       412  9.988390000E-01  3.807740000E-03  1.000000000E-01  3.891294194E-03  3.200541192E+02 
       413  9.761960000E-01  4.551510000E-03  1.000000000E-01  1.248567113E-02  2.885141858E+02 
       414  1.008950000E+00  5.000000000E-03  1.000000000E-01  7.257066146E-03 -8.609428782E+01 
       415  9.860190000E-04  5.518970000E-03  1.000000000E-01  8.715938471E-02  1.103437821E+02 
       416  9.686220000E-01  5.578890000E-03  1.000000000E-01  1.966100343E-02  2.714158235E+02 
       417  1.001370000E+00  5.982190000E-03  1.000000000E-01  1.177184625E-02  3.165403014E+02 
       418  1.008950000E+00  6.250000000E-03  1.000000000E-01  5.704915257E-03 -8.119162501E+01 
       419  9.595320000E-01  6.799650000E-03  1.000000000E-01  2.594678487E-02  2.499190008E+02 
       420  1.752850000E-03  7.324960000E-03  1.000000000E-01  7.116630995E-02  3.095526318E+02 
       421  1.008950000E+00  7.500000000E-03  1.000000000E-01  3.426724624E-03 -7.572953117E+01 
       422  1.003480000E+00  7.784150000E-03  1.000000000E-01  2.184756368E-02  2.973108589E+02 
       423  9.486220000E-01  8.247430000E-03  1.000000000E-01  3.125959562E-02  2.263411488E+02 
       424  1.008950000E+00  8.750000000E-03  1.000000000E-01  2.630733583E-03 -7.182766135E+01 
       425  2.745270000E-03  9.124550000E-03  1.000000000E-01  5.573208465E-02  4.630468070E+02 
       426  1.005240000E+00  9.288160000E-03  1.000000000E-01  3.174565100E-02  2.639103022E+02 
       427  9.355260000E-01  9.960600000E-03  1.000000000E-01  3.575233636E-02  2.024308751E+02 
       428  1.008950000E+00  1.000000000E-02  1.000000000E-01  5.477375412E-03 -7.005893401E+01 
       429  1.006710000E+00  1.054920000E-02  1.000000000E-01  4.148615543E-02  2.155013525E+02 
       430  3.983540000E-03  1.093890000E-02  1.000000000E-01  4.092543646E-02  5.739158031E+02 
       431  1.008950000E+00  1.125000000E-02  1.000000000E-01  8.731279755E-03 -7.930788396E+01 
       432  1.007930000E+00  1.160880000E-02  1.000000000E-01  5.346296898E-02  1.546023551E+02 
       433  9.198070000E-01  1.198220000E-02  1.000000000E-01  3.956819582E-02  1.791914371E+02 
       434  1.008950000E+00  1.250000000E-02  1.000000000E-01  3.924363219E-02  1.052315496E+01 
       435  5.510960000E-03  1.280140000E-02  1.000000000E-01  2.684835296E-02  6.491299195E+02 
       436  9.009380000E-01  1.436040000E-02  1.000000000E-01  4.282823068E-02  1.572334314E+02 
       437  7.411530000E-03  1.476420000E-02  1.000000000E-01  1.335382022E-02  6.931312532E+02 
       438  9.850590000E-03  1.691540000E-02  1.000000000E-01  6.443188369E-03  7.092769357E+02 
       439  8.782860000E-01  1.714700000E-02  1.000000000E-01  4.564253754E-02  1.368480025E+02 
       440  1.318260000E-02  1.942040000E-02  1.000000000E-01  1.274101879E-02  6.965332193E+02 
       441  8.510930000E-01  2.039720000E-02  1.000000000E-01  4.811211267E-02  1.179225582E+02 
       442  1.821900000E-02  2.259850000E-02  1.000000000E-01  2.601497818E-02  6.538062816E+02 
       443  8.159680000E-01  2.444550000E-02  1.000000000E-01  5.036299289E-02  9.999691064E+01 
       444  2.634450000E-02  2.677890000E-02  1.000000000E-01  3.888435296E-02  5.867391275E+02 
       445  7.808250000E-01  2.833060000E-02  1.000000000E-01  5.216986946E-02  8.540549606E+01 
       446  3.777470000E-02  3.147510000E-02  1.000000000E-01  5.035440211E-02  5.005401646E+02 
       447  7.399050000E-01  3.264710000E-02  1.000000000E-01  5.380131365E-02  7.239333644E+01 
       448  6.989630000E-01  3.673990000E-02  1.000000000E-01  5.520326544E-02  6.179328773E+01 
       449  5.488770000E-02  3.697740000E-02  1.000000000E-01  6.029523279E-02  3.943967322E+02 
       450  6.579970000E-01  4.059990000E-02  1.000000000E-01  5.648139258E-02  5.316117734E+01 
       451  8.351470000E-02  4.379180000E-02  1.000000000E-01  6.829713832E-02  2.807271655E+02 
       452  6.170090000E-01  4.421250000E-02  1.000000000E-01  5.770284779E-02  4.606188054E+01 
       453  5.759990000E-01  4.755650000E-02  1.000000000E-01  5.890225456E-02  4.029253877E+01 
       454  1.241140000E-01  5.043730000E-02  1.000000000E-01  7.270962389E-02  1.862163380E+02 
       455  5.349650000E-01  5.060440000E-02  1.000000000E-01  6.011291190E-02  3.578092667E+01 
       456  4.939080000E-01  5.332060000E-02  1.000000000E-01  6.136177121E-02  3.258478105E+01 
       457  1.650180000E-01  5.486620000E-02  1.000000000E-01  7.316351465E-02  1.266116411E+02 
       458  4.528280000E-01  5.566140000E-02  1.000000000E-01  6.264989828E-02  3.092187027E+01 
       459  4.117260000E-01  5.757270000E-02  1.000000000E-01  6.393704141E-02  3.117987353E+01 
       460  2.060650000E-01  5.771190000E-02  1.000000000E-01  7.166128385E-02  8.926611398E+01 
       461  3.706030000E-01  5.898830000E-02  1.000000000E-01  6.522270871E-02  3.375630622E+01 
       462  2.471780000E-01  5.933890000E-02  1.000000000E-01  6.979958505E-02  6.498943008E+01 
       463  3.294650000E-01  5.982680000E-02  1.000000000E-01  6.655914655E-02  3.935063143E+01 
       464  2.883190000E-01  5.998690000E-02  1.000000000E-01  6.805963365E-02  4.920941739E+01 
