1.008954e+00 0.000000e+00
1.006959e+00 2.591664e-04
1.004968e+00 5.386147e-04
1.002978e+00 8.284489e-04
1.000987e+00 1.118773e-03
9.989963e-01 1.400701e-03
9.970046e-01 1.679486e-03
9.950128e-01 1.957572e-03
9.930210e-01 2.235063e-03
9.910290e-01 2.511766e-03
9.890370e-01 2.787904e-03
9.870448e-01 3.063323e-03
9.850526e-01 3.338061e-03
9.830603e-01 3.612171e-03
9.810679e-01 3.885637e-03
9.790754e-01 4.158413e-03
9.770828e-01 4.430592e-03
9.750901e-01 4.702150e-03
9.730973e-01 4.972966e-03
9.711045e-01 5.243180e-03
9.691115e-01 5.512807e-03
9.671185e-01 5.781804e-03
9.651254e-01 6.050140e-03
9.631322e-01 6.317799e-03
9.611389e-01 6.584834e-03
9.591456e-01 6.851284e-03
9.571521e-01 7.117079e-03
9.551586e-01 7.382253e-03
9.531650e-01 7.646872e-03
9.511713e-01 7.910843e-03
9.491775e-01 8.174144e-03
9.471837e-01 8.436883e-03
9.451898e-01 8.699029e-03
9.431957e-01 8.960489e-03
9.412016e-01 9.221331e-03
9.392075e-01 9.481641e-03
9.372132e-01 9.741373e-03
9.352189e-01 1.000047e-02
9.332245e-01 1.025896e-02
9.312300e-01 1.051684e-02
9.292354e-01 1.077412e-02
9.272408e-01 1.103078e-02
9.252461e-01 1.128687e-02
9.232513e-01 1.154240e-02
9.212564e-01 1.179735e-02
9.192615e-01 1.205170e-02
9.172665e-01 1.230546e-02
9.152714e-01 1.255866e-02
9.132762e-01 1.281127e-02
9.112810e-01 1.306329e-02
9.092857e-01 1.331472e-02
9.072903e-01 1.356558e-02
9.052948e-01 1.381587e-02
9.032993e-01 1.406560e-02
9.013037e-01 1.431476e-02
8.993081e-01 1.456334e-02
8.973123e-01 1.481134e-02
8.953165e-01 1.505875e-02
8.933206e-01 1.530561e-02
8.913247e-01 1.555191e-02
8.893287e-01 1.579766e-02
8.873326e-01 1.604287e-02
8.853364e-01 1.628753e-02
8.833402e-01 1.653162e-02
8.813439e-01 1.677514e-02
8.793475e-01 1.701810e-02
8.773511e-01 1.726051e-02
8.753546e-01 1.750238e-02
8.733581e-01 1.774370e-02
8.713614e-01 1.798446e-02
8.693648e-01 1.822468e-02
8.673680e-01 1.846434e-02
8.653712e-01 1.870345e-02
8.633743e-01 1.894200e-02
8.613773e-01 1.918000e-02
8.593803e-01 1.941746e-02
8.573832e-01 1.965439e-02
8.553861e-01 1.989080e-02
8.533889e-01 2.012668e-02
8.513916e-01 2.036202e-02
8.493943e-01 2.059681e-02
8.473969e-01 2.083105e-02
8.453994e-01 2.106474e-02
8.434019e-01 2.129788e-02
8.414043e-01 2.153049e-02
8.394066e-01 2.176257e-02
8.374089e-01 2.199414e-02
8.354111e-01 2.222517e-02
8.334133e-01 2.245566e-02
8.314154e-01 2.268561e-02
8.294174e-01 2.291504e-02
8.274194e-01 2.314396e-02
8.254213e-01 2.337236e-02
8.234232e-01 2.360021e-02
8.214250e-01 2.382752e-02
8.194267e-01 2.405429e-02
8.174284e-01 2.428053e-02
8.154300e-01 2.450626e-02
8.134316e-01 2.473147e-02
8.114331e-01 2.495615e-02
8.094345e-01 2.518028e-02
8.074359e-01 2.540387e-02
8.054372e-01 2.562694e-02
8.034385e-01 2.584949e-02
8.014397e-01 2.607152e-02
7.994409e-01 2.629304e-02
7.974419e-01 2.651404e-02
7.954430e-01 2.673451e-02
7.934440e-01 2.695445e-02
7.914449e-01 2.717387e-02
7.894457e-01 2.739276e-02
7.874465e-01 2.761112e-02
7.854473e-01 2.782896e-02
7.834480e-01 2.804628e-02
7.814486e-01 2.826308e-02
7.794492e-01 2.847935e-02
7.774497e-01 2.869510e-02
7.754501e-01 2.891032e-02
7.734506e-01 2.912501e-02
7.714509e-01 2.933917e-02
7.694512e-01 2.955281e-02
7.674514e-01 2.976591e-02
7.654516e-01 2.997848e-02
7.634517e-01 3.019053e-02
7.614518e-01 3.040206e-02
7.594518e-01 3.061307e-02
7.574518e-01 3.082356e-02
7.554517e-01 3.103354e-02
7.534515e-01 3.124299e-02
7.514513e-01 3.145187e-02
7.494510e-01 3.166021e-02
7.474507e-01 3.186801e-02
7.454503e-01 3.207528e-02
7.434499e-01 3.228205e-02
7.414494e-01 3.248830e-02
7.394489e-01 3.269403e-02
7.374483e-01 3.289921e-02
7.354476e-01 3.310386e-02
7.334469e-01 3.330796e-02
7.314462e-01 3.351153e-02
7.294453e-01 3.371456e-02
7.274445e-01 3.391705e-02
7.254436e-01 3.411900e-02
7.234426e-01 3.432040e-02
7.214415e-01 3.452125e-02
7.194405e-01 3.472156e-02
7.174393e-01 3.492134e-02
7.154381e-01 3.512059e-02
7.134369e-01 3.531931e-02
7.114356e-01 3.551748e-02
7.094342e-01 3.571510e-02
7.074328e-01 3.591216e-02
7.054313e-01 3.610865e-02
7.034298e-01 3.630459e-02
7.014282e-01 3.649998e-02
6.994266e-01 3.669482e-02
6.974249e-01 3.688911e-02
6.954232e-01 3.708285e-02
6.934214e-01 3.727604e-02
6.914196e-01 3.746868e-02
6.894177e-01 3.766075e-02
6.874157e-01 3.785227e-02
6.854137e-01 3.804322e-02
6.834117e-01 3.823360e-02
6.814095e-01 3.842340e-02
6.794074e-01 3.861263e-02
6.774052e-01 3.880129e-02
6.754029e-01 3.898939e-02
6.734006e-01 3.917692e-02
6.713982e-01 3.936388e-02
6.693958e-01 3.955027e-02
6.673933e-01 3.973607e-02
6.653907e-01 3.992128e-02
6.633881e-01 4.010588e-02
6.613855e-01 4.028989e-02
6.593828e-01 4.047334e-02
6.573800e-01 4.065621e-02
6.553772e-01 4.083851e-02
6.533743e-01 4.102023e-02
6.513714e-01 4.120133e-02
6.493684e-01 4.138183e-02
6.473654e-01 4.156171e-02
6.453623e-01 4.174099e-02
6.433592e-01 4.191967e-02
6.413560e-01 4.209777e-02
6.393528e-01 4.227527e-02
6.373495e-01 4.245215e-02
6.353461e-01 4.262840e-02
6.333427e-01 4.280403e-02
6.313393e-01 4.297904e-02
6.293357e-01 4.315342e-02
6.273322e-01 4.332718e-02
6.253286e-01 4.350032e-02
6.233249e-01 4.367284e-02
6.213212e-01 4.384473e-02
6.193174e-01 4.401599e-02
6.173135e-01 4.418662e-02
6.153096e-01 4.435660e-02
6.133057e-01 4.452595e-02
6.113017e-01 4.469464e-02
6.092976e-01 4.486269e-02
6.072935e-01 4.503008e-02
6.052894e-01 4.519682e-02
6.032851e-01 4.536290e-02
6.012809e-01 4.552832e-02
5.992765e-01 4.569308e-02
5.972722e-01 4.585719e-02
5.952677e-01 4.602062e-02
5.932632e-01 4.618339e-02
5.912587e-01 4.634546e-02
5.892541e-01 4.650685e-02
5.872494e-01 4.666754e-02
5.852447e-01 4.682753e-02
5.832399e-01 4.698685e-02
5.812351e-01 4.714548e-02
5.792302e-01 4.730343e-02
5.772253e-01 4.746068e-02
5.752203e-01 4.761724e-02
5.732153e-01 4.777307e-02
5.712102e-01 4.792819e-02
5.692050e-01 4.808258e-02
5.671998e-01 4.823626e-02
5.651946e-01 4.838921e-02
5.631892e-01 4.854144e-02
5.611839e-01 4.869294e-02
5.591784e-01 4.884371e-02
5.571729e-01 4.899375e-02
5.551674e-01 4.914305e-02
5.531618e-01 4.929160e-02
5.511562e-01 4.943940e-02
5.491505e-01 4.958644e-02
5.471447e-01 4.973272e-02
5.451389e-01 4.987824e-02
5.431330e-01 5.002300e-02
5.411271e-01 5.016699e-02
5.391211e-01 5.031021e-02
5.371151e-01 5.045265e-02
5.351090e-01 5.059428e-02
5.331028e-01 5.073512e-02
5.310966e-01 5.087515e-02
5.290903e-01 5.101439e-02
5.270840e-01 5.115282e-02
5.250776e-01 5.129045e-02
5.230712e-01 5.142728e-02
5.210647e-01 5.156329e-02
5.190582e-01 5.169847e-02
5.170516e-01 5.183281e-02
5.150449e-01 5.196633e-02
5.130382e-01 5.209901e-02
5.110315e-01 5.223085e-02
5.090247e-01 5.236186e-02
5.070178e-01 5.249201e-02
5.050108e-01 5.262130e-02
5.030039e-01 5.274972e-02
5.009968e-01 5.287725e-02
4.989897e-01 5.300390e-02
4.969826e-01 5.312967e-02
4.949754e-01 5.325456e-02
4.929681e-01 5.337857e-02
4.909608e-01 5.350168e-02
4.889534e-01 5.362390e-02
4.869460e-01 5.374521e-02
4.849385e-01 5.386560e-02
4.829310e-01 5.398507e-02
4.809234e-01 5.410361e-02
4.789157e-01 5.422121e-02
4.769080e-01 5.433788e-02
4.749003e-01 5.445359e-02
4.728925e-01 5.456836e-02
4.708846e-01 5.468217e-02
4.688767e-01 5.479502e-02
4.668687e-01 5.490690e-02
4.648607e-01 5.501780e-02
4.628526e-01 5.512771e-02
4.608444e-01 5.523663e-02
4.588363e-01 5.534455e-02
4.568280e-01 5.545147e-02
4.548197e-01 5.555738e-02
4.528114e-01 5.566228e-02
4.508030e-01 5.576616e-02
4.487945e-01 5.586899e-02
4.467860e-01 5.597078e-02
4.447774e-01 5.607153e-02
4.427688e-01 5.617122e-02
4.407601e-01 5.626986e-02
4.387514e-01 5.636744e-02
4.367426e-01 5.646397e-02
4.347338e-01 5.655940e-02
4.327249e-01 5.665375e-02
4.307160e-01 5.674698e-02
4.287070e-01 5.683911e-02
4.266980e-01 5.693012e-02
4.246889e-01 5.702001e-02
4.226798e-01 5.710878e-02
4.206706e-01 5.719642e-02
4.186614e-01 5.728293e-02
4.166521e-01 5.736829e-02
4.146428e-01 5.745250e-02
4.126334e-01 5.753554e-02
4.106240e-01 5.761739e-02
4.086145e-01 5.769805e-02
4.066050e-01 5.777751e-02
4.045954e-01 5.785575e-02
4.025858e-01 5.793278e-02
4.005762e-01 5.800858e-02
3.985665e-01 5.808316e-02
3.965567e-01 5.815651e-02
3.945469e-01 5.822861e-02
3.925371e-01 5.829948e-02
3.905272e-01 5.836908e-02
3.885173e-01 5.843741e-02
3.865073e-01 5.850444e-02
3.844973e-01 5.857017e-02
3.824872e-01 5.863457e-02
3.804771e-01 5.869767e-02
3.784670e-01 5.875944e-02
3.764568e-01 5.881990e-02
3.744466e-01 5.887902e-02
3.724363e-01 5.893678e-02
3.704260e-01 5.899318e-02
3.684157e-01 5.904818e-02
3.664053e-01 5.910180e-02
3.643949e-01 5.915402e-02
3.623845e-01 5.920484e-02
3.603740e-01 5.925424e-02
3.583635e-01 5.930222e-02
3.563529e-01 5.934875e-02
3.543423e-01 5.939383e-02
3.523317e-01 5.943744e-02
3.503211e-01 5.947957e-02
3.483104e-01 5.952022e-02
3.462997e-01 5.955937e-02
3.442889e-01 5.959701e-02
3.422782e-01 5.963313e-02
3.402674e-01 5.966773e-02
3.382566e-01 5.970078e-02
3.362457e-01 5.973227e-02
3.342348e-01 5.976220e-02
3.322240e-01 5.979053e-02
3.302130e-01 5.981726e-02
3.282021e-01 5.984238e-02
3.261912e-01 5.986587e-02
3.241802e-01 5.988772e-02
3.221692e-01 5.990792e-02
3.201582e-01 5.992645e-02
3.181472e-01 5.994331e-02
3.161361e-01 5.995849e-02
3.141251e-01 5.997196e-02
3.121140e-01 5.998372e-02
3.101030e-01 5.999375e-02
3.080919e-01 6.000204e-02
3.060808e-01 6.000855e-02
3.040697e-01 6.001328e-02
3.020587e-01 6.001619e-02
3.000476e-01 6.001729e-02
2.980365e-01 6.001656e-02
2.960254e-01 6.001400e-02
2.940143e-01 6.000958e-02
2.920032e-01 6.000329e-02
2.899922e-01 5.999512e-02
2.879811e-01 5.998503e-02
2.859700e-01 5.997301e-02
2.839590e-01 5.995905e-02
2.819480e-01 5.994312e-02
2.799370e-01 5.992523e-02
2.779260e-01 5.990533e-02
2.759150e-01 5.988342e-02
2.739040e-01 5.985948e-02
2.718931e-01 5.983348e-02
2.698822e-01 5.980542e-02
2.678714e-01 5.977528e-02
2.658605e-01 5.974305e-02
2.638497e-01 5.970869e-02
2.618390e-01 5.967218e-02
2.598283e-01 5.963349e-02
2.578176e-01 5.959260e-02
2.558070e-01 5.954950e-02
2.537964e-01 5.950416e-02
2.517859e-01 5.945657e-02
2.497754e-01 5.940671e-02
2.477650e-01 5.935457e-02
2.457546e-01 5.930012e-02
2.437443e-01 5.924333e-02
2.417341e-01 5.918418e-02
2.397240e-01 5.912263e-02
2.377139e-01 5.905865e-02
2.357039e-01 5.899223e-02
2.336940e-01 5.892334e-02
2.316842e-01 5.885197e-02
2.296744e-01 5.877809e-02
2.276648e-01 5.870166e-02
2.256553e-01 5.862267e-02
2.236458e-01 5.854107e-02
2.216365e-01 5.845685e-02
2.196273e-01 5.836999e-02
2.176182e-01 5.828045e-02
2.156092e-01 5.818821e-02
2.136004e-01 5.809322e-02
2.115917e-01 5.799546e-02
2.095831e-01 5.789490e-02
2.075747e-01 5.779149e-02
2.055664e-01 5.768522e-02
2.035582e-01 5.757605e-02
2.015503e-01 5.746396e-02
1.995425e-01 5.734893e-02
1.975349e-01 5.723090e-02
1.955274e-01 5.710983e-02
1.935202e-01 5.698568e-02
1.915131e-01 5.685841e-02
1.895062e-01 5.672800e-02
1.874996e-01 5.659444e-02
1.854932e-01 5.645767e-02
1.834870e-01 5.631762e-02
1.814810e-01 5.617423e-02
1.794753e-01 5.602747e-02
1.774698e-01 5.587733e-02
1.754646e-01 5.572378e-02
1.734596e-01 5.556677e-02
1.714549e-01 5.540625e-02
1.694505e-01 5.524214e-02
1.674465e-01 5.507440e-02
1.654427e-01 5.490297e-02
1.634392e-01 5.472781e-02
1.614361e-01 5.454886e-02
1.594334e-01 5.436610e-02
1.574309e-01 5.417947e-02
1.554289e-01 5.398891e-02
1.534272e-01 5.379435e-02
1.514260e-01 5.359572e-02
1.494251e-01 5.339296e-02
1.474247e-01 5.318600e-02
1.454248e-01 5.297478e-02
1.434252e-01 5.275925e-02
1.414262e-01 5.253935e-02
1.394277e-01 5.231501e-02
1.374297e-01 5.208613e-02
1.354322e-01 5.185264e-02
1.334352e-01 5.161446e-02
1.314389e-01 5.137152e-02
1.294431e-01 5.112375e-02
1.274479e-01 5.087105e-02
1.254534e-01 5.061333e-02
1.234596e-01 5.035049e-02
1.214664e-01 5.008244e-02
1.194740e-01 4.980910e-02
1.174823e-01 4.953036e-02
1.154914e-01 4.924611e-02
1.135013e-01 4.895623e-02
1.115121e-01 4.866060e-02
1.095237e-01 4.835912e-02
1.075363e-01 4.805167e-02
1.055498e-01 4.773811e-02
1.035643e-01 4.741830e-02
1.015798e-01 4.709213e-02
9.959641e-02 4.675947e-02
9.761415e-02 4.642015e-02
9.563307e-02 4.607400e-02
9.365322e-02 4.572086e-02
9.167467e-02 4.536053e-02
8.969748e-02 4.499284e-02
8.772169e-02 4.461762e-02
8.574739e-02 4.423472e-02
8.377463e-02 4.384391e-02
8.180351e-02 4.344494e-02
7.983410e-02 4.303760e-02
7.786649e-02 4.262167e-02
7.590076e-02 4.219690e-02
7.393703e-02 4.176298e-02
7.197542e-02 4.131961e-02
7.001603e-02 4.086652e-02
6.805898e-02 4.040340e-02
6.610441e-02 3.992994e-02
6.415247e-02 3.944576e-02
6.220332e-02 3.895048e-02
6.025712e-02 3.844368e-02
5.831408e-02 3.792495e-02
5.637437e-02 3.739385e-02
5.443824e-02 3.684989e-02
5.250591e-02 3.629253e-02
5.057769e-02 3.572115e-02
4.865387e-02 3.513513e-02
4.673474e-02 3.453389e-02
4.482069e-02 3.391671e-02
4.291212e-02 3.328275e-02
4.100947e-02 3.263124e-02
3.911324e-02 3.196128e-02
3.722403e-02 3.127178e-02
3.534248e-02 3.056163e-02
3.346929e-02 2.982971e-02
3.160528e-02 2.907473e-02
2.975140e-02 2.829519e-02
2.790877e-02 2.748942e-02
2.607866e-02 2.665559e-02
2.426252e-02 2.579177e-02
2.246202e-02 2.489579e-02
2.067925e-02 2.396504e-02
1.891669e-02 2.299657e-02
1.717714e-02 2.198732e-02
1.546412e-02 2.093370e-02
1.378198e-02 1.983145e-02
1.213582e-02 1.867616e-02
1.053226e-02 1.746244e-02
8.979272e-03 1.618467e-02
7.487162e-03 1.483633e-02
6.068613e-03 1.341084e-02
4.739863e-03 1.190135e-02
3.521108e-03 1.030182e-02
2.436876e-03 8.608317e-03
1.515993e-03 6.820862e-03
7.896875e-04 4.946035e-03
2.876029e-04 2.999272e-03
3.199898e-05 1.005199e-03
3.199898e-05 -1.005199e-03
2.876029e-04 -2.999272e-03
7.896875e-04 -4.946035e-03
1.515993e-03 -6.820862e-03
2.436876e-03 -8.608317e-03
3.521108e-03 -1.030182e-02
4.739863e-03 -1.190135e-02
6.068613e-03 -1.341084e-02
7.487162e-03 -1.483633e-02
8.979272e-03 -1.618467e-02
1.053226e-02 -1.746244e-02
1.213582e-02 -1.867616e-02
1.378198e-02 -1.983145e-02
1.546412e-02 -2.093370e-02
1.717714e-02 -2.198732e-02
1.891669e-02 -2.299657e-02
2.067925e-02 -2.396504e-02
2.246202e-02 -2.489579e-02
2.426252e-02 -2.579177e-02
2.607866e-02 -2.665559e-02
2.790877e-02 -2.748942e-02
2.975140e-02 -2.829519e-02
3.160528e-02 -2.907473e-02
3.346929e-02 -2.982971e-02
3.534248e-02 -3.056163e-02
3.722403e-02 -3.127178e-02
3.911324e-02 -3.196128e-02
4.100947e-02 -3.263124e-02
4.291212e-02 -3.328275e-02
4.482069e-02 -3.391671e-02
4.673474e-02 -3.453389e-02
4.865387e-02 -3.513513e-02
5.057769e-02 -3.572115e-02
5.250591e-02 -3.629253e-02
5.443824e-02 -3.684989e-02
5.637437e-02 -3.739385e-02
5.831408e-02 -3.792495e-02
6.025712e-02 -3.844368e-02
6.220332e-02 -3.895048e-02
6.415247e-02 -3.944576e-02
6.610441e-02 -3.992994e-02
6.805898e-02 -4.040340e-02
7.001603e-02 -4.086652e-02
7.197542e-02 -4.131961e-02
7.393703e-02 -4.176298e-02
7.590076e-02 -4.219690e-02
7.786649e-02 -4.262167e-02
7.983410e-02 -4.303760e-02
8.180351e-02 -4.344494e-02
8.377463e-02 -4.384391e-02
8.574739e-02 -4.423472e-02
8.772169e-02 -4.461762e-02
8.969748e-02 -4.499284e-02
9.167467e-02 -4.536053e-02
9.365322e-02 -4.572086e-02
9.563307e-02 -4.607400e-02
9.761415e-02 -4.642015e-02
9.959641e-02 -4.675947e-02
1.015798e-01 -4.709213e-02
1.035643e-01 -4.741830e-02
1.055498e-01 -4.773811e-02
1.075363e-01 -4.805167e-02
1.095237e-01 -4.835912e-02
1.115121e-01 -4.866060e-02
1.135013e-01 -4.895623e-02
1.154914e-01 -4.924611e-02
1.174823e-01 -4.953036e-02
1.194740e-01 -4.980910e-02
1.214664e-01 -5.008244e-02
1.234596e-01 -5.035049e-02
1.254534e-01 -5.061333e-02
1.274479e-01 -5.087105e-02
1.294431e-01 -5.112375e-02
1.314389e-01 -5.137152e-02
1.334352e-01 -5.161446e-02
1.354322e-01 -5.185264e-02
1.374297e-01 -5.208613e-02
1.394277e-01 -5.231501e-02
1.414262e-01 -5.253935e-02
1.434252e-01 -5.275925e-02
1.454248e-01 -5.297478e-02
1.474247e-01 -5.318600e-02
1.494251e-01 -5.339296e-02
1.514260e-01 -5.359572e-02
1.534272e-01 -5.379435e-02
1.554289e-01 -5.398891e-02
1.574309e-01 -5.417947e-02
1.594334e-01 -5.436610e-02
1.614361e-01 -5.454886e-02
1.634392e-01 -5.472781e-02
1.654427e-01 -5.490297e-02
1.674465e-01 -5.507440e-02
1.694505e-01 -5.524214e-02
1.714549e-01 -5.540625e-02
1.734596e-01 -5.556677e-02
1.754646e-01 -5.572378e-02
1.774698e-01 -5.587733e-02
1.794753e-01 -5.602747e-02
1.814810e-01 -5.617423e-02
1.834870e-01 -5.631762e-02
1.854932e-01 -5.645767e-02
1.874996e-01 -5.659444e-02
1.895062e-01 -5.672800e-02
1.915131e-01 -5.685841e-02
1.935202e-01 -5.698568e-02
1.955274e-01 -5.710983e-02
1.975349e-01 -5.723090e-02
1.995425e-01 -5.734893e-02
2.015503e-01 -5.746396e-02
2.035582e-01 -5.757605e-02
2.055664e-01 -5.768522e-02
2.075747e-01 -5.779149e-02
2.095831e-01 -5.789490e-02
2.115917e-01 -5.799546e-02
2.136004e-01 -5.809322e-02
2.156092e-01 -5.818821e-02
2.176182e-01 -5.828045e-02
2.196273e-01 -5.836999e-02
2.216365e-01 -5.845685e-02
2.236458e-01 -5.854107e-02
2.256553e-01 -5.862267e-02
2.276648e-01 -5.870166e-02
2.296744e-01 -5.877809e-02
2.316842e-01 -5.885197e-02
2.336940e-01 -5.892334e-02
2.357039e-01 -5.899223e-02
2.377139e-01 -5.905865e-02
2.397240e-01 -5.912263e-02
2.417341e-01 -5.918418e-02
2.437443e-01 -5.924333e-02
2.457546e-01 -5.930012e-02
2.477650e-01 -5.935457e-02
2.497754e-01 -5.940671e-02
2.517859e-01 -5.945657e-02
2.537964e-01 -5.950416e-02
2.558070e-01 -5.954950e-02
2.578176e-01 -5.959260e-02
2.598283e-01 -5.963349e-02
2.618390e-01 -5.967218e-02
2.638497e-01 -5.970869e-02
2.658605e-01 -5.974305e-02
2.678714e-01 -5.977528e-02
2.698822e-01 -5.980542e-02
2.718931e-01 -5.983348e-02
2.739040e-01 -5.985948e-02
2.759150e-01 -5.988342e-02
2.779260e-01 -5.990533e-02
2.799370e-01 -5.992523e-02
2.819480e-01 -5.994312e-02
2.839590e-01 -5.995905e-02
2.859700e-01 -5.997301e-02
2.879811e-01 -5.998503e-02
2.899922e-01 -5.999512e-02
2.920032e-01 -6.000329e-02
2.940143e-01 -6.000958e-02
2.960254e-01 -6.001400e-02
2.980365e-01 -6.001656e-02
3.000476e-01 -6.001729e-02
3.020587e-01 -6.001619e-02
3.040697e-01 -6.001328e-02
3.060808e-01 -6.000855e-02
3.080919e-01 -6.000204e-02
3.101030e-01 -5.999375e-02
3.121140e-01 -5.998372e-02
3.141251e-01 -5.997196e-02
3.161361e-01 -5.995849e-02
3.181472e-01 -5.994331e-02
3.201582e-01 -5.992645e-02
3.221692e-01 -5.990792e-02
3.241802e-01 -5.988772e-02
3.261912e-01 -5.986587e-02
3.282021e-01 -5.984238e-02
3.302130e-01 -5.981726e-02
3.322240e-01 -5.979053e-02
3.342348e-01 -5.976220e-02
3.362457e-01 -5.973227e-02
3.382566e-01 -5.970078e-02
3.402674e-01 -5.966773e-02
3.422782e-01 -5.963313e-02
3.442889e-01 -5.959701e-02
3.462997e-01 -5.955937e-02
3.483104e-01 -5.952022e-02
3.503211e-01 -5.947957e-02
3.523317e-01 -5.943744e-02
3.543423e-01 -5.939383e-02
3.563529e-01 -5.934875e-02
3.583635e-01 -5.930222e-02
3.603740e-01 -5.925424e-02
3.623845e-01 -5.920484e-02
3.643949e-01 -5.915402e-02
3.664053e-01 -5.910180e-02
3.684157e-01 -5.904818e-02
3.704260e-01 -5.899318e-02
3.724363e-01 -5.893678e-02
3.744466e-01 -5.887902e-02
3.764568e-01 -5.881990e-02
3.784670e-01 -5.875944e-02
3.804771e-01 -5.869767e-02
3.824872e-01 -5.863457e-02
3.844973e-01 -5.857017e-02
3.865073e-01 -5.850444e-02
3.885173e-01 -5.843741e-02
3.905272e-01 -5.836908e-02
3.925371e-01 -5.829948e-02
3.945469e-01 -5.822861e-02
3.965567e-01 -5.815651e-02
3.985665e-01 -5.808316e-02
4.005762e-01 -5.800858e-02
4.025858e-01 -5.793278e-02
4.045954e-01 -5.785575e-02
4.066050e-01 -5.777751e-02
4.086145e-01 -5.769805e-02
4.106240e-01 -5.761739e-02
4.126334e-01 -5.753554e-02
4.146428e-01 -5.745250e-02
4.166521e-01 -5.736829e-02
4.186614e-01 -5.728293e-02
4.206706e-01 -5.719642e-02
4.226798e-01 -5.710878e-02
4.246889e-01 -5.702001e-02
4.266980e-01 -5.693012e-02
4.287070e-01 -5.683911e-02
4.307160e-01 -5.674698e-02
4.327249e-01 -5.665375e-02
4.347338e-01 -5.655940e-02
4.367426e-01 -5.646397e-02
4.387514e-01 -5.636744e-02
4.407601e-01 -5.626986e-02
4.427688e-01 -5.617122e-02
4.447774e-01 -5.607153e-02
4.467860e-01 -5.597078e-02
4.487945e-01 -5.586899e-02
4.508030e-01 -5.576616e-02
4.528114e-01 -5.566228e-02
4.548197e-01 -5.555738e-02
4.568280e-01 -5.545147e-02
4.588363e-01 -5.534455e-02
4.608444e-01 -5.523663e-02
4.628526e-01 -5.512771e-02
4.648607e-01 -5.501780e-02
4.668687e-01 -5.490690e-02
4.688767e-01 -5.479502e-02
4.708846e-01 -5.468217e-02
4.728925e-01 -5.456836e-02
4.749003e-01 -5.445359e-02
4.769080e-01 -5.433788e-02
4.789157e-01 -5.422121e-02
4.809234e-01 -5.410361e-02
4.829310e-01 -5.398507e-02
4.849385e-01 -5.386560e-02
4.869460e-01 -5.374521e-02
4.889534e-01 -5.362390e-02
4.909608e-01 -5.350168e-02
4.929681e-01 -5.337857e-02
4.949754e-01 -5.325456e-02
4.969826e-01 -5.312967e-02
4.989897e-01 -5.300390e-02
5.009968e-01 -5.287725e-02
5.030039e-01 -5.274972e-02
5.050108e-01 -5.262130e-02
5.070178e-01 -5.249201e-02
5.090247e-01 -5.236186e-02
5.110315e-01 -5.223085e-02
5.130382e-01 -5.209901e-02
5.150449e-01 -5.196633e-02
5.170516e-01 -5.183281e-02
5.190582e-01 -5.169847e-02
5.210647e-01 -5.156329e-02
5.230712e-01 -5.142728e-02
5.250776e-01 -5.129045e-02
5.270840e-01 -5.115282e-02
5.290903e-01 -5.101439e-02
5.310966e-01 -5.087515e-02
5.331028e-01 -5.073512e-02
5.351090e-01 -5.059428e-02
5.371151e-01 -5.045265e-02
5.391211e-01 -5.031021e-02
5.411271e-01 -5.016699e-02
5.431330e-01 -5.002300e-02
5.451389e-01 -4.987824e-02
5.471447e-01 -4.973272e-02
5.491505e-01 -4.958644e-02
5.511562e-01 -4.943940e-02
5.531618e-01 -4.929160e-02
5.551674e-01 -4.914305e-02
5.571729e-01 -4.899375e-02
5.591784e-01 -4.884371e-02
5.611839e-01 -4.869294e-02
5.631892e-01 -4.854144e-02
5.651946e-01 -4.838921e-02
5.671998e-01 -4.823626e-02
5.692050e-01 -4.808258e-02
5.712102e-01 -4.792819e-02
5.732153e-01 -4.777307e-02
5.752203e-01 -4.761724e-02
5.772253e-01 -4.746068e-02
5.792302e-01 -4.730343e-02
5.812351e-01 -4.714548e-02
5.832399e-01 -4.698685e-02
5.852447e-01 -4.682753e-02
5.872494e-01 -4.666754e-02
5.892541e-01 -4.650685e-02
5.912587e-01 -4.634546e-02
5.932632e-01 -4.618339e-02
5.952677e-01 -4.602062e-02
5.972722e-01 -4.585719e-02
5.992765e-01 -4.569308e-02
6.012809e-01 -4.552832e-02
6.032851e-01 -4.536290e-02
6.052894e-01 -4.519682e-02
6.072935e-01 -4.503008e-02
6.092976e-01 -4.486269e-02
6.113017e-01 -4.469464e-02
6.133057e-01 -4.452595e-02
6.153096e-01 -4.435660e-02
6.173135e-01 -4.418662e-02
6.193174e-01 -4.401599e-02
6.213212e-01 -4.384473e-02
6.233249e-01 -4.367284e-02
6.253286e-01 -4.350032e-02
6.273322e-01 -4.332718e-02
6.293357e-01 -4.315342e-02
6.313393e-01 -4.297904e-02
6.333427e-01 -4.280403e-02
6.353461e-01 -4.262840e-02
6.373495e-01 -4.245215e-02
6.393528e-01 -4.227527e-02
6.413560e-01 -4.209777e-02
6.433592e-01 -4.191967e-02
6.453623e-01 -4.174099e-02
6.473654e-01 -4.156171e-02
6.493684e-01 -4.138183e-02
6.513714e-01 -4.120133e-02
6.533743e-01 -4.102023e-02
6.553772e-01 -4.083851e-02
6.573800e-01 -4.065621e-02
6.593828e-01 -4.047334e-02
6.613855e-01 -4.028989e-02
6.633881e-01 -4.010588e-02
6.653907e-01 -3.992128e-02
6.673933e-01 -3.973607e-02
6.693958e-01 -3.955027e-02
6.713982e-01 -3.936388e-02
6.734006e-01 -3.917692e-02
6.754029e-01 -3.898939e-02
6.774052e-01 -3.880129e-02
6.794074e-01 -3.861263e-02
6.814095e-01 -3.842340e-02
6.834117e-01 -3.823360e-02
6.854137e-01 -3.804322e-02
6.874157e-01 -3.785227e-02
6.894177e-01 -3.766075e-02
6.914196e-01 -3.746868e-02
6.934214e-01 -3.727604e-02
6.954232e-01 -3.708285e-02
6.974249e-01 -3.688911e-02
6.994266e-01 -3.669482e-02
7.014282e-01 -3.649998e-02
7.034298e-01 -3.630459e-02
7.054313e-01 -3.610865e-02
7.074328e-01 -3.591216e-02
7.094342e-01 -3.571510e-02
7.114356e-01 -3.551748e-02
7.134369e-01 -3.531931e-02
7.154381e-01 -3.512059e-02
7.174393e-01 -3.492134e-02
7.194405e-01 -3.472156e-02
7.214415e-01 -3.452125e-02
7.234426e-01 -3.432040e-02
7.254436e-01 -3.411900e-02
7.274445e-01 -3.391705e-02
7.294453e-01 -3.371456e-02
7.314462e-01 -3.351153e-02
7.334469e-01 -3.330796e-02
7.354476e-01 -3.310386e-02
7.374483e-01 -3.289921e-02
7.394489e-01 -3.269403e-02
7.414494e-01 -3.248830e-02
7.434499e-01 -3.228205e-02
7.454503e-01 -3.207528e-02
7.474507e-01 -3.186801e-02
7.494510e-01 -3.166021e-02
7.514513e-01 -3.145187e-02
7.534515e-01 -3.124299e-02
7.554517e-01 -3.103354e-02
7.574518e-01 -3.082356e-02
7.594518e-01 -3.061307e-02
7.614518e-01 -3.040206e-02
7.634517e-01 -3.019053e-02
7.654516e-01 -2.997848e-02
7.674514e-01 -2.976591e-02
7.694512e-01 -2.955281e-02
7.714509e-01 -2.933917e-02
7.734506e-01 -2.912501e-02
7.754501e-01 -2.891032e-02
7.774497e-01 -2.869510e-02
7.794492e-01 -2.847935e-02
7.814486e-01 -2.826308e-02
7.834480e-01 -2.804628e-02
7.854473e-01 -2.782896e-02
7.874465e-01 -2.761112e-02
7.894457e-01 -2.739276e-02
7.914449e-01 -2.717387e-02
7.934440e-01 -2.695445e-02
7.954430e-01 -2.673451e-02
7.974419e-01 -2.651404e-02
7.994409e-01 -2.629304e-02
8.014397e-01 -2.607152e-02
8.034385e-01 -2.584949e-02
8.054372e-01 -2.562694e-02
8.074359e-01 -2.540387e-02
8.094345e-01 -2.518028e-02
8.114331e-01 -2.495615e-02
8.134316e-01 -2.473147e-02
8.154300e-01 -2.450626e-02
8.174284e-01 -2.428053e-02
8.194267e-01 -2.405429e-02
8.214250e-01 -2.382752e-02
8.234232e-01 -2.360021e-02
8.254213e-01 -2.337236e-02
8.274194e-01 -2.314396e-02
8.294174e-01 -2.291504e-02
8.314154e-01 -2.268561e-02
8.334133e-01 -2.245566e-02
8.354111e-01 -2.222517e-02
8.374089e-01 -2.199414e-02
8.394066e-01 -2.176257e-02
8.414043e-01 -2.153049e-02
8.434019e-01 -2.129788e-02
8.453994e-01 -2.106474e-02
8.473969e-01 -2.083105e-02
8.493943e-01 -2.059681e-02
8.513916e-01 -2.036202e-02
8.533889e-01 -2.012668e-02
8.553861e-01 -1.989080e-02
8.573832e-01 -1.965439e-02
8.593803e-01 -1.941746e-02
8.613773e-01 -1.918000e-02
8.633743e-01 -1.894200e-02
8.653712e-01 -1.870345e-02
8.673680e-01 -1.846434e-02
8.693648e-01 -1.822468e-02
8.713614e-01 -1.798446e-02
8.733581e-01 -1.774370e-02
8.753546e-01 -1.750238e-02
8.773511e-01 -1.726051e-02
8.793475e-01 -1.701810e-02
8.813439e-01 -1.677514e-02
8.833402e-01 -1.653162e-02
8.853364e-01 -1.628753e-02
8.873326e-01 -1.604287e-02
8.893287e-01 -1.579766e-02
8.913247e-01 -1.555191e-02
8.933206e-01 -1.530561e-02
8.953165e-01 -1.505875e-02
8.973123e-01 -1.481134e-02
8.993081e-01 -1.456334e-02
9.013037e-01 -1.431476e-02
9.032993e-01 -1.406560e-02
9.052948e-01 -1.381587e-02
9.072903e-01 -1.356558e-02
9.092857e-01 -1.331472e-02
9.112810e-01 -1.306329e-02
9.132762e-01 -1.281127e-02
9.152714e-01 -1.255866e-02
9.172665e-01 -1.230546e-02
9.192615e-01 -1.205170e-02
9.212564e-01 -1.179735e-02
9.232513e-01 -1.154240e-02
9.252461e-01 -1.128687e-02
9.272408e-01 -1.103078e-02
9.292354e-01 -1.077412e-02
9.312300e-01 -1.051684e-02
9.332245e-01 -1.025896e-02
9.352189e-01 -1.000047e-02
9.372132e-01 -9.741373e-03
9.392075e-01 -9.481641e-03
9.412016e-01 -9.221331e-03
9.431957e-01 -8.960489e-03
9.451898e-01 -8.699029e-03
9.471837e-01 -8.436883e-03
9.491775e-01 -8.174144e-03
9.511713e-01 -7.910843e-03
9.531650e-01 -7.646872e-03
9.551586e-01 -7.382253e-03
9.571521e-01 -7.117079e-03
9.591456e-01 -6.851284e-03
9.611389e-01 -6.584834e-03
9.631322e-01 -6.317799e-03
9.651254e-01 -6.050140e-03
9.671185e-01 -5.781804e-03
9.691115e-01 -5.512807e-03
9.711045e-01 -5.243180e-03
9.730973e-01 -4.972966e-03
9.750901e-01 -4.702150e-03
9.770828e-01 -4.430592e-03
9.790754e-01 -4.158413e-03
9.810679e-01 -3.885637e-03
9.830603e-01 -3.612171e-03
9.850526e-01 -3.338061e-03
9.870448e-01 -3.063323e-03
9.890370e-01 -2.787904e-03
9.910290e-01 -2.511766e-03
9.930210e-01 -2.235063e-03
9.950128e-01 -1.957572e-03
9.970046e-01 -1.679486e-03
9.989963e-01 -1.400701e-03
1.000987e+00 -1.118773e-03
1.002978e+00 -8.284489e-04
1.004968e+00 -5.386147e-04
1.006959e+00 -2.591664e-04
1.008954e+00 0.000000e+00
