nodenumber     x-coordinate     y-coordinate     z-coordinate      mach-number         pressure 
         1  2.883190000E-01 -5.998690000E-02  0.000000000E+00  7.276456341E-02 -2.439537396E+02 
         2  3.294650000E-01 -5.982680000E-02  0.000000000E+00  7.030860571E-02 -2.275394311E+02 
         3  2.471780000E-01 -5.933890000E-02  0.000000000E+00  7.581127960E-02 -2.594597960E+02 
         4  3.706030000E-01 -5.898830000E-02  0.000000000E+00  6.821085394E-02 -2.107763717E+02 
         5  2.060650000E-01 -5.771190000E-02  0.000000000E+00  7.985114363E-02 -2.732064255E+02 
         6  4.117260000E-01 -5.757270000E-02  0.000000000E+00  6.630856486E-02 -1.939162040E+02 
         7  4.528280000E-01 -5.566140000E-02  0.000000000E+00  6.452736944E-02 -1.771629755E+02 
         8  1.650180000E-01 -5.486620000E-02  0.000000000E+00  8.518044171E-02 -2.823564411E+02 
         9  4.939080000E-01 -5.332060000E-02  0.000000000E+00  6.286490975E-02 -1.606247795E+02 
        10  5.349650000E-01 -5.060440000E-02  0.000000000E+00  6.134228325E-02 -1.442464173E+02 
        11  1.241140000E-01 -5.043730000E-02  0.000000000E+00  9.081080706E-02 -2.852634249E+02 
        12  5.759990000E-01 -4.755650000E-02  0.000000000E+00  5.993009168E-02 -1.280369083E+02 
        13  6.170090000E-01 -4.421250000E-02  0.000000000E+00  5.858013749E-02 -1.119523683E+02 
        14  8.351470000E-02 -4.379180000E-02  0.000000000E+00  9.550940168E-02 -2.780046371E+02 
        15  6.579970000E-01 -4.059990000E-02  0.000000000E+00  5.724593580E-02 -9.581987183E+01 
        16  5.488770000E-02 -3.697740000E-02  0.000000000E+00  9.934427986E-02 -2.544771891E+02 
        17  6.989630000E-01 -3.673990000E-02  0.000000000E+00  5.588829859E-02 -7.940731871E+01 
        18  7.399050000E-01 -3.264710000E-02  0.000000000E+00  5.446214172E-02 -6.240248861E+01 
        19  3.777470000E-02 -3.147510000E-02  0.000000000E+00  1.026527206E-01 -2.227711145E+02 
        20  7.808250000E-01 -2.833060000E-02  0.000000000E+00  5.290131337E-02 -4.437449253E+01 
        21  2.634450000E-02 -2.677890000E-02  0.000000000E+00  1.045548508E-01 -1.762572633E+02 
        22  8.217210000E-01 -2.379390000E-02  0.000000000E+00  5.115062767E-02 -2.458665510E+01 
        23  1.821900000E-02 -2.259850000E-02  0.000000000E+00  1.019127738E-01 -9.125424643E+01 
        24  1.318260000E-02 -1.942040000E-02  0.000000000E+00  9.556301856E-02  1.165979451E+01 
        25  8.625920000E-01 -1.903530000E-02  0.000000000E+00  4.907894453E-02 -2.169709185E+00 
        26  9.850590000E-03 -1.691540000E-02  0.000000000E+00  8.918074131E-02  1.074730511E+02 
        27  7.411530000E-03 -1.476420000E-02  0.000000000E+00  8.306460912E-02  1.962402676E+02 
        28  9.034350000E-01 -1.404860000E-02  0.000000000E+00  4.656472153E-02  2.254831590E+01 
        29  5.510960000E-03 -1.280140000E-02  0.000000000E+00  7.692037214E-02  2.764343013E+02 
        30  3.983540000E-03 -1.093890000E-02  0.000000000E+00  7.031360873E-02  3.512015598E+02 
        31  9.337850000E-01 -1.018640000E-02  0.000000000E+00  4.357660712E-02  4.865160055E+01 
        32  2.745270000E-03 -9.124550000E-03  0.000000000E+00  6.238514457E-02  4.258857580E+02 
        33  1.752850000E-03 -7.324960000E-03  0.000000000E+00  5.271434402E-02  5.058347830E+02 
        34  9.641170000E-01 -6.185660000E-03  0.000000000E+00  4.007727959E-02  7.781266020E+01 
        35  9.860190000E-04 -5.518970000E-03  0.000000000E+00  4.128482759E-02  5.851176257E+02 
        36  4.384000000E-04 -3.696570000E-03  0.000000000E+00  2.836375227E-02  6.507382438E+02 
        37  9.885790000E-01 -2.851310000E-03  0.000000000E+00  3.612567249E-02  1.093379382E+02 
        38  1.095110000E-04 -1.855900000E-03  0.000000000E+00  1.461183707E-02  6.949215469E+02 
        39  0.000000000E+00  0.000000000E+00  0.000000000E+00  7.613749310E-03  7.110668575E+02 
        40  1.008950000E+00  0.000000000E+00  0.000000000E+00  3.469600239E-02  1.350098221E+02 
        41  1.095110000E-04  1.855900000E-03  0.000000000E+00  1.461159883E-02  6.949222326E+02 
        42  9.885790000E-01  2.851310000E-03  0.000000000E+00  3.612571011E-02  1.093379430E+02 
        43  4.384000000E-04  3.696570000E-03  0.000000000E+00  2.836346062E-02  6.507395395E+02 
        44  9.860190000E-04  5.518970000E-03  0.000000000E+00  4.128454008E-02  5.851194054E+02 
        45  9.641170000E-01  6.185660000E-03  0.000000000E+00  4.007731067E-02  7.781269180E+01 
        46  1.752850000E-03  7.324960000E-03  0.000000000E+00  5.271407264E-02  5.058369335E+02 
        47  2.745270000E-03  9.124550000E-03  0.000000000E+00  6.238489395E-02  4.258880470E+02 
        48  9.337850000E-01  1.018640000E-02  0.000000000E+00  4.357663246E-02  4.865167373E+01 
        49  3.983540000E-03  1.093890000E-02  0.000000000E+00  7.031337696E-02  3.512039455E+02 
        50  5.510960000E-03  1.280140000E-02  0.000000000E+00  7.692015251E-02  2.764368993E+02 
        51  9.034350000E-01  1.404860000E-02  0.000000000E+00  4.656474216E-02  2.254843822E+01 
        52  7.411530000E-03  1.476420000E-02  0.000000000E+00  8.306439427E-02  1.962430791E+02 
        53  9.850590000E-03  1.691540000E-02  0.000000000E+00  8.918053378E-02  1.074760113E+02 
        54  8.625920000E-01  1.903530000E-02  0.000000000E+00  4.907896113E-02 -2.169536754E+00 
        55  1.318260000E-02  1.942040000E-02  0.000000000E+00  9.556281659E-02  1.166276949E+01 
        56  1.821900000E-02  2.259850000E-02  0.000000000E+00  1.019125842E-01 -9.125123665E+01 
        57  8.217210000E-01  2.379390000E-02  0.000000000E+00  5.115064110E-02 -2.458643501E+01 
        58  2.634450000E-02  2.677890000E-02  0.000000000E+00  1.045547149E-01 -1.762546382E+02 
        59  7.808250000E-01  2.833060000E-02  0.000000000E+00  5.290132411E-02 -4.437422763E+01 
        60  3.777470000E-02  3.147510000E-02  0.000000000E+00  1.026526340E-01 -2.227691151E+02 
        61  7.399050000E-01  3.264710000E-02  0.000000000E+00  5.446215021E-02 -6.240218393E+01 
        62  6.989630000E-01  3.673990000E-02  0.000000000E+00  5.588830523E-02 -7.940697666E+01 
        63  5.488770000E-02  3.697740000E-02  0.000000000E+00  9.934421025E-02 -2.544754014E+02 
        64  6.579970000E-01  4.059990000E-02  0.000000000E+00  5.724594083E-02 -9.581949437E+01 
        65  8.351470000E-02  4.379180000E-02  0.000000000E+00  9.550934838E-02 -2.780030537E+02 
        66  6.170090000E-01  4.421250000E-02  0.000000000E+00  5.858014125E-02 -1.119519566E+02 
        67  5.759990000E-01  4.755650000E-02  0.000000000E+00  5.993009457E-02 -1.280364624E+02 
        68  1.241140000E-01  5.043730000E-02  0.000000000E+00  9.081076769E-02 -2.852621188E+02 
        69  5.349650000E-01  5.060440000E-02  0.000000000E+00  6.134228545E-02 -1.442459357E+02 
        70  4.939080000E-01  5.332060000E-02  0.000000000E+00  6.286491135E-02 -1.606242598E+02 
        71  1.650180000E-01  5.486620000E-02  0.000000000E+00  8.518041565E-02 -2.823553311E+02 
        72  4.528280000E-01  5.566140000E-02  0.000000000E+00  6.452737020E-02 -1.771624147E+02 
        73  4.117260000E-01  5.757270000E-02  0.000000000E+00  6.630856422E-02 -1.939155974E+02 
        74  2.060650000E-01  5.771190000E-02  0.000000000E+00  7.985112582E-02 -2.732054601E+02 
        75  3.706030000E-01  5.898830000E-02  0.000000000E+00  6.821085134E-02 -2.107757136E+02 
        76  2.471780000E-01  5.933890000E-02  0.000000000E+00  7.581126555E-02 -2.594589272E+02 
        77  3.294650000E-01  5.982680000E-02  0.000000000E+00  7.030860019E-02 -2.275387142E+02 
        78  2.883190000E-01  5.998690000E-02  0.000000000E+00  7.276455377E-02 -2.439529542E+02 
        79  2.883190000E-01 -5.998690000E-02  1.666670000E-01  7.276456361E-02 -2.439537409E+02 
        80  3.294650000E-01 -5.982680000E-02  1.666670000E-01  7.030860560E-02 -2.275394303E+02 
        81  2.471780000E-01 -5.933890000E-02  1.666670000E-01  7.581128024E-02 -2.594597988E+02 
        82  3.706030000E-01 -5.898830000E-02  1.666670000E-01  6.821085408E-02 -2.107763729E+02 
        83  2.060650000E-01 -5.771190000E-02  1.666670000E-01  7.985114463E-02 -2.732064282E+02 
        84  4.117260000E-01 -5.757270000E-02  1.666670000E-01  6.630856512E-02 -1.939162065E+02 
        85  4.528280000E-01 -5.566140000E-02  1.666670000E-01  6.452736968E-02 -1.771629779E+02 
        86  1.650180000E-01 -5.486620000E-02  1.666670000E-01  8.518044424E-02 -2.823564435E+02 
        87  4.939080000E-01 -5.332060000E-02  1.666670000E-01  6.286490981E-02 -1.606247801E+02 
        88  5.349650000E-01 -5.060440000E-02  1.666670000E-01  6.134228336E-02 -1.442464185E+02 
        89  1.241140000E-01 -5.043730000E-02  1.666670000E-01  9.081080996E-02 -2.852634250E+02 
        90  5.759990000E-01 -4.755650000E-02  1.666670000E-01  5.993009178E-02 -1.280369094E+02 
        91  6.170090000E-01 -4.421250000E-02  1.666670000E-01  5.858013753E-02 -1.119523688E+02 
        92  8.351470000E-02 -4.379180000E-02  1.666670000E-01  9.550940482E-02 -2.780046259E+02 
        93  6.579970000E-01 -4.059990000E-02  1.666670000E-01  5.724593581E-02 -9.581987200E+01 
        94  5.488770000E-02 -3.697740000E-02  1.666670000E-01  9.934428271E-02 -2.544771634E+02 
        95  6.989630000E-01 -3.673990000E-02  1.666670000E-01  5.588829849E-02 -7.940731754E+01 
        96  7.399050000E-01 -3.264710000E-02  1.666670000E-01  5.446214176E-02 -6.240248901E+01 
        97  3.777470000E-02 -3.147510000E-02  1.666670000E-01  1.026527225E-01 -2.227710952E+02 
        98  7.808250000E-01 -2.833060000E-02  1.666670000E-01  5.290131327E-02 -4.437449133E+01 
        99  2.634450000E-02 -2.677890000E-02  1.666670000E-01  1.045548510E-01 -1.762572470E+02 
       100  8.217210000E-01 -2.379390000E-02  1.666670000E-01  5.115062739E-02 -2.458665203E+01 
       101  1.821900000E-02 -2.259850000E-02  1.666670000E-01  1.019127725E-01 -9.125422269E+01 
       102  1.318260000E-02 -1.942040000E-02  1.666670000E-01  9.556301366E-02  1.165986657E+01 
       103  8.625920000E-01 -1.903530000E-02  1.666670000E-01  4.907894452E-02 -2.169709099E+00 
       104  9.850590000E-03 -1.691540000E-02  1.666670000E-01  8.918073453E-02  1.074731550E+02 
       105  7.411530000E-03 -1.476420000E-02  1.666670000E-01  8.306460202E-02  1.962403647E+02 
       106  9.034350000E-01 -1.404860000E-02  1.666670000E-01  4.656472144E-02  2.254831673E+01 
       107  5.510960000E-03 -1.280140000E-02  1.666670000E-01  7.692036561E-02  2.764343825E+02 
       108  3.983540000E-03 -1.093890000E-02  1.666670000E-01  7.031360258E-02  3.512016235E+02 
       109  9.337850000E-01 -1.018640000E-02  1.666670000E-01  4.357660699E-02  4.865160166E+01 
       110  2.745270000E-03 -9.124550000E-03  1.666670000E-01  6.238513882E-02  4.258858078E+02 
       111  1.752850000E-03 -7.324960000E-03  1.666670000E-01  5.271433944E-02  5.058348193E+02 
       112  9.641170000E-01 -6.185660000E-03  1.666670000E-01  4.007727930E-02  7.781266256E+01 
       113  9.860190000E-04 -5.518970000E-03  1.666670000E-01  4.128482442E-02  5.851176451E+02 
       114  4.384000000E-04 -3.696570000E-03  1.666670000E-01  2.836375053E-02  6.507382510E+02 
       115  9.885790000E-01 -2.851310000E-03  1.666670000E-01  3.612567140E-02  1.093379464E+02 
       116  1.095110000E-04 -1.855900000E-03  1.666670000E-01  1.461183645E-02  6.949215483E+02 
       117  0.000000000E+00  0.000000000E+00  1.666670000E-01  7.613749310E-03  7.110668575E+02 
       118  1.008950000E+00  0.000000000E+00  1.666670000E-01  3.403472237E-02  1.252518779E+02 
       119  1.095110000E-04  1.855900000E-03  1.666670000E-01  1.461159821E-02  6.949222341E+02 
       120  9.885790000E-01  2.851310000E-03  1.666670000E-01  3.612570903E-02  1.093379512E+02 
       121  4.384000000E-04  3.696570000E-03  1.666670000E-01  2.836345889E-02  6.507395467E+02 
       122  9.860190000E-04  5.518970000E-03  1.666670000E-01  4.128453691E-02  5.851194247E+02 
       123  9.641170000E-01  6.185660000E-03  1.666670000E-01  4.007731039E-02  7.781269416E+01 
       124  1.752850000E-03  7.324960000E-03  1.666670000E-01  5.271406806E-02  5.058369697E+02 
       125  2.745270000E-03  9.124550000E-03  1.666670000E-01  6.238488820E-02  4.258880968E+02 
       126  9.337850000E-01  1.018640000E-02  1.666670000E-01  4.357663232E-02  4.865167484E+01 
       127  3.983540000E-03  1.093890000E-02  1.666670000E-01  7.031337081E-02  3.512040092E+02 
       128  5.510960000E-03  1.280140000E-02  1.666670000E-01  7.692014598E-02  2.764369805E+02 
       129  9.034350000E-01  1.404860000E-02  1.666670000E-01  4.656474207E-02  2.254843905E+01 
       130  7.411530000E-03  1.476420000E-02  1.666670000E-01  8.306438718E-02  1.962431763E+02 
       131  9.850590000E-03  1.691540000E-02  1.666670000E-01  8.918052701E-02  1.074761152E+02 
       132  8.625920000E-01  1.903530000E-02  1.666670000E-01  4.907896112E-02 -2.169536665E+00 
       133  1.318260000E-02  1.942040000E-02  1.666670000E-01  9.556281169E-02  1.166284155E+01 
       134  1.821900000E-02  2.259850000E-02  1.666670000E-01  1.019125829E-01 -9.125121292E+01 
       135  8.217210000E-01  2.379390000E-02  1.666670000E-01  5.115064082E-02 -2.458643193E+01 
       136  2.634450000E-02  2.677890000E-02  1.666670000E-01  1.045547151E-01 -1.762546218E+02 
       137  7.808250000E-01  2.833060000E-02  1.666670000E-01  5.290132400E-02 -4.437422644E+01 
       138  3.777470000E-02  3.147510000E-02  1.666670000E-01  1.026526359E-01 -2.227690959E+02 
       139  7.399050000E-01  3.264710000E-02  1.666670000E-01  5.446215024E-02 -6.240218433E+01 
       140  6.989630000E-01  3.673990000E-02  1.666670000E-01  5.588830514E-02 -7.940697549E+01 
       141  5.488770000E-02  3.697740000E-02  1.666670000E-01  9.934421309E-02 -2.544753757E+02 
       142  6.579970000E-01  4.059990000E-02  1.666670000E-01  5.724594084E-02 -9.581949455E+01 
       143  8.351470000E-02  4.379180000E-02  1.666670000E-01  9.550935152E-02 -2.780030426E+02 
       144  6.170090000E-01  4.421250000E-02  1.666670000E-01  5.858014129E-02 -1.119519571E+02 
       145  5.759990000E-01  4.755650000E-02  1.666670000E-01  5.993009466E-02 -1.280364636E+02 
       146  1.241140000E-01  5.043730000E-02  1.666670000E-01  9.081077058E-02 -2.852621189E+02 
       147  5.349650000E-01  5.060440000E-02  1.666670000E-01  6.134228556E-02 -1.442459369E+02 
       148  4.939080000E-01  5.332060000E-02  1.666670000E-01  6.286491141E-02 -1.606242604E+02 
       149  1.650180000E-01  5.486620000E-02  1.666670000E-01  8.518041819E-02 -2.823553335E+02 
       150  4.528280000E-01  5.566140000E-02  1.666670000E-01  6.452737044E-02 -1.771624170E+02 
       151  4.117260000E-01  5.757270000E-02  1.666670000E-01  6.630856448E-02 -1.939155999E+02 
       152  2.060650000E-01  5.771190000E-02  1.666670000E-01  7.985112682E-02 -2.732054628E+02 
       153  3.706030000E-01  5.898830000E-02  1.666670000E-01  6.821085148E-02 -2.107757148E+02 
       154  2.471780000E-01  5.933890000E-02  1.666670000E-01  7.581126620E-02 -2.594589300E+02 
       155  3.294650000E-01  5.982680000E-02  1.666670000E-01  7.030860009E-02 -2.275387134E+02 
       156  2.883190000E-01  5.998690000E-02  1.666670000E-01  7.276455398E-02 -2.439529554E+02 
       157  2.883190000E-01 -5.998690000E-02  3.333330000E-01  7.276456361E-02 -2.439537409E+02 
       158  3.294650000E-01 -5.982680000E-02  3.333330000E-01  7.030860560E-02 -2.275394303E+02 
       159  2.471780000E-01 -5.933890000E-02  3.333330000E-01  7.581128024E-02 -2.594597988E+02 
       160  3.706030000E-01 -5.898830000E-02  3.333330000E-01  6.821085408E-02 -2.107763729E+02 
       161  2.060650000E-01 -5.771190000E-02  3.333330000E-01  7.985114463E-02 -2.732064282E+02 
       162  4.117260000E-01 -5.757270000E-02  3.333330000E-01  6.630856512E-02 -1.939162065E+02 
       163  4.528280000E-01 -5.566140000E-02  3.333330000E-01  6.452736968E-02 -1.771629779E+02 
       164  1.650180000E-01 -5.486620000E-02  3.333330000E-01  8.518044424E-02 -2.823564435E+02 
       165  4.939080000E-01 -5.332060000E-02  3.333330000E-01  6.286490981E-02 -1.606247801E+02 
       166  5.349650000E-01 -5.060440000E-02  3.333330000E-01  6.134228336E-02 -1.442464185E+02 
       167  1.241140000E-01 -5.043730000E-02  3.333330000E-01  9.081080996E-02 -2.852634250E+02 
       168  5.759990000E-01 -4.755650000E-02  3.333330000E-01  5.993009178E-02 -1.280369094E+02 
       169  6.170090000E-01 -4.421250000E-02  3.333330000E-01  5.858013753E-02 -1.119523688E+02 
       170  8.351470000E-02 -4.379180000E-02  3.333330000E-01  9.550940482E-02 -2.780046259E+02 
       171  6.579970000E-01 -4.059990000E-02  3.333330000E-01  5.724593581E-02 -9.581987200E+01 
       172  5.488770000E-02 -3.697740000E-02  3.333330000E-01  9.934428271E-02 -2.544771634E+02 
       173  6.989630000E-01 -3.673990000E-02  3.333330000E-01  5.588829849E-02 -7.940731754E+01 
       174  7.399050000E-01 -3.264710000E-02  3.333330000E-01  5.446214176E-02 -6.240248901E+01 
       175  3.777470000E-02 -3.147510000E-02  3.333330000E-01  1.026527225E-01 -2.227710952E+02 
       176  7.808250000E-01 -2.833060000E-02  3.333330000E-01  5.290131327E-02 -4.437449134E+01 
       177  2.634450000E-02 -2.677890000E-02  3.333330000E-01  1.045548510E-01 -1.762572470E+02 
       178  8.217210000E-01 -2.379390000E-02  3.333330000E-01  5.115062739E-02 -2.458665203E+01 
       179  1.821900000E-02 -2.259850000E-02  3.333330000E-01  1.019127725E-01 -9.125422269E+01 
       180  1.318260000E-02 -1.942040000E-02  3.333330000E-01  9.556301366E-02  1.165986658E+01 
       181  8.625920000E-01 -1.903530000E-02  3.333330000E-01  4.907894452E-02 -2.169709102E+00 
       182  9.850590000E-03 -1.691540000E-02  3.333330000E-01  8.918073453E-02  1.074731550E+02 
       183  7.411530000E-03 -1.476420000E-02  3.333330000E-01  8.306460202E-02  1.962403647E+02 
       184  9.034350000E-01 -1.404860000E-02  3.333330000E-01  4.656472144E-02  2.254831672E+01 
       185  5.510960000E-03 -1.280140000E-02  3.333330000E-01  7.692036561E-02  2.764343825E+02 
       186  3.983540000E-03 -1.093890000E-02  3.333330000E-01  7.031360258E-02  3.512016235E+02 
       187  9.337850000E-01 -1.018640000E-02  3.333330000E-01  4.357660699E-02  4.865160166E+01 
       188  2.745270000E-03 -9.124550000E-03  3.333330000E-01  6.238513882E-02  4.258858078E+02 
       189  1.752850000E-03 -7.324960000E-03  3.333330000E-01  5.271433944E-02  5.058348193E+02 
       190  9.641170000E-01 -6.185660000E-03  3.333330000E-01  4.007727930E-02  7.781266256E+01 
       191  9.860190000E-04 -5.518970000E-03  3.333330000E-01  4.128482442E-02  5.851176451E+02 
       192  4.384000000E-04 -3.696570000E-03  3.333330000E-01  2.836375053E-02  6.507382510E+02 
       193  9.885790000E-01 -2.851310000E-03  3.333330000E-01  3.612567140E-02  1.093379464E+02 
       194  1.095110000E-04 -1.855900000E-03  3.333330000E-01  1.461183645E-02  6.949215483E+02 
       195  0.000000000E+00  0.000000000E+00  3.333330000E-01  7.613749310E-03  7.110668575E+02 
       196  1.008950000E+00  0.000000000E+00  3.333330000E-01  3.403472237E-02  1.252518779E+02 
       197  1.095110000E-04  1.855900000E-03  3.333330000E-01  1.461159821E-02  6.949222341E+02 
       198  9.885790000E-01  2.851310000E-03  3.333330000E-01  3.612570903E-02  1.093379512E+02 
       199  4.384000000E-04  3.696570000E-03  3.333330000E-01  2.836345889E-02  6.507395467E+02 
       200  9.860190000E-04  5.518970000E-03  3.333330000E-01  4.128453691E-02  5.851194247E+02 
       201  9.641170000E-01  6.185660000E-03  3.333330000E-01  4.007731039E-02  7.781269416E+01 
       202  1.752850000E-03  7.324960000E-03  3.333330000E-01  5.271406806E-02  5.058369698E+02 
       203  2.745270000E-03  9.124550000E-03  3.333330000E-01  6.238488820E-02  4.258880968E+02 
       204  9.337850000E-01  1.018640000E-02  3.333330000E-01  4.357663232E-02  4.865167483E+01 
       205  3.983540000E-03  1.093890000E-02  3.333330000E-01  7.031337081E-02  3.512040092E+02 
       206  5.510960000E-03  1.280140000E-02  3.333330000E-01  7.692014598E-02  2.764369805E+02 
       207  9.034350000E-01  1.404860000E-02  3.333330000E-01  4.656474207E-02  2.254843905E+01 
       208  7.411530000E-03  1.476420000E-02  3.333330000E-01  8.306438718E-02  1.962431763E+02 
       209  9.850590000E-03  1.691540000E-02  3.333330000E-01  8.918052701E-02  1.074761152E+02 
       210  8.625920000E-01  1.903530000E-02  3.333330000E-01  4.907896112E-02 -2.169536669E+00 
       211  1.318260000E-02  1.942040000E-02  3.333330000E-01  9.556281169E-02  1.166284156E+01 
       212  1.821900000E-02  2.259850000E-02  3.333330000E-01  1.019125829E-01 -9.125121291E+01 
       213  8.217210000E-01  2.379390000E-02  3.333330000E-01  5.115064082E-02 -2.458643194E+01 
       214  2.634450000E-02  2.677890000E-02  3.333330000E-01  1.045547151E-01 -1.762546218E+02 
       215  7.808250000E-01  2.833060000E-02  3.333330000E-01  5.290132400E-02 -4.437422644E+01 
       216  3.777470000E-02  3.147510000E-02  3.333330000E-01  1.026526359E-01 -2.227690959E+02 
       217  7.399050000E-01  3.264710000E-02  3.333330000E-01  5.446215024E-02 -6.240218434E+01 
       218  6.989630000E-01  3.673990000E-02  3.333330000E-01  5.588830514E-02 -7.940697550E+01 
       219  5.488770000E-02  3.697740000E-02  3.333330000E-01  9.934421309E-02 -2.544753757E+02 
       220  6.579970000E-01  4.059990000E-02  3.333330000E-01  5.724594084E-02 -9.581949455E+01 
       221  8.351470000E-02  4.379180000E-02  3.333330000E-01  9.550935152E-02 -2.780030426E+02 
       222  6.170090000E-01  4.421250000E-02  3.333330000E-01  5.858014129E-02 -1.119519571E+02 
       223  5.759990000E-01  4.755650000E-02  3.333330000E-01  5.993009466E-02 -1.280364636E+02 
       224  1.241140000E-01  5.043730000E-02  3.333330000E-01  9.081077058E-02 -2.852621189E+02 
       225  5.349650000E-01  5.060440000E-02  3.333330000E-01  6.134228556E-02 -1.442459369E+02 
       226  4.939080000E-01  5.332060000E-02  3.333330000E-01  6.286491141E-02 -1.606242604E+02 
       227  1.650180000E-01  5.486620000E-02  3.333330000E-01  8.518041819E-02 -2.823553335E+02 
       228  4.528280000E-01  5.566140000E-02  3.333330000E-01  6.452737044E-02 -1.771624170E+02 
       229  4.117260000E-01  5.757270000E-02  3.333330000E-01  6.630856448E-02 -1.939155999E+02 
       230  2.060650000E-01  5.771190000E-02  3.333330000E-01  7.985112682E-02 -2.732054628E+02 
       231  3.706030000E-01  5.898830000E-02  3.333330000E-01  6.821085148E-02 -2.107757148E+02 
       232  2.471780000E-01  5.933890000E-02  3.333330000E-01  7.581126620E-02 -2.594589300E+02 
       233  3.294650000E-01  5.982680000E-02  3.333330000E-01  7.030860009E-02 -2.275387134E+02 
       234  2.883190000E-01  5.998690000E-02  3.333330000E-01  7.276455398E-02 -2.439529554E+02 
       235  2.883190000E-01 -5.998690000E-02  5.000000000E-01  7.276456341E-02 -2.439537396E+02 
       236  3.294650000E-01 -5.982680000E-02  5.000000000E-01  7.030860571E-02 -2.275394311E+02 
       237  2.471780000E-01 -5.933890000E-02  5.000000000E-01  7.581127960E-02 -2.594597960E+02 
       238  3.706030000E-01 -5.898830000E-02  5.000000000E-01  6.821085394E-02 -2.107763717E+02 
       239  2.060650000E-01 -5.771190000E-02  5.000000000E-01  7.985114363E-02 -2.732064255E+02 
       240  4.117260000E-01 -5.757270000E-02  5.000000000E-01  6.630856486E-02 -1.939162040E+02 
       241  4.528280000E-01 -5.566140000E-02  5.000000000E-01  6.452736944E-02 -1.771629755E+02 
       242  1.650180000E-01 -5.486620000E-02  5.000000000E-01  8.518044171E-02 -2.823564411E+02 
       243  4.939080000E-01 -5.332060000E-02  5.000000000E-01  6.286490975E-02 -1.606247795E+02 
       244  5.349650000E-01 -5.060440000E-02  5.000000000E-01  6.134228325E-02 -1.442464173E+02 
       245  1.241140000E-01 -5.043730000E-02  5.000000000E-01  9.081080706E-02 -2.852634249E+02 
       246  5.759990000E-01 -4.755650000E-02  5.000000000E-01  5.993009168E-02 -1.280369083E+02 
       247  6.170090000E-01 -4.421250000E-02  5.000000000E-01  5.858013749E-02 -1.119523683E+02 
       248  8.351470000E-02 -4.379180000E-02  5.000000000E-01  9.550940168E-02 -2.780046371E+02 
       249  6.579970000E-01 -4.059990000E-02  5.000000000E-01  5.724593580E-02 -9.581987183E+01 
       250  5.488770000E-02 -3.697740000E-02  5.000000000E-01  9.934427986E-02 -2.544771891E+02 
       251  6.989630000E-01 -3.673990000E-02  5.000000000E-01  5.588829859E-02 -7.940731871E+01 
       252  7.399050000E-01 -3.264710000E-02  5.000000000E-01  5.446214172E-02 -6.240248861E+01 
       253  3.777470000E-02 -3.147510000E-02  5.000000000E-01  1.026527206E-01 -2.227711145E+02 
       254  7.808250000E-01 -2.833060000E-02  5.000000000E-01  5.290131337E-02 -4.437449253E+01 
       255  2.634450000E-02 -2.677890000E-02  5.000000000E-01  1.045548508E-01 -1.762572633E+02 
       256  8.217210000E-01 -2.379390000E-02  5.000000000E-01  5.115062767E-02 -2.458665510E+01 
       257  1.821900000E-02 -2.259850000E-02  5.000000000E-01  1.019127738E-01 -9.125424642E+01 
       258  1.318260000E-02 -1.942040000E-02  5.000000000E-01  9.556301855E-02  1.165979452E+01 
       259  8.625920000E-01 -1.903530000E-02  5.000000000E-01  4.907894453E-02 -2.169709191E+00 
       260  9.850590000E-03 -1.691540000E-02  5.000000000E-01  8.918074131E-02  1.074730511E+02 
       261  7.411530000E-03 -1.476420000E-02  5.000000000E-01  8.306460912E-02  1.962402676E+02 
       262  9.034350000E-01 -1.404860000E-02  5.000000000E-01  4.656472153E-02  2.254831589E+01 
       263  5.510960000E-03 -1.280140000E-02  5.000000000E-01  7.692037214E-02  2.764343013E+02 
       264  3.983540000E-03 -1.093890000E-02  5.000000000E-01  7.031360873E-02  3.512015598E+02 
       265  9.337850000E-01 -1.018640000E-02  5.000000000E-01  4.357660712E-02  4.865160055E+01 
       266  2.745270000E-03 -9.124550000E-03  5.000000000E-01  6.238514457E-02  4.258857580E+02 
       267  1.752850000E-03 -7.324960000E-03  5.000000000E-01  5.271434402E-02  5.058347830E+02 
       268  9.641170000E-01 -6.185660000E-03  5.000000000E-01  4.007727959E-02  7.781266019E+01 
       269  9.860190000E-04 -5.518970000E-03  5.000000000E-01  4.128482759E-02  5.851176257E+02 
       270  4.384000000E-04 -3.696570000E-03  5.000000000E-01  2.836375227E-02  6.507382438E+02 
       271  9.885790000E-01 -2.851310000E-03  5.000000000E-01  3.612567249E-02  1.093379381E+02 
       272  1.095110000E-04 -1.855900000E-03  5.000000000E-01  1.461183707E-02  6.949215469E+02 
       273  0.000000000E+00  0.000000000E+00  5.000000000E-01  7.613749310E-03  7.110668575E+02 
       274  1.008950000E+00  0.000000000E+00  5.000000000E-01  3.469600239E-02  1.350098221E+02 
       275  1.095110000E-04  1.855900000E-03  5.000000000E-01  1.461159883E-02  6.949222327E+02 
       276  9.885790000E-01  2.851310000E-03  5.000000000E-01  3.612571011E-02  1.093379430E+02 
       277  4.384000000E-04  3.696570000E-03  5.000000000E-01  2.836346062E-02  6.507395395E+02 
       278  9.860190000E-04  5.518970000E-03  5.000000000E-01  4.128454008E-02  5.851194054E+02 
       279  9.641170000E-01  6.185660000E-03  5.000000000E-01  4.007731067E-02  7.781269179E+01 
       280  1.752850000E-03  7.324960000E-03  5.000000000E-01  5.271407264E-02  5.058369335E+02 
       281  2.745270000E-03  9.124550000E-03  5.000000000E-01  6.238489395E-02  4.258880470E+02 
       282  9.337850000E-01  1.018640000E-02  5.000000000E-01  4.357663246E-02  4.865167372E+01 
       283  3.983540000E-03  1.093890000E-02  5.000000000E-01  7.031337696E-02  3.512039455E+02 
       284  5.510960000E-03  1.280140000E-02  5.000000000E-01  7.692015251E-02  2.764368993E+02 
       285  9.034350000E-01  1.404860000E-02  5.000000000E-01  4.656474216E-02  2.254843821E+01 
       286  7.411530000E-03  1.476420000E-02  5.000000000E-01  8.306439427E-02  1.962430792E+02 
       287  9.850590000E-03  1.691540000E-02  5.000000000E-01  8.918053378E-02  1.074760113E+02 
       288  8.625920000E-01  1.903530000E-02  5.000000000E-01  4.907896113E-02 -2.169536763E+00 
       289  1.318260000E-02  1.942040000E-02  5.000000000E-01  9.556281659E-02  1.166276951E+01 
       290  1.821900000E-02  2.259850000E-02  5.000000000E-01  1.019125842E-01 -9.125123664E+01 
       291  8.217210000E-01  2.379390000E-02  5.000000000E-01  5.115064110E-02 -2.458643502E+01 
       292  2.634450000E-02  2.677890000E-02  5.000000000E-01  1.045547149E-01 -1.762546381E+02 
       293  7.808250000E-01  2.833060000E-02  5.000000000E-01  5.290132411E-02 -4.437422764E+01 
       294  3.777470000E-02  3.147510000E-02  5.000000000E-01  1.026526340E-01 -2.227691151E+02 
       295  7.399050000E-01  3.264710000E-02  5.000000000E-01  5.446215021E-02 -6.240218395E+01 
       296  6.989630000E-01  3.673990000E-02  5.000000000E-01  5.588830523E-02 -7.940697668E+01 
       297  5.488770000E-02  3.697740000E-02  5.000000000E-01  9.934421025E-02 -2.544754014E+02 
       298  6.579970000E-01  4.059990000E-02  5.000000000E-01  5.724594083E-02 -9.581949439E+01 
       299  8.351470000E-02  4.379180000E-02  5.000000000E-01  9.550934838E-02 -2.780030537E+02 
       300  6.170090000E-01  4.421250000E-02  5.000000000E-01  5.858014125E-02 -1.119519566E+02 
       301  5.759990000E-01  4.755650000E-02  5.000000000E-01  5.993009457E-02 -1.280364624E+02 
       302  1.241140000E-01  5.043730000E-02  5.000000000E-01  9.081076769E-02 -2.852621188E+02 
       303  5.349650000E-01  5.060440000E-02  5.000000000E-01  6.134228545E-02 -1.442459357E+02 
       304  4.939080000E-01  5.332060000E-02  5.000000000E-01  6.286491135E-02 -1.606242598E+02 
       305  1.650180000E-01  5.486620000E-02  5.000000000E-01  8.518041565E-02 -2.823553311E+02 
       306  4.528280000E-01  5.566140000E-02  5.000000000E-01  6.452737020E-02 -1.771624147E+02 
       307  4.117260000E-01  5.757270000E-02  5.000000000E-01  6.630856422E-02 -1.939155974E+02 
       308  2.060650000E-01  5.771190000E-02  5.000000000E-01  7.985112582E-02 -2.732054601E+02 
       309  3.706030000E-01  5.898830000E-02  5.000000000E-01  6.821085134E-02 -2.107757136E+02 
       310  2.471780000E-01  5.933890000E-02  5.000000000E-01  7.581126555E-02 -2.594589271E+02 
       311  3.294650000E-01  5.982680000E-02  5.000000000E-01  7.030860020E-02 -2.275387142E+02 
       312  2.883190000E-01  5.998690000E-02  5.000000000E-01  7.276455377E-02 -2.439529541E+02 
