nodenumber     x-coordinate     y-coordinate     z-coordinate      mach-number         pressure 
         1  2.883190000E-01 -5.998690000E-02  0.000000000E+00  5.145984711E-02  5.365406040E+02 
         2  3.294650000E-01 -5.982680000E-02  0.000000000E+00  5.648750633E-02  4.986797387E+02 
         3  2.471780000E-01 -5.933890000E-02  0.000000000E+00  4.515517242E-02  5.787986333E+02 
         4  3.706030000E-01 -5.898830000E-02  0.000000000E+00  6.062638079E-02  4.648692950E+02 
         5  2.060650000E-01 -5.771190000E-02  0.000000000E+00  3.693881199E-02  6.248502189E+02 
         6  4.117260000E-01 -5.757270000E-02  0.000000000E+00  6.411993724E-02  4.346064389E+02 
         7  4.528280000E-01 -5.566140000E-02  0.000000000E+00  6.713251270E-02  4.073610398E+02 
         8  1.650180000E-01 -5.486620000E-02  0.000000000E+00  2.560676744E-02  6.722658621E+02 
         9  4.939080000E-01 -5.332060000E-02  0.000000000E+00  6.977950460E-02  3.826446066E+02 
        10  5.349650000E-01 -5.060440000E-02  0.000000000E+00  7.214539036E-02  3.600282975E+02 
        11  1.241140000E-01 -5.043730000E-02  0.000000000E+00  9.715684809E-03  7.083660460E+02 
        12  5.759990000E-01 -4.755650000E-02  0.000000000E+00  7.429194086E-02  3.391481745E+02 
        13  6.170090000E-01 -4.421250000E-02  0.000000000E+00  7.626556525E-02  3.196942909E+02 
        14  8.351470000E-02 -4.379180000E-02  0.000000000E+00  1.317166216E-02  6.937951076E+02 
        15  6.579970000E-01 -4.059990000E-02  0.000000000E+00  7.809994092E-02  3.014071941E+02 
        16  5.488770000E-02 -3.697740000E-02  0.000000000E+00  4.170238430E-02  5.716745120E+02 
        17  6.989630000E-01 -3.673990000E-02  0.000000000E+00  7.982146176E-02  2.840754983E+02 
        18  7.399050000E-01 -3.264710000E-02  0.000000000E+00  8.144823980E-02  2.675392619E+02 
        19  3.777470000E-02 -3.147510000E-02  0.000000000E+00  7.378913248E-02  3.073644796E+02 
        20  7.808250000E-01 -2.833060000E-02  0.000000000E+00  8.298720967E-02  2.516780255E+02 
        21  2.634450000E-02 -2.677890000E-02  0.000000000E+00  1.076891862E-01 -1.281208160E+02 
        22  8.217210000E-01 -2.379390000E-02  0.000000000E+00  8.444268780E-02  2.364245052E+02 
        23  1.821900000E-02 -2.259850000E-02  0.000000000E+00  1.435295128E-01 -7.560724991E+02 
        24  1.318260000E-02 -1.942040000E-02  0.000000000E+00  1.782022634E-01 -1.529399457E+03 
        25  8.625920000E-01 -1.903530000E-02  0.000000000E+00  8.581155745E-02  2.217960286E+02 
        26  9.850590000E-03 -1.691540000E-02  0.000000000E+00  2.101077428E-01 -2.385722529E+03 
        27  7.411530000E-03 -1.476420000E-02  0.000000000E+00  2.404181148E-01 -3.320609463E+03 
        28  9.034350000E-01 -1.404860000E-02  0.000000000E+00  8.701677382E-02  2.085865556E+02 
        29  5.510960000E-03 -1.280140000E-02  0.000000000E+00  2.702315969E-01 -4.354191059E+03 
        30  3.983540000E-03 -1.093890000E-02  0.000000000E+00  3.000473889E-01 -5.500375927E+03 
        31  9.337850000E-01 -1.018640000E-02  0.000000000E+00  8.796377855E-02  1.979270038E+02 
        32  2.745270000E-03 -9.124550000E-03  0.000000000E+00  3.300248254E-01 -6.753137757E+03 
        33  1.752850000E-03 -7.324960000E-03  0.000000000E+00  3.599235771E-01 -8.093751991E+03 
        34  9.641170000E-01 -6.185660000E-03  0.000000000E+00  8.865073863E-02  1.894437857E+02 
        35  9.860190000E-04 -5.518970000E-03  0.000000000E+00  3.889676358E-01 -9.485163925E+03 
        36  4.384000000E-04 -3.696570000E-03  0.000000000E+00  4.159094238E-01 -1.085494513E+04 
        37  9.885790000E-01 -2.851310000E-03  0.000000000E+00  8.893476618E-02  1.830467141E+02 
        38  1.095110000E-04 -1.855900000E-03  0.000000000E+00  4.393653920E-01 -1.210475490E+04 
        39  0.000000000E+00  0.000000000E+00  0.000000000E+00  4.581564014E-01 -1.315372682E+04 
        40  1.008950000E+00  0.000000000E+00  0.000000000E+00  6.473588497E-02  1.535235840E+02 
        41  1.095110000E-04  1.855900000E-03  0.000000000E+00  4.715162910E-01 -1.393962687E+04 
        42  9.885790000E-01  2.851310000E-03  0.000000000E+00  1.850693186E-02  9.766623446E+01 
        43  4.384000000E-04  3.696570000E-03  0.000000000E+00  4.786698343E-01 -1.439157410E+04 
        44  9.860190000E-04  5.518970000E-03  0.000000000E+00  4.792329396E-01 -1.447079609E+04 
        45  9.641170000E-01  6.185660000E-03  0.000000000E+00  1.575491943E-02  7.501847390E+01 
        46  1.752850000E-03  7.324960000E-03  0.000000000E+00  4.738667064E-01 -1.420156403E+04 
        47  2.745270000E-03  9.124550000E-03  0.000000000E+00  4.637215854E-01 -1.365997041E+04 
        48  9.337850000E-01  1.018640000E-02  0.000000000E+00  1.927563448E-02  4.485612280E+01 
        49  3.983540000E-03  1.093890000E-02  0.000000000E+00  4.499242942E-01 -1.292774696E+04 
        50  5.510960000E-03  1.280140000E-02  0.000000000E+00  4.333657680E-01 -1.206499709E+04 
        51  9.034350000E-01  1.404860000E-02  0.000000000E+00  2.318900992E-02  2.482227679E+00 
        52  7.411530000E-03  1.476420000E-02  0.000000000E+00  4.145332940E-01 -1.111529259E+04 
        53  9.850590000E-03  1.691540000E-02  0.000000000E+00  3.934193917E-01 -1.009308742E+04 
        54  8.625920000E-01  1.903530000E-02  0.000000000E+00  2.799366855E-02 -5.136259633E+01 
        55  1.318260000E-02  1.942040000E-02  0.000000000E+00  3.693352607E-01 -8.989027266E+03 
        56  1.821900000E-02  2.259850000E-02  0.000000000E+00  3.414118844E-01 -7.764559432E+03 
        57  8.217210000E-01  2.379390000E-02  0.000000000E+00  3.327527253E-02 -1.093780728E+02 
        58  2.634450000E-02  2.677890000E-02  0.000000000E+00  3.106661724E-01 -6.475507680E+03 
        59  7.808250000E-01  2.833060000E-02  0.000000000E+00  3.847962562E-02 -1.673545439E+02 
        60  3.777470000E-02  3.147510000E-02  0.000000000E+00  2.796158353E-01 -5.276117789E+03 
        61  7.399050000E-01  3.264710000E-02  0.000000000E+00  4.367168456E-02 -2.252610363E+02 
        62  6.989630000E-01  3.673990000E-02  0.000000000E+00  4.900809193E-02 -2.840862827E+02 
        63  5.488770000E-02  3.697740000E-02  0.000000000E+00  2.488071612E-01 -4.204191738E+03 
        64  6.579970000E-01  4.059990000E-02  0.000000000E+00  5.459356662E-02 -3.449702515E+02 
        65  8.351470000E-02  4.379180000E-02  0.000000000E+00  2.183149313E-01 -3.247632626E+03 
        66  6.170090000E-01  4.421250000E-02  0.000000000E+00  6.051018701E-02 -4.089103380E+02 
        67  5.759990000E-01  4.755650000E-02  0.000000000E+00  6.682096837E-02 -4.771180585E+02 
        68  1.241140000E-01  5.043730000E-02  0.000000000E+00  1.911069606E-01 -2.491750035E+03 
        69  5.349650000E-01  5.060440000E-02  0.000000000E+00  7.357429657E-02 -5.508376133E+02 
        70  4.939080000E-01  5.332060000E-02  0.000000000E+00  8.081289009E-02 -6.315004530E+02 
        71  1.650180000E-01  5.486620000E-02  0.000000000E+00  1.698830245E-01 -1.992502918E+03 
        72  4.528280000E-01  5.566140000E-02  0.000000000E+00  8.860042666E-02 -7.209412375E+02 
        73  4.117260000E-01  5.757270000E-02  0.000000000E+00  9.703158452E-02 -8.214216977E+02 
        74  2.060650000E-01  5.771190000E-02  0.000000000E+00  1.533142120E-01 -1.662943523E+03 
        75  3.706030000E-01  5.898830000E-02  0.000000000E+00  1.061955450E-01 -9.359928667E+02 
        76  2.471780000E-01  5.933890000E-02  0.000000000E+00  1.393802293E-01 -1.418870707E+03 
        77  3.294650000E-01  5.982680000E-02  0.000000000E+00  1.162011725E-01 -1.068942994E+03 
        78  2.883190000E-01  5.998690000E-02  0.000000000E+00  1.271710155E-01 -1.226609428E+03 
        79  2.883190000E-01 -5.998690000E-02  1.666670000E-01  5.145983845E-02  5.365406507E+02 
        80  3.294650000E-01 -5.982680000E-02  1.666670000E-01  5.648749633E-02  4.986797879E+02 
        81  2.471780000E-01 -5.933890000E-02  1.666670000E-01  4.515516440E-02  5.787986763E+02 
        82  3.706030000E-01 -5.898830000E-02  1.666670000E-01  6.062636755E-02  4.648693548E+02 
        83  2.060650000E-01 -5.771190000E-02  1.666670000E-01  3.693880470E-02  6.248502528E+02 
        84  4.117260000E-01 -5.757270000E-02  1.666670000E-01  6.411991966E-02  4.346065115E+02 
        85  4.528280000E-01 -5.566140000E-02  1.666670000E-01  6.713248867E-02  4.073611366E+02 
        86  1.650180000E-01 -5.486620000E-02  1.666670000E-01  2.560675772E-02  6.722658951E+02 
        87  4.939080000E-01 -5.332060000E-02  1.666670000E-01  6.977947048E-02  3.826447556E+02 
        88  5.349650000E-01 -5.060440000E-02  1.666670000E-01  7.214533958E-02  3.600285551E+02 
        89  1.241140000E-01 -5.043730000E-02  1.666670000E-01  9.715672165E-03  7.083660628E+02 
        90  5.759990000E-01 -4.755650000E-02  1.666670000E-01  7.429186409E-02  3.391486198E+02 
        91  6.170090000E-01 -4.421250000E-02  1.666670000E-01  7.626544901E-02  3.196950289E+02 
        92  8.351470000E-02 -4.379180000E-02  1.666670000E-01  1.317168263E-02  6.937950590E+02 
        93  6.579970000E-01 -4.059990000E-02  1.666670000E-01  7.809976681E-02  3.014083511E+02 
        94  5.488770000E-02 -3.697740000E-02  1.666670000E-01  4.170241368E-02  5.716743401E+02 
        95  6.989630000E-01 -3.673990000E-02  1.666670000E-01  7.982120547E-02  2.840772074E+02 
        96  7.399050000E-01 -3.264710000E-02  1.666670000E-01  8.144786936E-02  2.675416639E+02 
        97  3.777470000E-02 -3.147510000E-02  1.666670000E-01  7.378915776E-02  3.073642238E+02 
        98  7.808250000E-01 -2.833060000E-02  1.666670000E-01  8.298668471E-02  2.516812819E+02 
        99  2.634450000E-02 -2.677890000E-02  1.666670000E-01  1.076892021E-01 -1.281210429E+02 
       100  8.217210000E-01 -2.379390000E-02  1.666670000E-01  8.444195171E-02  2.364288942E+02 
       101  1.821900000E-02 -2.259850000E-02  1.666670000E-01  1.435295290E-01 -7.560728039E+02 
       102  1.318260000E-02 -1.942040000E-02  1.666670000E-01  1.782022976E-01 -1.529400283E+03 
       103  8.625920000E-01 -1.903530000E-02  1.666670000E-01  8.581052404E-02  2.218020879E+02 
       104  9.850590000E-03 -1.691540000E-02  1.666670000E-01  2.101077884E-01 -2.385723819E+03 
       105  7.411530000E-03 -1.476420000E-02  1.666670000E-01  2.404181629E-01 -3.320611001E+03 
       106  9.034350000E-01 -1.404860000E-02  1.666670000E-01  8.701535410E-02  2.085950399E+02 
       107  5.510960000E-03 -1.280140000E-02  1.666670000E-01  2.702316437E-01 -4.354192720E+03 
       108  3.983540000E-03 -1.093890000E-02  1.666670000E-01  3.000474324E-01 -5.500377617E+03 
       109  9.337850000E-01 -1.018640000E-02  1.666670000E-01  8.796183585E-02  1.979390503E+02 
       110  2.745270000E-03 -9.124550000E-03  1.666670000E-01  3.300248647E-01 -6.753139387E+03 
       111  1.752850000E-03 -7.324960000E-03  1.666670000E-01  3.599236124E-01 -8.093753539E+03 
       112  9.641170000E-01 -6.185660000E-03  1.666670000E-01  8.864788123E-02  1.894621702E+02 
       113  9.860190000E-04 -5.518970000E-03  1.666670000E-01  3.889676683E-01 -9.485165413E+03 
       114  4.384000000E-04 -3.696570000E-03  1.666670000E-01  4.159094554E-01 -1.085494662E+04 
       115  9.885790000E-01 -2.851310000E-03  1.666670000E-01  8.893066929E-02  1.830752133E+02 
       116  1.095110000E-04 -1.855900000E-03  1.666670000E-01  4.393654246E-01 -1.210475646E+04 
       117  0.000000000E+00  0.000000000E+00  1.666670000E-01  4.581564363E-01 -1.315372850E+04 
       118  1.008950000E+00  0.000000000E+00  1.666670000E-01  5.596163981E-02  1.442760307E+02 
       119  1.095110000E-04  1.855900000E-03  1.666670000E-01  4.715163288E-01 -1.393962869E+04 
       120  9.885790000E-01  2.851310000E-03  1.666670000E-01  1.854097249E-02  9.776080949E+01 
       121  4.384000000E-04  3.696570000E-03  1.666670000E-01  4.786698749E-01 -1.439157602E+04 
       122  9.860190000E-04  5.518970000E-03  1.666670000E-01  4.792329838E-01 -1.447079813E+04 
       123  9.641170000E-01  6.185660000E-03  1.666670000E-01  1.580116861E-02  7.508316607E+01 
       124  1.752850000E-03  7.324960000E-03  1.666670000E-01  4.738667551E-01 -1.420156625E+04 
       125  2.745270000E-03  9.124550000E-03  1.666670000E-01  4.637216399E-01 -1.365997283E+04 
       126  9.337850000E-01  1.018640000E-02  1.666670000E-01  1.932008227E-02  4.486930297E+01 
       127  3.983540000E-03  1.093890000E-02  1.666670000E-01  4.499243549E-01 -1.292774958E+04 
       128  5.510960000E-03  1.280140000E-02  1.666670000E-01  4.333658344E-01 -1.206499987E+04 
       129  9.034350000E-01  1.404860000E-02  1.666670000E-01  2.322864611E-02  2.461548370E+00 
       130  7.411530000E-03  1.476420000E-02  1.666670000E-01  4.145333649E-01 -1.111529542E+04 
       131  9.850590000E-03  1.691540000E-02  1.666670000E-01  3.934194640E-01 -1.009309014E+04 
       132  8.625920000E-01  1.903530000E-02  1.666670000E-01  2.802660845E-02 -5.139457978E+01 
       133  1.318260000E-02  1.942040000E-02  1.666670000E-01  3.693353270E-01 -8.989029498E+03 
       134  1.821900000E-02  2.259850000E-02  1.666670000E-01  3.414119387E-01 -7.764560935E+03 
       135  8.217210000E-01  2.379390000E-02  1.666670000E-01  3.330033406E-02 -1.094092857E+02 
       136  2.634450000E-02  2.677890000E-02  1.666670000E-01  3.106662311E-01 -6.475509069E+03 
       137  7.808250000E-01  2.833060000E-02  1.666670000E-01  3.849795434E-02 -1.673795251E+02 
       138  3.777470000E-02  3.147510000E-02  1.666670000E-01  2.796159114E-01 -5.276119381E+03 
       139  7.399050000E-01  3.264710000E-02  1.666670000E-01  4.368530470E-02 -2.252802278E+02 
       140  6.989630000E-01  3.673990000E-02  1.666670000E-01  4.901831228E-02 -2.841012754E+02 
       141  5.488770000E-02  3.697740000E-02  1.666670000E-01  2.488072539E-01 -4.204193313E+03 
       142  6.579970000E-01  4.059990000E-02  1.666670000E-01  5.460116838E-02 -3.449821843E+02 
       143  8.351470000E-02  4.379180000E-02  1.666670000E-01  2.183150374E-01 -3.247633990E+03 
       144  6.170090000E-01  4.421250000E-02  1.666670000E-01  6.051576820E-02 -4.089201143E+02 
       145  5.759990000E-01  4.755650000E-02  1.666670000E-01  6.682502559E-02 -4.771260142E+02 
       146  1.241140000E-01  5.043730000E-02  1.666670000E-01  1.911070814E-01 -2.491751039E+03 
       147  5.349650000E-01  5.060440000E-02  1.666670000E-01  7.357723449E-02 -5.508441195E+02 
       148  4.939080000E-01  5.332060000E-02  1.666670000E-01  8.081503201E-02 -6.315056608E+02 
       149  1.650180000E-01  5.486620000E-02  1.666670000E-01  1.698831814E-01 -1.992503798E+03 
       150  4.528280000E-01  5.566140000E-02  1.666670000E-01  8.860200604E-02 -7.209453210E+02 
       151  4.117260000E-01  5.757270000E-02  1.666670000E-01  9.703275525E-02 -8.214248363E+02 
       152  2.060650000E-01  5.771190000E-02  1.666670000E-01  1.533144301E-01 -1.662944426E+03 
       153  3.706030000E-01  5.898830000E-02  1.666670000E-01  1.061964074E-01 -9.359952475E+02 
       154  2.471780000E-01  5.933890000E-02  1.666670000E-01  1.393805428E-01 -1.418871804E+03 
       155  3.294650000E-01  5.982680000E-02  1.666670000E-01  1.162017974E-01 -1.068944784E+03 
       156  2.883190000E-01  5.998690000E-02  1.666670000E-01  1.271714614E-01 -1.226610808E+03 
       157  2.883190000E-01 -5.998690000E-02  3.333330000E-01  5.145982478E-02  5.365407397E+02 
       158  3.294650000E-01 -5.982680000E-02  3.333330000E-01  5.648747927E-02  4.986798938E+02 
       159  2.471780000E-01 -5.933890000E-02  3.333330000E-01  4.515515313E-02  5.787987453E+02 
       160  3.706030000E-01 -5.898830000E-02  3.333330000E-01  6.062634518E-02  4.648694778E+02 
       161  2.060650000E-01 -5.771190000E-02  3.333330000E-01  3.693879547E-02  6.248502990E+02 
       162  4.117260000E-01 -5.757270000E-02  3.333330000E-01  6.411988870E-02  4.346066611E+02 
       163  4.528280000E-01 -5.566140000E-02  3.333330000E-01  6.713244372E-02  4.073613427E+02 
       164  1.650180000E-01 -5.486620000E-02  3.333330000E-01  2.560675039E-02  6.722659187E+02 
       165  4.939080000E-01 -5.332060000E-02  3.333330000E-01  6.977940281E-02  3.826450810E+02 
       166  5.349650000E-01 -5.060440000E-02  3.333330000E-01  7.214523538E-02  3.600291090E+02 
       167  1.241140000E-01 -5.043730000E-02  3.333330000E-01  9.715667733E-03  7.083660662E+02 
       168  5.759990000E-01 -4.755650000E-02  3.333330000E-01  7.429170248E-02  3.391495668E+02 
       169  6.170090000E-01 -4.421250000E-02  3.333330000E-01  7.626519981E-02  3.196965901E+02 
       170  8.351470000E-02 -4.379180000E-02  3.333330000E-01  1.317168451E-02  6.937950411E+02 
       171  6.579970000E-01 -4.059990000E-02  3.333330000E-01  7.809938884E-02  3.014107945E+02 
       172  5.488770000E-02 -3.697740000E-02  3.333330000E-01  4.170242040E-02  5.716742961E+02 
       173  6.989630000E-01 -3.673990000E-02  3.333330000E-01  7.982064326E-02  2.840808310E+02 
       174  7.399050000E-01 -3.264710000E-02  3.333330000E-01  8.144704982E-02  2.675467898E+02 
       175  3.777470000E-02 -3.147510000E-02  3.333330000E-01  7.378916596E-02  3.073641369E+02 
       176  7.808250000E-01 -2.833060000E-02  3.333330000E-01  8.298551205E-02  2.516883105E+02 
       177  2.634450000E-02 -2.677890000E-02  3.333330000E-01  1.076892123E-01 -1.281211998E+02 
       178  8.217210000E-01 -2.379390000E-02  3.333330000E-01  8.444029098E-02  2.364385057E+02 
       179  1.821900000E-02 -2.259850000E-02  3.333330000E-01  1.435295414E-01 -7.560730589E+02 
       180  1.318260000E-02 -1.942040000E-02  3.333330000E-01  1.782023125E-01 -1.529400660E+03 
       181  8.625920000E-01 -1.903530000E-02  3.333330000E-01  8.580817315E-02  2.218155851E+02 
       182  9.850590000E-03 -1.691540000E-02  3.333330000E-01  2.101078056E-01 -2.385724332E+03 
       183  7.411530000E-03 -1.476420000E-02  3.333330000E-01  2.404181825E-01 -3.320611668E+03 
       184  9.034350000E-01 -1.404860000E-02  3.333330000E-01  8.701209435E-02  2.086142639E+02 
       185  5.510960000E-03 -1.280140000E-02  3.333330000E-01  2.702316660E-01 -4.354193561E+03 
       186  3.983540000E-03 -1.093890000E-02  3.333330000E-01  3.000474577E-01 -5.500378659E+03 
       187  9.337850000E-01 -1.018640000E-02  3.333330000E-01  8.795728168E-02  1.979665854E+02 
       188  2.745270000E-03 -9.124550000E-03  3.333330000E-01  3.300248933E-01 -6.753140656E+03 
       189  1.752850000E-03 -7.324960000E-03  3.333330000E-01  3.599236445E-01 -8.093755062E+03 
       190  9.641170000E-01 -6.185660000E-03  3.333330000E-01  8.864117681E-02  1.895040625E+02 
       191  9.860190000E-04 -5.518970000E-03  3.333330000E-01  3.889677044E-01 -9.485167212E+03 
       192  4.384000000E-04 -3.696570000E-03  3.333330000E-01  4.159094958E-01 -1.085494871E+04 
       193  9.885790000E-01 -2.851310000E-03  3.333330000E-01  8.892208301E-02  1.831405176E+02 
       194  1.095110000E-04 -1.855900000E-03  3.333330000E-01  4.393654694E-01 -1.210475884E+04 
       195  0.000000000E+00  0.000000000E+00  3.333330000E-01  4.581564856E-01 -1.315373116E+04 
       196  1.008950000E+00  0.000000000E+00  3.333330000E-01  5.597939947E-02  1.444221759E+02 
       197  1.095110000E-04  1.855900000E-03  3.333330000E-01  4.715163824E-01 -1.393963158E+04 
       198  9.885790000E-01  2.851310000E-03  3.333330000E-01  1.861832573E-02  9.796040914E+01 
       199  4.384000000E-04  3.696570000E-03  3.333330000E-01  4.786699324E-01 -1.439157908E+04 
       200  9.860190000E-04  5.518970000E-03  3.333330000E-01  4.792330442E-01 -1.447080129E+04 
       201  9.641170000E-01  6.185660000E-03  3.333330000E-01  1.590957364E-02  7.521116985E+01 
       202  1.752850000E-03  7.324960000E-03  3.333330000E-01  4.738668175E-01 -1.420156944E+04 
       203  2.745270000E-03  9.124550000E-03  3.333330000E-01  4.637217034E-01 -1.365997597E+04 
       204  9.337850000E-01  1.018640000E-02  3.333330000E-01  1.942014507E-02  4.488896217E+01 
       205  3.983540000E-03  1.093890000E-02  3.333330000E-01  4.499244187E-01 -1.292775261E+04 
       206  5.510960000E-03  1.280140000E-02  3.333330000E-01  4.333658979E-01 -1.206500275E+04 
       207  9.034350000E-01  1.404860000E-02  3.333330000E-01  2.331568978E-02  2.412735932E+00 
       208  7.411530000E-03  1.476420000E-02  3.333330000E-01  4.145334274E-01 -1.111529812E+04 
       209  9.850590000E-03  1.691540000E-02  3.333330000E-01  3.934195251E-01 -1.009309263E+04 
       210  8.625920000E-01  1.903530000E-02  3.333330000E-01  2.809842575E-02 -5.146612091E+01 
       211  1.318260000E-02  1.942040000E-02  3.333330000E-01  3.693353862E-01 -8.989031769E+03 
       212  1.821900000E-02  2.259850000E-02  3.333330000E-01  3.414119970E-01 -7.764562963E+03 
       213  8.217210000E-01  2.379390000E-02  3.333330000E-01  3.335469985E-02 -1.094788967E+02 
       214  2.634450000E-02  2.677890000E-02  3.333330000E-01  3.106662920E-01 -6.475510853E+03 
       215  7.808250000E-01  2.833060000E-02  3.333330000E-01  3.853760135E-02 -1.674365948E+02 
       216  3.777470000E-02  3.147510000E-02  3.333330000E-01  2.796159817E-01 -5.276120943E+03 
       217  7.399050000E-01  3.264710000E-02  3.333330000E-01  4.371467868E-02 -2.253231081E+02 
       218  6.989630000E-01  3.673990000E-02  3.333330000E-01  4.904012992E-02 -2.841336733E+02 
       219  5.488770000E-02  3.697740000E-02  3.333330000E-01  2.488073434E-01 -4.204194698E+03 
       220  6.579970000E-01  4.059990000E-02  3.333330000E-01  5.461732281E-02 -3.450088820E+02 
       221  8.351470000E-02  4.379180000E-02  3.333330000E-01  2.183151618E-01 -3.247635285E+03 
       222  6.170090000E-01  4.421250000E-02  3.333330000E-01  6.052762166E-02 -4.089417776E+02 
       223  5.759990000E-01  4.755650000E-02  3.333330000E-01  6.683361594E-02 -4.771434640E+02 
       224  1.241140000E-01  5.043730000E-02  3.333330000E-01  1.911072674E-01 -2.491752354E+03 
       225  5.349650000E-01  5.060440000E-02  3.333330000E-01  7.358344872E-02 -5.508582456E+02 
       226  4.939080000E-01  5.332060000E-02  3.333330000E-01  8.081956440E-02 -6.315168881E+02 
       227  1.650180000E-01  5.486620000E-02  3.333330000E-01  1.698834656E-01 -1.992505256E+03 
       228  4.528280000E-01  5.566140000E-02  3.333330000E-01  8.860534892E-02 -7.209540597E+02 
       229  4.117260000E-01  5.757270000E-02  3.333330000E-01  9.703523249E-02 -8.214315206E+02 
       230  2.060650000E-01  5.771190000E-02  3.333330000E-01  1.533148597E-01 -1.662946177E+03 
       231  3.706030000E-01  5.898830000E-02  3.333330000E-01  1.061982292E-01 -9.360003124E+02 
       232  2.471780000E-01  5.933890000E-02  3.333330000E-01  1.393811806E-01 -1.418874025E+03 
       233  3.294650000E-01  5.982680000E-02  3.333330000E-01  1.162031125E-01 -1.068948612E+03 
       234  2.883190000E-01  5.998690000E-02  3.333330000E-01  1.271723884E-01 -1.226613709E+03 
       235  2.883190000E-01 -5.998690000E-02  5.000000000E-01  5.145981978E-02  5.365407821E+02 
       236  3.294650000E-01 -5.982680000E-02  5.000000000E-01  5.648747220E-02  4.986799506E+02 
       237  2.471780000E-01 -5.933890000E-02  5.000000000E-01  4.515514989E-02  5.787987714E+02 
       238  3.706030000E-01 -5.898830000E-02  5.000000000E-01  6.062633604E-02  4.648695408E+02 
       239  2.060650000E-01 -5.771190000E-02  5.000000000E-01  3.693879353E-02  6.248503113E+02 
       240  4.117260000E-01 -5.757270000E-02  5.000000000E-01  6.411987533E-02  4.346067382E+02 
       241  4.528280000E-01 -5.566140000E-02  5.000000000E-01  6.713242280E-02  4.073614521E+02 
       242  1.650180000E-01 -5.486620000E-02  5.000000000E-01  2.560675279E-02  6.722659094E+02 
       243  4.939080000E-01 -5.332060000E-02  5.000000000E-01  6.977936926E-02  3.826452575E+02 
       244  5.349650000E-01 -5.060440000E-02  5.000000000E-01  7.214518197E-02  3.600294052E+02 
       245  1.241140000E-01 -5.043730000E-02  5.000000000E-01  9.715675944E-03  7.083660527E+02 
       246  5.759990000E-01 -4.755650000E-02  5.000000000E-01  7.429161763E-02  3.391500685E+02 
       247  6.170090000E-01 -4.421250000E-02  5.000000000E-01  7.626506684E-02  3.196974131E+02 
       248  8.351470000E-02 -4.379180000E-02  5.000000000E-01  1.317166593E-02  6.937950718E+02 
       249  6.579970000E-01 -4.059990000E-02  5.000000000E-01  7.809918498E-02  3.014120809E+02 
       250  5.488770000E-02 -3.697740000E-02  5.000000000E-01  4.170239773E-02  5.716744241E+02 
       251  6.989630000E-01 -3.673990000E-02  5.000000000E-01  7.982033733E-02  2.840827455E+02 
       252  7.399050000E-01 -3.264710000E-02  5.000000000E-01  8.144660071E-02  2.675495136E+02 
       253  3.777470000E-02 -3.147510000E-02  5.000000000E-01  7.378914888E-02  3.073643058E+02 
       254  7.808250000E-01 -2.833060000E-02  5.000000000E-01  8.298486434E-02  2.516920828E+02 
       255  2.634450000E-02 -2.677890000E-02  5.000000000E-01  1.076892066E-01 -1.281211298E+02 
       256  8.217210000E-01 -2.379390000E-02  5.000000000E-01  8.443936634E-02  2.364437282E+02 
       257  1.821900000E-02 -2.259850000E-02  5.000000000E-01  1.435295377E-01 -7.560730092E+02 
       258  1.318260000E-02 -1.942040000E-02  5.000000000E-01  1.782022930E-01 -1.529400210E+03 
       259  8.625920000E-01 -1.903530000E-02  5.000000000E-01  8.580685565E-02  2.218230231E+02 
       260  9.850590000E-03 -1.691540000E-02  5.000000000E-01  2.101077772E-01 -2.385723556E+03 
       261  7.411530000E-03 -1.476420000E-02  5.000000000E-01  2.404181542E-01 -3.320610798E+03 
       262  9.034350000E-01 -1.404860000E-02  5.000000000E-01  8.701025430E-02  2.086250036E+02 
       263  5.510960000E-03 -1.280140000E-02  5.000000000E-01  2.702316417E-01 -4.354192743E+03 
       264  3.983540000E-03 -1.093890000E-02  5.000000000E-01  3.000474395E-01 -5.500378010E+03 
       265  9.337850000E-01 -1.018640000E-02  5.000000000E-01  8.795467019E-02  1.979820741E+02 
       266  2.745270000E-03 -9.124550000E-03  5.000000000E-01  3.300248825E-01 -6.753140294E+03 
       267  1.752850000E-03 -7.324960000E-03  5.000000000E-01  3.599236414E-01 -8.093755036E+03 
       268  9.641170000E-01 -6.185660000E-03  5.000000000E-01  8.863732975E-02  1.895275705E+02 
       269  9.860190000E-04 -5.518970000E-03  5.000000000E-01  3.889677080E-01 -9.485167524E+03 
       270  4.384000000E-04 -3.696570000E-03  5.000000000E-01  4.159095045E-01 -1.085494931E+04 
       271  9.885790000E-01 -2.851310000E-03  5.000000000E-01  8.891759356E-02  1.831773232E+02 
       272  1.095110000E-04 -1.855900000E-03  5.000000000E-01  4.393654817E-01 -1.210475966E+04 
       273  0.000000000E+00  0.000000000E+00  5.000000000E-01  4.581565000E-01 -1.315373212E+04 
       274  1.008950000E+00  0.000000000E+00  5.000000000E-01  6.475438506E-02  1.538257310E+02 
       275  1.095110000E-04  1.855900000E-03  5.000000000E-01  4.715163983E-01 -1.393963265E+04 
       276  9.885790000E-01  2.851310000E-03  5.000000000E-01  1.866163882E-02  9.806543493E+01 
       277  4.384000000E-04  3.696570000E-03  5.000000000E-01  4.786699492E-01 -1.439158022E+04 
       278  9.860190000E-04  5.518970000E-03  5.000000000E-01  4.792330604E-01 -1.447080240E+04 
       279  9.641170000E-01  6.185660000E-03  5.000000000E-01  1.597173011E-02  7.527448220E+01 
       280  1.752850000E-03  7.324960000E-03  5.000000000E-01  4.738668312E-01 -1.420157040E+04 
       281  2.745270000E-03  9.124550000E-03  5.000000000E-01  4.637217125E-01 -1.365997668E+04 
       282  9.337850000E-01  1.018640000E-02  5.000000000E-01  1.947576066E-02  4.489544131E+01 
       283  3.983540000E-03  1.093890000E-02  5.000000000E-01  4.499244219E-01 -1.292775301E+04 
       284  5.510960000E-03  1.280140000E-02  5.000000000E-01  4.333658949E-01 -1.206500285E+04 
       285  9.034350000E-01  1.404860000E-02  5.000000000E-01  2.336309775E-02  2.384602522E+00 
       286  7.411530000E-03  1.476420000E-02  5.000000000E-01  4.145334190E-01 -1.111529799E+04 
       287  9.850590000E-03  1.691540000E-02  5.000000000E-01  3.934195138E-01 -1.009309241E+04 
       288  8.625920000E-01  1.903530000E-02  5.000000000E-01  2.813730357E-02 -5.150567898E+01 
       289  1.318260000E-02  1.942040000E-02  5.000000000E-01  3.693353792E-01 -8.989031808E+03 
       290  1.821900000E-02  2.259850000E-02  5.000000000E-01  3.414120010E-01 -7.764563487E+03 
       291  8.217210000E-01  2.379390000E-02  5.000000000E-01  3.338400441E-02 -1.095172953E+02 
       292  2.634450000E-02  2.677890000E-02  5.000000000E-01  3.106662943E-01 -6.475511247E+03 
       293  7.808250000E-01  2.833060000E-02  5.000000000E-01  3.855891986E-02 -1.674686835E+02 
       294  3.777470000E-02  3.147510000E-02  5.000000000E-01  2.796159761E-01 -5.276120914E+03 
       295  7.399050000E-01  3.264710000E-02  5.000000000E-01  4.373043270E-02 -2.253467972E+02 
       296  6.989630000E-01  3.673990000E-02  5.000000000E-01  4.905172733E-02 -2.841510788E+02 
       297  5.488770000E-02  3.697740000E-02  5.000000000E-01  2.488073403E-01 -4.204194509E+03 
       298  6.579970000E-01  4.059990000E-02  5.000000000E-01  5.462587557E-02 -3.450236469E+02 
       299  8.351470000E-02  4.379180000E-02  5.000000000E-01  2.183151801E-01 -3.247635215E+03 
       300  6.170090000E-01  4.421250000E-02  5.000000000E-01  6.053389399E-02 -4.089536648E+02 
       301  5.759990000E-01  4.755650000E-02  5.000000000E-01  6.683814912E-02 -4.771529581E+02 
       302  1.241140000E-01  5.043730000E-02  5.000000000E-01  1.911073327E-01 -2.491752666E+03 
       303  5.349650000E-01  5.060440000E-02  5.000000000E-01  7.358672508E-02 -5.508658655E+02 
       304  4.939080000E-01  5.332060000E-02  5.000000000E-01  8.082195489E-02 -6.315229077E+02 
       305  1.650180000E-01  5.486620000E-02  5.000000000E-01  1.698835929E-01 -1.992505833E+03 
       306  4.528280000E-01  5.566140000E-02  5.000000000E-01  8.860711244E-02 -7.209587148E+02 
       307  4.117260000E-01  5.757270000E-02  5.000000000E-01  9.703653902E-02 -8.214350663E+02 
       308  2.060650000E-01  5.771190000E-02  5.000000000E-01  1.533150711E-01 -1.662947024E+03 
       309  3.706030000E-01  5.898830000E-02  5.000000000E-01  1.061991885E-01 -9.360029967E+02 
       310  2.471780000E-01  5.933890000E-02  5.000000000E-01  1.393815049E-01 -1.418875150E+03 
       311  3.294650000E-01  5.982680000E-02  5.000000000E-01  1.162038027E-01 -1.068950649E+03 
       312  2.883190000E-01  5.998690000E-02  5.000000000E-01  1.271728693E-01 -1.226615229E+03 
