nodenumber     x-coordinate     y-coordinate     z-coordinate      mach-number         pressure 
         1  2.883190000E-01 -5.998690000E-02  0.000000000E+00  9.453373444E-03 -6.587373818E+02 
         2  3.294650000E-01 -5.982680000E-02  0.000000000E+00  4.197843435E-03 -5.680864737E+02 
         3  2.471780000E-01 -5.933890000E-02  0.000000000E+00  2.058932091E-02 -7.856768941E+02 
         4  3.706030000E-01 -5.898830000E-02  0.000000000E+00  7.028038677E-03 -5.053368665E+02 
         5  2.060650000E-01 -5.771190000E-02  0.000000000E+00  3.245449889E-02 -9.572885313E+02 
         6  4.117260000E-01 -5.757270000E-02  0.000000000E+00  1.145929174E-02 -4.613796206E+02 
         7  4.528280000E-01 -5.566140000E-02  0.000000000E+00  1.399617769E-02 -4.294537034E+02 
         8  1.650180000E-01 -5.486620000E-02  0.000000000E+00  4.477953913E-02 -1.186553526E+03 
         9  4.939080000E-01 -5.332060000E-02  0.000000000E+00  1.552992967E-02 -4.057234969E+02 
        10  5.349650000E-01 -5.060440000E-02  0.000000000E+00  1.661511221E-02 -3.882524645E+02 
        11  1.241140000E-01 -5.043730000E-02  0.000000000E+00  5.962632511E-02 -1.516490335E+03 
        12  5.759990000E-01 -4.755650000E-02  0.000000000E+00  1.753947884E-02 -3.756599657E+02 
        13  6.170090000E-01 -4.421250000E-02  0.000000000E+00  1.848665721E-02 -3.666129838E+02 
        14  8.351470000E-02 -4.379180000E-02  0.000000000E+00  8.225067863E-02 -2.016301345E+03 
        15  6.579970000E-01 -4.059990000E-02  0.000000000E+00  1.952552375E-02 -3.599572354E+02 
        16  5.488770000E-02 -3.697740000E-02  0.000000000E+00  1.122389862E-01 -2.579405249E+03 
        17  6.989630000E-01 -3.673990000E-02  0.000000000E+00  2.056611204E-02 -3.549879165E+02 
        18  7.399050000E-01 -3.264710000E-02  0.000000000E+00  2.137569566E-02 -3.510187242E+02 
        19  3.777470000E-02 -3.147510000E-02  0.000000000E+00  1.447222175E-01 -3.148017351E+03 
        20  7.808250000E-01 -2.833060000E-02  0.000000000E+00  2.174163313E-02 -3.472356714E+02 
        21  2.634450000E-02 -2.677890000E-02  0.000000000E+00  1.764954976E-01 -3.769755911E+03 
        22  8.159680000E-01 -2.444550000E-02  0.000000000E+00  2.148716011E-02 -3.437138099E+02 
        23  1.821900000E-02 -2.259850000E-02  0.000000000E+00  2.061012963E-01 -4.433683630E+03 
        24  8.510930000E-01 -2.039720000E-02  0.000000000E+00  2.068658708E-02 -3.403641978E+02 
        25  1.318260000E-02 -1.942040000E-02  0.000000000E+00  2.329872930E-01 -5.106524426E+03 
        26  8.782860000E-01 -1.714700000E-02  0.000000000E+00  1.981161397E-02 -3.378682184E+02 
        27  9.850590000E-03 -1.691540000E-02  0.000000000E+00  2.575396182E-01 -5.726797257E+03 
        28  7.411530000E-03 -1.476420000E-02  0.000000000E+00  2.773176350E-01 -6.166014127E+03 
        29  9.009380000E-01 -1.436040000E-02  0.000000000E+00  1.905120586E-02 -3.359837472E+02 
        30  5.510960000E-03 -1.280140000E-02  0.000000000E+00  2.894293754E-01 -6.450151259E+03 
        31  9.198070000E-01 -1.198220000E-02  0.000000000E+00  1.837226429E-02 -3.344300381E+02 
        32  3.983540000E-03 -1.093890000E-02  0.000000000E+00  2.968578958E-01 -6.676235786E+03 
        33  9.355260000E-01 -9.960600000E-03  0.000000000E+00  1.765908310E-02 -3.330760960E+02 
        34  2.745270000E-03 -9.124550000E-03  0.000000000E+00  3.029080597E-01 -6.843114848E+03 
        35  9.486220000E-01 -8.247430000E-03  0.000000000E+00  1.680966490E-02 -3.318707283E+02 
        36  1.752850000E-03 -7.324960000E-03  0.000000000E+00  3.066625816E-01 -6.914520391E+03 
        37  9.595320000E-01 -6.799650000E-03  0.000000000E+00  1.577371927E-02 -3.308563488E+02 
        38  9.686220000E-01 -5.578890000E-03  0.000000000E+00  1.456776610E-02 -3.302096463E+02 
        39  9.860190000E-04 -5.518970000E-03  0.000000000E+00  3.074104001E-01 -6.840450639E+03 
        40  9.761960000E-01 -4.551510000E-03  0.000000000E+00  1.323693590E-02 -3.299451027E+02 
        41  4.384000000E-04 -3.696570000E-03  0.000000000E+00  3.056567533E-01 -6.579982207E+03 
        42  9.825070000E-01 -3.688230000E-03  0.000000000E+00  1.180354977E-02 -3.299880661E+02 
        43  9.877650000E-01 -2.963870000E-03  0.000000000E+00  1.028845805E-02 -3.304366433E+02 
        44  9.921460000E-01 -2.356690000E-03  0.000000000E+00  8.751297423E-03 -3.313263910E+02 
        45  1.095110000E-04 -1.855900000E-03  0.000000000E+00  3.018714592E-01 -6.152336125E+03 
        46  9.957970000E-01 -1.848260000E-03  0.000000000E+00  7.273396544E-03 -3.326084849E+02 
        47  9.988390000E-01 -1.422790000E-03  0.000000000E+00  5.948690265E-03 -3.342683578E+02 
        48  1.001370000E+00 -1.062990000E-03  0.000000000E+00  4.883423648E-03 -3.361326658E+02 
        49  1.003480000E+00 -7.543150000E-04  0.000000000E+00  4.164374070E-03 -3.379506900E+02 
        50  1.005240000E+00 -4.991700000E-04  0.000000000E+00  3.839503043E-03 -3.396476635E+02 
        51  1.006710000E+00 -2.932730000E-04  0.000000000E+00  3.868207608E-03 -3.412160481E+02 
        52  1.007930000E+00 -1.294160000E-04  0.000000000E+00  4.111171216E-03 -3.428515334E+02 
        53  0.000000000E+00  0.000000000E+00  0.000000000E+00  2.940715203E-01 -5.659395771E+03 
        54  1.008950000E+00  0.000000000E+00  0.000000000E+00  3.213373950E-03 -3.469712261E+02 
        55  1.008950000E+00  1.219510000E-03  0.000000000E+00  2.102703655E-03 -3.531669309E+02 
        56  9.957970000E-01  1.848260000E-03  0.000000000E+00  6.078102144E-04  5.221226484E+02 
        57  1.095110000E-04  1.855900000E-03  0.000000000E+00  2.807063714E-01 -5.098985981E+03 
        58  9.921460000E-01  2.356690000E-03  0.000000000E+00  6.230428711E-04  5.223640515E+02 
        59  1.008950000E+00  2.439020000E-03  0.000000000E+00  3.416726144E-03 -3.594115991E+02 
        60  9.877650000E-01  2.963870000E-03  0.000000000E+00  6.729656690E-04  5.224783783E+02 
        61  1.008950000E+00  3.658540000E-03  0.000000000E+00  4.374522325E-03 -3.633636890E+02 
        62  9.825070000E-01  3.688230000E-03  0.000000000E+00  6.062904135E-04  5.225893636E+02 
        63  4.384000000E-04  3.696570000E-03  0.000000000E+00  2.634219355E-01 -4.409401295E+03 
        64  9.761960000E-01  4.551510000E-03  0.000000000E+00  3.897234801E-04  5.226823155E+02 
        65  1.008950000E+00  4.878050000E-03  0.000000000E+00  5.023686184E-03 -3.670838189E+02 
        66  9.860190000E-04  5.518970000E-03  0.000000000E+00  2.437761005E-01 -3.652611259E+03 
        67  9.686220000E-01  5.578890000E-03  0.000000000E+00  8.464305804E-04  5.225189094E+02 
        68  1.008950000E+00  6.097560000E-03  0.000000000E+00  5.425013964E-03 -3.705425578E+02 
        69  9.595320000E-01  6.799650000E-03  0.000000000E+00  2.382997838E-03  5.217427873E+02 
        70  1.008950000E+00  7.317070000E-03  0.000000000E+00  5.651711585E-03 -3.738042370E+02 
        71  1.752850000E-03  7.324960000E-03  0.000000000E+00  2.226077376E-01 -2.907295252E+03 
        72  9.486220000E-01  8.247430000E-03  0.000000000E+00  4.052027027E-03  5.193595152E+02 
        73  1.008950000E+00  8.536590000E-03  0.000000000E+00  5.758021464E-03 -3.768925779E+02 
        74  2.745270000E-03  9.124550000E-03  0.000000000E+00  2.002410256E-01 -2.192610372E+03 
        75  1.008950000E+00  9.756100000E-03  0.000000000E+00  5.784103206E-03 -3.798738436E+02 
        76  9.355260000E-01  9.960600000E-03  0.000000000E+00  4.215525832E-03  5.138583229E+02 
        77  3.983540000E-03  1.093890000E-02  0.000000000E+00  1.776550236E-01 -1.533364864E+03 
        78  9.988390000E-01  1.096260000E-02  0.000000000E+00  1.248220291E-03  5.201846772E+02 
        79  1.008950000E+00  1.097560000E-02  0.000000000E+00  5.760275293E-03 -3.827786858E+02 
        80  9.198070000E-01  1.198220000E-02  0.000000000E+00  3.826295616E-03  5.030323049E+02 
        81  1.008950000E+00  1.219510000E-02  0.000000000E+00  5.709005426E-03 -3.856293657E+02 
        82  5.510960000E-03  1.280140000E-02  0.000000000E+00  1.563098996E-01 -9.923307482E+02 
        83  1.008950000E+00  1.341460000E-02  0.000000000E+00  5.645451069E-03 -3.884486235E+02 
        84  9.009380000E-01  1.436040000E-02  0.000000000E+00  1.044097940E-02  4.830251077E+02 
        85  1.008950000E+00  1.463410000E-02  0.000000000E+00  5.580600723E-03 -3.912380537E+02 
        86  7.411530000E-03  1.476420000E-02  0.000000000E+00  1.360103643E-01 -5.562804729E+02 
        87  1.008950000E+00  1.585370000E-02  0.000000000E+00  5.523538864E-03 -3.939955408E+02 
        88  9.850590000E-03  1.691540000E-02  0.000000000E+00  1.153441094E-01 -1.666876179E+02 
        89  1.008950000E+00  1.707320000E-02  0.000000000E+00  5.480032051E-03 -3.967280870E+02 
        90  8.782860000E-01  1.714700000E-02  0.000000000E+00  2.303423234E-02  4.520791992E+02 
        91  1.008950000E+00  1.829270000E-02  0.000000000E+00  5.454596954E-03 -3.994252856E+02 
        92  1.318260000E-02  1.942040000E-02  0.000000000E+00  9.304089323E-02  1.843310869E+02 
        93  1.008950000E+00  1.951220000E-02  0.000000000E+00  5.451979572E-03 -4.020809371E+02 
        94  8.510930000E-01  2.039720000E-02  0.000000000E+00  3.302153393E-02  4.161733817E+02 
        95  1.008950000E+00  2.073170000E-02  0.000000000E+00  5.474917620E-03 -4.047001836E+02 
        96  1.001370000E+00  2.073980000E-02  0.000000000E+00  3.073704283E-03  5.134595665E+02 
        97  1.008950000E+00  2.195120000E-02  0.000000000E+00  5.524450573E-03 -4.072848411E+02 
        98  1.821900000E-02  2.259850000E-02  0.000000000E+00  6.852221768E-02  4.779234733E+02 
        99  1.008950000E+00  2.317070000E-02  0.000000000E+00  5.601476515E-03 -4.098351662E+02 
       100  1.008950000E+00  2.439020000E-02  0.000000000E+00  5.707008982E-03 -4.123523541E+02 
       101  8.159680000E-01  2.444550000E-02  0.000000000E+00  3.960648671E-02  3.836219894E+02 
       102  1.008950000E+00  2.560980000E-02  0.000000000E+00  5.842100271E-03 -4.148383479E+02 
       103  2.634450000E-02  2.677890000E-02  0.000000000E+00  4.313399989E-02  6.842693622E+02 
       104  1.008950000E+00  2.682930000E-02  0.000000000E+00  6.007880824E-03 -4.172947574E+02 
       105  1.008950000E+00  2.804880000E-02  0.000000000E+00  6.205656169E-03 -4.197208196E+02 
       106  7.808250000E-01  2.833060000E-02  0.000000000E+00  4.349571854E-02  3.622560752E+02 
       107  1.003480000E+00  2.887370000E-02  0.000000000E+00  4.242718574E-03  5.028705092E+02 
       108  1.008950000E+00  2.926830000E-02  0.000000000E+00  6.436219636E-03 -4.221185926E+02 
       109  1.008950000E+00  3.048780000E-02  0.000000000E+00  6.698946432E-03 -4.244985403E+02 
       110  3.777470000E-02  3.147510000E-02  0.000000000E+00  1.958946566E-02  7.923411871E+02 
       111  1.008950000E+00  3.170730000E-02  0.000000000E+00  6.992609723E-03 -4.268665896E+02 
       112  7.399050000E-01  3.264710000E-02  0.000000000E+00  4.620176728E-02  3.489781442E+02 
       113  1.008950000E+00  3.292680000E-02  0.000000000E+00  7.316758037E-03 -4.292219791E+02 
       114  1.008950000E+00  3.414630000E-02  0.000000000E+00  7.671739782E-03 -4.315669448E+02 
       115  1.008950000E+00  3.536590000E-02  0.000000000E+00  8.058320698E-03 -4.339047968E+02 
       116  1.005240000E+00  3.565510000E-02  0.000000000E+00  4.765988152E-03  4.953117457E+02 
       117  1.008950000E+00  3.658540000E-02  0.000000000E+00  8.477903999E-03 -4.362406761E+02 
       118  6.989630000E-01  3.673990000E-02  0.000000000E+00  4.800266323E-02  3.432353470E+02 
       119  5.488770000E-02  3.697740000E-02  0.000000000E+00  8.739761043E-03  8.192782388E+02 
       120  1.008950000E+00  3.780490000E-02  0.000000000E+00  8.933493412E-03 -4.385879393E+02 
       121  1.008950000E+00  3.902440000E-02  0.000000000E+00  9.431425225E-03 -4.409744245E+02 
       122  1.008950000E+00  4.024390000E-02  0.000000000E+00  9.984284486E-03 -4.434462555E+02 
       123  6.579970000E-01  4.059990000E-02  0.000000000E+00  4.924840727E-02  3.428536472E+02 
       124  1.006710000E+00  4.131690000E-02  0.000000000E+00  1.510799913E-02  4.999087167E+02 
       125  1.008950000E+00  4.146340000E-02  0.000000000E+00  1.061617460E-02 -4.460754589E+02 
       126  1.008950000E+00  4.268290000E-02  0.000000000E+00  1.137172917E-02 -4.489993212E+02 
       127  8.351470000E-02  4.379180000E-02  0.000000000E+00  1.782258712E-02  7.817083336E+02 
       128  1.008950000E+00  4.390240000E-02  0.000000000E+00  1.232613889E-02 -4.524938032E+02 
       129  6.170090000E-01  4.421250000E-02  0.000000000E+00  5.020752300E-02  3.463261225E+02 
       130  1.008950000E+00  4.512200000E-02  0.000000000E+00  1.360728932E-02 -4.569021407E+02 
       131  1.007930000E+00  4.604710000E-02  0.000000000E+00  4.761528505E-02  4.678037526E+02 
       132  1.008950000E+00  4.634150000E-02  0.000000000E+00  1.532372111E-02 -4.633830285E+02 
       133  5.759990000E-01  4.755650000E-02  0.000000000E+00  5.094155463E-02  3.528344001E+02 
       134  1.008950000E+00  4.756100000E-02  0.000000000E+00  1.793706427E-02 -4.692582206E+02 
       135  1.008950000E+00  4.878050000E-02  0.000000000E+00  1.978737111E-02 -5.012439488E+02 
       136  1.008950000E+00  5.000000000E-02  0.000000000E+00  4.999323313E-02 -1.087771027E+02 
       137  1.241140000E-01  5.043730000E-02  0.000000000E+00  3.375338814E-02  7.053873276E+02 
       138  5.349650000E-01  5.060440000E-02  0.000000000E+00  5.145460114E-02  3.620510865E+02 
       139  4.939080000E-01  5.332060000E-02  0.000000000E+00  5.177933783E-02  3.739180785E+02 
       140  1.650180000E-01  5.486620000E-02  0.000000000E+00  4.315239059E-02  6.316352035E+02 
       141  4.528280000E-01  5.566140000E-02  0.000000000E+00  5.199698679E-02  3.886085443E+02 
       142  4.117260000E-01  5.757270000E-02  0.000000000E+00  5.216608085E-02  4.064321716E+02 
       143  2.060650000E-01  5.771190000E-02  0.000000000E+00  4.803181103E-02  5.709207178E+02 
       144  3.706030000E-01  5.898830000E-02  0.000000000E+00  5.225103404E-02  4.279393765E+02 
       145  2.471780000E-01  5.933890000E-02  0.000000000E+00  5.043873979E-02  5.236246871E+02 
       146  3.294650000E-01  5.982680000E-02  0.000000000E+00  5.213723638E-02  4.538272969E+02 
       147  2.883190000E-01  5.998690000E-02  0.000000000E+00  5.164190451E-02  4.852570230E+02 
       148  2.883190000E-01 -5.998690000E-02  3.333330000E-02  9.453374112E-03 -6.587374490E+02 
       149  3.294650000E-01 -5.982680000E-02  3.333330000E-02  4.197849320E-03 -5.680864181E+02 
       150  2.471780000E-01 -5.933890000E-02  3.333330000E-02  2.058934157E-02 -7.856771695E+02 
       151  3.706030000E-01 -5.898830000E-02  3.333330000E-02  7.028062610E-03 -5.053368858E+02 
       152  2.060650000E-01 -5.771190000E-02  3.333330000E-02  3.245452627E-02 -9.572889581E+02 
       153  4.117260000E-01 -5.757270000E-02  3.333330000E-02  1.145932360E-02 -4.613796551E+02 
       154  4.528280000E-01 -5.566140000E-02  3.333330000E-02  1.399621383E-02 -4.294537175E+02 
       155  1.650180000E-01 -5.486620000E-02  3.333330000E-02  4.477959892E-02 -1.186554681E+03 
       156  4.939080000E-01 -5.332060000E-02  3.333330000E-02  1.552996370E-02 -4.057234869E+02 
       157  5.349650000E-01 -5.060440000E-02  3.333330000E-02  1.661514189E-02 -3.882524789E+02 
       158  1.241140000E-01 -5.043730000E-02  3.333330000E-02  5.962642888E-02 -1.516492612E+03 
       159  5.759990000E-01 -4.755650000E-02  3.333330000E-02  1.753950835E-02 -3.756599909E+02 
       160  6.170090000E-01 -4.421250000E-02  3.333330000E-02  1.848668727E-02 -3.666130099E+02 
       161  8.351470000E-02 -4.379180000E-02  3.333330000E-02  8.225124523E-02 -2.016313295E+03 
       162  6.579970000E-01 -4.059990000E-02  3.333330000E-02  1.952554881E-02 -3.599572639E+02 
       163  5.488770000E-02 -3.697740000E-02  3.333330000E-02  1.122399669E-01 -2.579421923E+03 
       164  6.989630000E-01 -3.673990000E-02  3.333330000E-02  2.056612405E-02 -3.549879373E+02 
       165  7.399050000E-01 -3.264710000E-02  3.333330000E-02  2.137569081E-02 -3.510187457E+02 
       166  3.777470000E-02 -3.147510000E-02  3.333330000E-02  1.447229044E-01 -3.148029545E+03 
       167  7.808250000E-01 -2.833060000E-02  3.333330000E-02  2.174161835E-02 -3.472356666E+02 
       168  2.634450000E-02 -2.677890000E-02  3.333330000E-02  1.764958022E-01 -3.769762316E+03 
       169  8.159680000E-01 -2.444550000E-02  3.333330000E-02  2.148713712E-02 -3.437138293E+02 
       170  1.821900000E-02 -2.259850000E-02  3.333330000E-02  2.061015326E-01 -4.433689145E+03 
       171  8.510930000E-01 -2.039720000E-02  3.333330000E-02  2.068654504E-02 -3.403641869E+02 
       172  1.318260000E-02 -1.942040000E-02  3.333330000E-02  2.329877899E-01 -5.106537523E+03 
       173  8.782860000E-01 -1.714700000E-02  3.333330000E-02  1.981156561E-02 -3.378682177E+02 
       174  9.850590000E-03 -1.691540000E-02  3.333330000E-02  2.575402715E-01 -5.726812828E+03 
       175  7.411530000E-03 -1.476420000E-02  3.333330000E-02  2.773181051E-01 -6.166023389E+03 
       176  9.009380000E-01 -1.436040000E-02  3.333330000E-02  1.905114859E-02 -3.359837504E+02 
       177  5.510960000E-03 -1.280140000E-02  3.333330000E-02  2.894295899E-01 -6.450157823E+03 
       178  9.198070000E-01 -1.198220000E-02  3.333330000E-02  1.837219451E-02 -3.344300482E+02 
       179  3.983540000E-03 -1.093890000E-02  3.333330000E-02  2.968580436E-01 -6.676240167E+03 
       180  9.355260000E-01 -9.960600000E-03  3.333330000E-02  1.765900189E-02 -3.330761244E+02 
       181  2.745270000E-03 -9.124550000E-03  3.333330000E-02  3.029081457E-01 -6.843116914E+03 
       182  9.486220000E-01 -8.247430000E-03  3.333330000E-02  1.680957705E-02 -3.318707844E+02 
       183  1.752850000E-03 -7.324960000E-03  3.333330000E-02  3.066626042E-01 -6.914520438E+03 
       184  9.595320000E-01 -6.799650000E-03  3.333330000E-02  1.577362923E-02 -3.308564254E+02 
       185  9.686220000E-01 -5.578890000E-03  3.333330000E-02  1.456767758E-02 -3.302097349E+02 
       186  9.860190000E-04 -5.518970000E-03  3.333330000E-02  3.074103942E-01 -6.840449514E+03 
       187  9.761960000E-01 -4.551510000E-03  3.333330000E-02  1.323685443E-02 -3.299451966E+02 
       188  4.384000000E-04 -3.696570000E-03  3.333330000E-02  3.056567428E-01 -6.579980951E+03 
       189  9.825070000E-01 -3.688230000E-03  3.333330000E-02  1.180347933E-02 -3.299881727E+02 
       190  9.877650000E-01 -2.963870000E-03  3.333330000E-02  1.028840316E-02 -3.304367561E+02 
       191  9.921460000E-01 -2.356690000E-03  3.333330000E-02  8.751258997E-03 -3.313264939E+02 
       192  1.095110000E-04 -1.855900000E-03  3.333330000E-02  3.018714522E-01 -6.152335461E+03 
       193  9.957970000E-01 -1.848260000E-03  3.333330000E-02  7.273367055E-03 -3.326085765E+02 
       194  9.988390000E-01 -1.422790000E-03  3.333330000E-02  5.948655219E-03 -3.342684359E+02 
       195  1.001370000E+00 -1.062990000E-03  3.333330000E-02  4.883360155E-03 -3.361327378E+02 
       196  1.003480000E+00 -7.543150000E-04  3.333330000E-02  4.164254333E-03 -3.379507578E+02 
       197  1.005240000E+00 -4.991700000E-04  3.333330000E-02  3.839302896E-03 -3.396476545E+02 
       198  1.006710000E+00 -2.932730000E-04  3.333330000E-02  3.867930431E-03 -3.412159923E+02 
       199  1.007930000E+00 -1.294160000E-04  3.333330000E-02  4.110833304E-03 -3.428513244E+02 
       200  0.000000000E+00  0.000000000E+00  3.333330000E-02  2.940715173E-01 -5.659395628E+03 
       201  1.008950000E+00  0.000000000E+00  3.333330000E-02  2.807099261E-03 -3.463303831E+02 
       202  1.008950000E+00  1.219510000E-03  3.333330000E-02  2.103066873E-03 -3.531675912E+02 
       203  9.957970000E-01  1.848260000E-03  3.333330000E-02  6.068451471E-04  5.221253515E+02 
       204  1.095110000E-04  1.855900000E-03  3.333330000E-02  2.807063850E-01 -5.098986518E+03 
       205  9.921460000E-01  2.356690000E-03  3.333330000E-02  6.220703557E-04  5.223671175E+02 
       206  1.008950000E+00  2.439020000E-03  3.333330000E-02  3.417146983E-03 -3.594113991E+02 
       207  9.877650000E-01  2.963870000E-03  3.333330000E-02  6.716369317E-04  5.224812758E+02 
       208  1.008950000E+00  3.658540000E-03  3.333330000E-02  4.374944940E-03 -3.633629757E+02 
       209  9.825070000E-01  3.688230000E-03  3.333330000E-02  6.047180539E-04  5.225919788E+02 
       210  4.384000000E-04  3.696570000E-03  3.333330000E-02  2.634219910E-01 -4.409403524E+03 
       211  9.761960000E-01  4.551510000E-03  3.333330000E-02  3.890550173E-04  5.226841959E+02 
       212  1.008950000E+00  4.878050000E-03  3.333330000E-02  5.024080802E-03 -3.670828694E+02 
       213  9.860190000E-04  5.518970000E-03  3.333330000E-02  2.437762281E-01 -3.652615989E+03 
       214  9.686220000E-01  5.578890000E-03  3.333330000E-02  8.471692748E-04  5.225201513E+02 
       215  1.008950000E+00  6.097560000E-03  3.333330000E-02  5.425372124E-03 -3.705414382E+02 
       216  9.595320000E-01  6.799650000E-03  3.333330000E-02  2.383824132E-03  5.217439299E+02 
       217  1.008950000E+00  7.317070000E-03  3.333330000E-02  5.652036561E-03 -3.738029513E+02 
       218  1.752850000E-03  7.324960000E-03  3.333330000E-02  2.226079686E-01 -2.907302976E+03 
       219  9.486220000E-01  8.247430000E-03  3.333330000E-02  4.052657565E-03  5.193605599E+02 
       220  1.008950000E+00  8.536590000E-03  3.333330000E-02  5.758316878E-03 -3.768911429E+02 
       221  2.745270000E-03  9.124550000E-03  3.333330000E-02  2.002413949E-01 -2.192621648E+03 
       222  1.008950000E+00  9.756100000E-03  3.333330000E-02  5.784370807E-03 -3.798722572E+02 
       223  9.355260000E-01  9.960600000E-03  3.333330000E-02  4.216047811E-03  5.138591380E+02 
       224  3.983540000E-03  1.093890000E-02  3.333330000E-02  1.776555026E-01 -1.533378177E+03 
       225  9.988390000E-01  1.096260000E-02  3.333330000E-02  1.247726969E-03  5.201908529E+02 
       226  1.008950000E+00  1.097560000E-02  3.333330000E-02  5.760515935E-03 -3.827769381E+02 
       227  9.198070000E-01  1.198220000E-02  3.333330000E-02  3.826384149E-03  5.030329111E+02 
       228  1.008950000E+00  1.219510000E-02  3.333330000E-02  5.709218769E-03 -3.856274415E+02 
       229  5.510960000E-03  1.280140000E-02  3.333330000E-02  1.563104378E-01 -9.923429638E+02 
       230  1.008950000E+00  1.341460000E-02  3.333330000E-02  5.645635046E-03 -3.884465229E+02 
       231  9.009380000E-01  1.436040000E-02  3.333330000E-02  1.044071338E-02  4.830255781E+02 
       232  1.008950000E+00  1.463410000E-02  3.333330000E-02  5.580753170E-03 -3.912357559E+02 
       233  7.411530000E-03  1.476420000E-02  3.333330000E-02  1.360109422E-01 -5.562921488E+02 
       234  1.008950000E+00  1.585370000E-02  3.333330000E-02  5.523659282E-03 -3.939930190E+02 
       235  9.850590000E-03  1.691540000E-02  3.333330000E-02  1.153446965E-01 -1.666979137E+02 
       236  1.008950000E+00  1.707320000E-02  3.333330000E-02  5.480118706E-03 -3.967253349E+02 
       237  8.782860000E-01  1.714700000E-02  3.333330000E-02  2.303406526E-02  4.520796615E+02 
       238  1.008950000E+00  1.829270000E-02  3.333330000E-02  5.454646166E-03 -3.994222939E+02 
       239  1.318260000E-02  1.942040000E-02  3.333330000E-02  9.304133904E-02  1.843248221E+02 
       240  1.008950000E+00  1.951220000E-02  3.333330000E-02  5.451988353E-03 -4.020776869E+02 
       241  8.510930000E-01  2.039720000E-02  3.333330000E-02  3.302143737E-02  4.161738371E+02 
       242  1.008950000E+00  2.073170000E-02  3.333330000E-02  5.474884422E-03 -4.046966478E+02 
       243  1.001370000E+00  2.073980000E-02  3.333330000E-02  3.075325393E-03  5.134790519E+02 
       244  1.008950000E+00  2.195120000E-02  3.333330000E-02  5.524374131E-03 -4.072810009E+02 
       245  1.821900000E-02  2.259850000E-02  3.333330000E-02  6.852242760E-02  4.779213797E+02 
       246  1.008950000E+00  2.317070000E-02  3.333330000E-02  5.601355172E-03 -4.098310023E+02 
       247  1.008950000E+00  2.439020000E-02  3.333330000E-02  5.706841057E-03 -4.123478473E+02 
       248  8.159680000E-01  2.444550000E-02  3.333330000E-02  3.960648747E-02  3.836219968E+02 
       249  1.008950000E+00  2.560980000E-02  3.333330000E-02  5.841884391E-03 -4.148334801E+02 
       250  2.634450000E-02  2.677890000E-02  3.333330000E-02  4.313423861E-02  6.842679173E+02 
       251  1.008950000E+00  2.682930000E-02  3.333330000E-02  6.007616419E-03 -4.172895092E+02 
       252  1.008950000E+00  2.804880000E-02  3.333330000E-02  6.205344032E-03 -4.197151675E+02 
       253  7.808250000E-01  2.833060000E-02  3.333330000E-02  4.349569879E-02  3.622561818E+02 
       254  1.003480000E+00  2.887370000E-02  3.333330000E-02  4.253564468E-03  5.028519547E+02 
       255  1.008950000E+00  2.926830000E-02  3.333330000E-02  6.435860616E-03 -4.221125309E+02 
       256  1.008950000E+00  3.048780000E-02  3.333330000E-02  6.698540459E-03 -4.244920681E+02 
       257  3.777470000E-02  3.147510000E-02  3.333330000E-02  1.958992562E-02  7.923399064E+02 
       258  1.008950000E+00  3.170730000E-02  3.333330000E-02  6.992158324E-03 -4.268596944E+02 
       259  7.399050000E-01  3.264710000E-02  3.333330000E-02  4.620176706E-02  3.489781401E+02 
       260  1.008950000E+00  3.292680000E-02  3.333330000E-02  7.316265706E-03 -4.292146553E+02 
       261  1.008950000E+00  3.414630000E-02  3.333330000E-02  7.671213418E-03 -4.315591903E+02 
       262  1.008950000E+00  3.536590000E-02  3.333330000E-02  8.057769972E-03 -4.338966071E+02 
       263  1.005240000E+00  3.565510000E-02  3.333330000E-02  4.762539132E-03  4.950511179E+02 
       264  1.008950000E+00  3.658540000E-02  3.333330000E-02  8.477342571E-03 -4.362320558E+02 
       265  6.989630000E-01  3.673990000E-02  3.333330000E-02  4.800266126E-02  3.432353466E+02 
       266  5.488770000E-02  3.697740000E-02  3.333330000E-02  8.739717022E-03  8.192785904E+02 
       267  1.008950000E+00  3.780490000E-02  3.333330000E-02  8.932941155E-03 -4.385789162E+02 
       268  1.008950000E+00  3.902440000E-02  3.333330000E-02  9.430910626E-03 -4.409650476E+02 
       269  1.008950000E+00  4.024390000E-02  3.333330000E-02  9.983847831E-03 -4.434365888E+02 
       270  6.579970000E-01  4.059990000E-02  3.333330000E-02  4.924840620E-02  3.428536445E+02 
       271  1.006710000E+00  4.131690000E-02  3.333330000E-02  1.506361655E-02  4.991653797E+02 
       272  1.008950000E+00  4.146340000E-02  3.333330000E-02  1.061587283E-02 -4.460656129E+02 
       273  1.008950000E+00  4.268290000E-02  3.333330000E-02  1.137165627E-02 -4.489894530E+02 
       274  8.351470000E-02  4.379180000E-02  3.333330000E-02  1.782219883E-02  7.817098002E+02 
       275  1.008950000E+00  4.390240000E-02  3.333330000E-02  1.232644783E-02 -4.524843255E+02 
       276  6.170090000E-01  4.421250000E-02  3.333330000E-02  5.020752166E-02  3.463261201E+02 
       277  1.008950000E+00  4.512200000E-02  3.333330000E-02  1.360820542E-02 -4.568937446E+02 
       278  1.007930000E+00  4.604710000E-02  3.333330000E-02  4.766428904E-02  4.667364481E+02 
       279  1.008950000E+00  4.634150000E-02  3.333330000E-02  1.532553020E-02 -4.633772021E+02 
       280  5.759990000E-01  4.755650000E-02  3.333330000E-02  5.094155305E-02  3.528344011E+02 
       281  1.008950000E+00  4.756100000E-02  3.333330000E-02  1.794032740E-02 -4.692555222E+02 
       282  1.008950000E+00  4.878050000E-02  3.333330000E-02  1.979176187E-02 -5.012601968E+02 
       283  1.008950000E+00  5.000000000E-02  3.333330000E-02  4.515553183E-02 -5.319374300E+01 
       284  1.241140000E-01  5.043730000E-02  3.333330000E-02  3.375331901E-02  7.053877691E+02 
       285  5.349650000E-01  5.060440000E-02  3.333330000E-02  5.145459915E-02  3.620510891E+02 
       286  4.939080000E-01  5.332060000E-02  3.333330000E-02  5.177933576E-02  3.739180773E+02 
       287  1.650180000E-01  5.486620000E-02  3.333330000E-02  4.315236120E-02  6.316354979E+02 
       288  4.528280000E-01  5.566140000E-02  3.333330000E-02  5.199698509E-02  3.886085605E+02 
       289  4.117260000E-01  5.757270000E-02  3.333330000E-02  5.216607910E-02  4.064321925E+02 
       290  2.060650000E-01  5.771190000E-02  3.333330000E-02  4.803180348E-02  5.709208234E+02 
       291  3.706030000E-01  5.898830000E-02  3.333330000E-02  5.225103225E-02  4.279393842E+02 
       292  2.471780000E-01  5.933890000E-02  3.333330000E-02  5.043873561E-02  5.236247589E+02 
       293  3.294650000E-01  5.982680000E-02  3.333330000E-02  5.213723499E-02  4.538272715E+02 
       294  2.883190000E-01  5.998690000E-02  3.333330000E-02  5.164190273E-02  4.852570383E+02 
       295  2.883190000E-01 -5.998690000E-02  6.666670000E-02  9.453382180E-03 -6.587374474E+02 
       296  3.294650000E-01 -5.982680000E-02  6.666670000E-02  4.197842039E-03 -5.680864421E+02 
       297  2.471780000E-01 -5.933890000E-02  6.666670000E-02  2.058934538E-02 -7.856771490E+02 
       298  3.706030000E-01 -5.898830000E-02  6.666670000E-02  7.028025000E-03 -5.053369372E+02 
       299  2.060650000E-01 -5.771190000E-02  6.666670000E-02  3.245452974E-02 -9.572889295E+02 
       300  4.117260000E-01 -5.757270000E-02  6.666670000E-02  1.145925844E-02 -4.613797349E+02 
       301  4.528280000E-01 -5.566140000E-02  6.666670000E-02  1.399611252E-02 -4.294538146E+02 
       302  1.650180000E-01 -5.486620000E-02  6.666670000E-02  4.477960296E-02 -1.186554654E+03 
       303  4.939080000E-01 -5.332060000E-02  6.666670000E-02  1.552982414E-02 -4.057235737E+02 
       304  5.349650000E-01 -5.060440000E-02  6.666670000E-02  1.661497940E-02 -3.882525181E+02 
       305  1.241140000E-01 -5.043730000E-02  6.666670000E-02  5.962643142E-02 -1.516492598E+03 
       306  5.759990000E-01 -4.755650000E-02  6.666670000E-02  1.753935061E-02 -3.756599578E+02 
       307  6.170090000E-01 -4.421250000E-02  6.666670000E-02  1.848655519E-02 -3.666129379E+02 
       308  8.351470000E-02 -4.379180000E-02  6.666670000E-02  8.225124377E-02 -2.016313295E+03 
       309  6.579970000E-01 -4.059990000E-02  6.666670000E-02  1.952545767E-02 -3.599571956E+02 
       310  5.488770000E-02 -3.697740000E-02  6.666670000E-02  1.122399647E-01 -2.579421940E+03 
       311  6.989630000E-01 -3.673990000E-02  6.666670000E-02  2.056607941E-02 -3.549878907E+02 
       312  7.399050000E-01 -3.264710000E-02  6.666670000E-02  2.137567992E-02 -3.510187262E+02 
       313  3.777470000E-02 -3.147510000E-02  6.666670000E-02  1.447229038E-01 -3.148029574E+03 
       314  7.808250000E-01 -2.833060000E-02  6.666670000E-02  2.174162587E-02 -3.472356573E+02 
       315  2.634450000E-02 -2.677890000E-02  6.666670000E-02  1.764958025E-01 -3.769762349E+03 
       316  8.159680000E-01 -2.444550000E-02  6.666670000E-02  2.148715173E-02 -3.437138202E+02 
       317  1.821900000E-02 -2.259850000E-02  6.666670000E-02  2.061015337E-01 -4.433689187E+03 
       318  8.510930000E-01 -2.039720000E-02  6.666670000E-02  2.068655501E-02 -3.403641777E+02 
       319  1.318260000E-02 -1.942040000E-02  6.666670000E-02  2.329877914E-01 -5.106537557E+03 
       320  8.782860000E-01 -1.714700000E-02  6.666670000E-02  1.981156041E-02 -3.378682090E+02 
       321  9.850590000E-03 -1.691540000E-02  6.666670000E-02  2.575402741E-01 -5.726812925E+03 
       322  7.411530000E-03 -1.476420000E-02  6.666670000E-02  2.773181097E-01 -6.166023554E+03 
       323  9.009380000E-01 -1.436040000E-02  6.666670000E-02  1.905112202E-02 -3.359837483E+02 
       324  5.510960000E-03 -1.280140000E-02  6.666670000E-02  2.894295948E-01 -6.450157968E+03 
       325  9.198070000E-01 -1.198220000E-02  6.666670000E-02  1.837214318E-02 -3.344300676E+02 
       326  3.983540000E-03 -1.093890000E-02  6.666670000E-02  2.968580475E-01 -6.676240290E+03 
       327  9.355260000E-01 -9.960600000E-03  6.666670000E-02  1.765892270E-02 -3.330761812E+02 
       328  2.745270000E-03 -9.124550000E-03  6.666670000E-02  3.029081487E-01 -6.843117017E+03 
       329  9.486220000E-01 -8.247430000E-03  6.666670000E-02  1.680946628E-02 -3.318708965E+02 
       330  1.752850000E-03 -7.324960000E-03  6.666670000E-02  3.066626067E-01 -6.914520522E+03 
       331  9.595320000E-01 -6.799650000E-03  6.666670000E-02  1.577348384E-02 -3.308566118E+02 
       332  9.686220000E-01 -5.578890000E-03  6.666670000E-02  1.456749334E-02 -3.302099951E+02 
       333  9.860190000E-04 -5.518970000E-03  6.666670000E-02  3.074103963E-01 -6.840449577E+03 
       334  9.761960000E-01 -4.551510000E-03  6.666670000E-02  1.323662875E-02 -3.299455273E+02 
       335  4.384000000E-04 -3.696570000E-03  6.666670000E-02  3.056567447E-01 -6.579980996E+03 
       336  9.825070000E-01 -3.688230000E-03  6.666670000E-02  1.180320228E-02 -3.299886320E+02 
       337  9.877650000E-01 -2.963870000E-03  6.666670000E-02  1.028807076E-02 -3.304373717E+02 
       338  9.921460000E-01 -2.356690000E-03  6.666670000E-02  8.750870251E-03 -3.313272821E+02 
       339  1.095110000E-04 -1.855900000E-03  6.666670000E-02  3.018714538E-01 -6.152335494E+03 
       340  9.957970000E-01 -1.848260000E-03  6.666670000E-02  7.272920988E-03 -3.326095761E+02 
       341  9.988390000E-01 -1.422790000E-03  6.666670000E-02  5.948175884E-03 -3.342696964E+02 
       342  1.001370000E+00 -1.062990000E-03  6.666670000E-02  4.882890388E-03 -3.361342332E+02 
       343  1.003480000E+00 -7.543150000E-04  6.666670000E-02  4.163845851E-03 -3.379523687E+02 
       344  1.005240000E+00 -4.991700000E-04  6.666670000E-02  3.839012538E-03 -3.396493161E+02 
       345  1.006710000E+00 -2.932730000E-04  6.666670000E-02  3.867802567E-03 -3.412175927E+02 
       346  1.007930000E+00 -1.294160000E-04  6.666670000E-02  4.110938501E-03 -3.428533614E+02 
       347  0.000000000E+00  0.000000000E+00  6.666670000E-02  2.940715186E-01 -5.659395651E+03 
       348  1.008950000E+00  0.000000000E+00  6.666670000E-02  2.806912839E-03 -3.463311978E+02 
       349  1.008950000E+00  1.219510000E-03  6.666670000E-02  2.102310095E-03 -3.531666392E+02 
       350  9.957970000E-01  1.848260000E-03  6.666670000E-02  6.068416262E-04  5.221253802E+02 
       351  1.095110000E-04  1.855900000E-03  6.666670000E-02  2.807063858E-01 -5.098986527E+03 
       352  9.921460000E-01  2.356690000E-03  6.666670000E-02  6.220660126E-04  5.223671441E+02 
       353  1.008950000E+00  2.439020000E-03  6.666670000E-02  3.416245083E-03 -3.594103196E+02 
       354  9.877650000E-01  2.963870000E-03  6.666670000E-02  6.716312342E-04  5.224813023E+02 
       355  1.008950000E+00  3.658540000E-03  6.666670000E-02  4.374031574E-03 -3.633617220E+02 
       356  9.825070000E-01  3.688230000E-03  6.666670000E-02  6.047101601E-04  5.225920044E+02 
       357  4.384000000E-04  3.696570000E-03  6.666670000E-02  2.634219910E-01 -4.409403515E+03 
       358  9.761960000E-01  4.551510000E-03  6.666670000E-02  3.890517956E-04  5.226842163E+02 
       359  1.008950000E+00  4.878050000E-03  6.666670000E-02  5.023168915E-03 -3.670815117E+02 
       360  9.860190000E-04  5.518970000E-03  6.666670000E-02  2.437762276E-01 -3.652615962E+03 
       361  9.686220000E-01  5.578890000E-03  6.666670000E-02  8.471766016E-04  5.225201673E+02 
       362  1.008950000E+00  6.097560000E-03  6.666670000E-02  5.424466078E-03 -3.705400052E+02 
       363  9.595320000E-01  6.799650000E-03  6.666670000E-02  2.383834240E-03  5.217439465E+02 
       364  1.008950000E+00  7.317070000E-03  6.666670000E-02  5.651141270E-03 -3.738014580E+02 
       365  1.752850000E-03  7.324960000E-03  6.666670000E-02  2.226079675E-01 -2.907302937E+03 
       366  9.486220000E-01  8.247430000E-03  6.666670000E-02  4.052667027E-03  5.193605766E+02 
       367  1.008950000E+00  8.536590000E-03  6.666670000E-02  5.757436135E-03 -3.768896427E+02 
       368  2.745270000E-03  9.124550000E-03  6.666670000E-02  2.002413936E-01 -2.192621606E+03 
       369  1.008950000E+00  9.756100000E-03  6.666670000E-02  5.783507821E-03 -3.798707738E+02 
       370  9.355260000E-01  9.960600000E-03  6.666670000E-02  4.216058341E-03  5.138591523E+02 
       371  3.983540000E-03  1.093890000E-02  6.666670000E-02  1.776555012E-01 -1.533378140E+03 
       372  9.988390000E-01  1.096260000E-02  6.666670000E-02  1.247716658E-03  5.201909079E+02 
       373  1.008950000E+00  1.097560000E-02  6.666670000E-02  5.759675817E-03 -3.827754677E+02 
       374  9.198070000E-01  1.198220000E-02  6.666670000E-02  3.826384122E-03  5.030329244E+02 
       375  1.008950000E+00  1.219510000E-02  6.666670000E-02  5.708405121E-03 -3.856260256E+02 
       376  5.510960000E-03  1.280140000E-02  6.666670000E-02  1.563104364E-01 -9.923429323E+02 
       377  1.008950000E+00  1.341460000E-02  6.666670000E-02  5.644849350E-03 -3.884451356E+02 
       378  9.009380000E-01  1.436040000E-02  6.666670000E-02  1.044070190E-02  4.830255937E+02 
       379  1.008950000E+00  1.463410000E-02  6.666670000E-02  5.579996020E-03 -3.912343817E+02 
       380  7.411530000E-03  1.476420000E-02  6.666670000E-02  1.360109407E-01 -5.562921182E+02 
       381  1.008950000E+00  1.585370000E-02  6.666670000E-02  5.522927427E-03 -3.939916972E+02 
       382  9.850590000E-03  1.691540000E-02  6.666670000E-02  1.153446947E-01 -1.666978819E+02 
       383  1.008950000E+00  1.707320000E-02  6.666670000E-02  5.479411324E-03 -3.967240382E+02 
       384  8.782860000E-01  1.714700000E-02  6.666670000E-02  2.303405794E-02  4.520796782E+02 
       385  1.008950000E+00  1.829270000E-02  6.666670000E-02  5.453968117E-03 -3.994209939E+02 
       386  1.318260000E-02  1.942040000E-02  6.666670000E-02  9.304133697E-02  1.843248517E+02 
       387  1.008950000E+00  1.951220000E-02  6.666670000E-02  5.451342918E-03 -4.020763764E+02 
       388  8.510930000E-01  2.039720000E-02  6.666670000E-02  3.302143531E-02  4.161738500E+02 
       389  1.008950000E+00  2.073170000E-02  6.666670000E-02  5.474270860E-03 -4.046953438E+02 
       390  1.001370000E+00  2.073980000E-02  6.666670000E-02  3.075310938E-03  5.134792015E+02 
       391  1.008950000E+00  2.195120000E-02  6.666670000E-02  5.523790603E-03 -4.072797001E+02 
       392  1.821900000E-02  2.259850000E-02  6.666670000E-02  6.852242522E-02  4.779214041E+02 
       393  1.008950000E+00  2.317070000E-02  6.666670000E-02  5.600800835E-03 -4.098297027E+02 
       394  1.008950000E+00  2.439020000E-02  6.666670000E-02  5.706315614E-03 -4.123465477E+02 
       395  8.159680000E-01  2.444550000E-02  6.666670000E-02  3.960648785E-02  3.836220064E+02 
       396  1.008950000E+00  2.560980000E-02  6.666670000E-02  5.841387891E-03 -4.148321798E+02 
       397  2.634450000E-02  2.677890000E-02  6.666670000E-02  4.313423603E-02  6.842679331E+02 
       398  1.008950000E+00  2.682930000E-02  6.666670000E-02  6.007149327E-03 -4.172882060E+02 
       399  1.008950000E+00  2.804880000E-02  6.666670000E-02  6.204907219E-03 -4.197138567E+02 
       400  7.808250000E-01  2.833060000E-02  6.666670000E-02  4.349569985E-02  3.622561913E+02 
       401  1.003480000E+00  2.887370000E-02  6.666670000E-02  4.253533224E-03  5.028523853E+02 
       402  1.008950000E+00  2.926830000E-02  6.666670000E-02  6.435454220E-03 -4.221112190E+02 
       403  1.008950000E+00  3.048780000E-02  6.666670000E-02  6.698163419E-03 -4.244907631E+02 
       404  3.777470000E-02  3.147510000E-02  6.666670000E-02  1.958992339E-02  7.923399107E+02 
       405  1.008950000E+00  3.170730000E-02  6.666670000E-02  6.991810040E-03 -4.268583972E+02 
       406  7.399050000E-01  3.264710000E-02  6.666670000E-02  4.620176860E-02  3.489781490E+02 
       407  1.008950000E+00  3.292680000E-02  6.666670000E-02  7.315946496E-03 -4.292133700E+02 
       408  1.008950000E+00  3.414630000E-02  6.666670000E-02  7.670923587E-03 -4.315579217E+02 
       409  1.008950000E+00  3.536590000E-02  6.666670000E-02  8.057509724E-03 -4.338953649E+02 
       410  1.005240000E+00  3.565510000E-02  6.666670000E-02  4.762269879E-03  4.950522350E+02 
       411  1.008950000E+00  3.658540000E-02  6.666670000E-02  8.477112114E-03 -4.362308495E+02 
       412  6.989630000E-01  3.673990000E-02  6.666670000E-02  4.800266309E-02  3.432353569E+02 
       413  5.488770000E-02  3.697740000E-02  6.666670000E-02  8.739716603E-03  8.192785855E+02 
       414  1.008950000E+00  3.780490000E-02  6.666670000E-02  8.932740334E-03 -4.385777473E+02 
       415  1.008950000E+00  3.902440000E-02  6.666670000E-02  9.430738580E-03 -4.409639129E+02 
       416  1.008950000E+00  4.024390000E-02  6.666670000E-02  9.983702931E-03 -4.434354828E+02 
       417  6.579970000E-01  4.059990000E-02  6.666670000E-02  4.924840822E-02  3.428536555E+02 
       418  1.006710000E+00  4.131690000E-02  6.666670000E-02  1.506310180E-02  4.991673887E+02 
       419  1.008950000E+00  4.146340000E-02  6.666670000E-02  1.061575252E-02 -4.460645341E+02 
       420  1.008950000E+00  4.268290000E-02  6.666670000E-02  1.137155675E-02 -4.489884063E+02 
       421  8.351470000E-02  4.379180000E-02  6.666670000E-02  1.782219935E-02  7.817097929E+02 
       422  1.008950000E+00  4.390240000E-02  6.666670000E-02  1.232636456E-02 -4.524833019E+02 
       423  6.170090000E-01  4.421250000E-02  6.666670000E-02  5.020752424E-02  3.463261306E+02 
       424  1.008950000E+00  4.512200000E-02  6.666670000E-02  1.360813059E-02 -4.568927364E+02 
       425  1.007930000E+00  4.604710000E-02  6.666670000E-02  4.766319658E-02  4.667384830E+02 
       426  1.008950000E+00  4.634150000E-02  6.666670000E-02  1.532545230E-02 -4.633761558E+02 
       427  5.759990000E-01  4.755650000E-02  6.666670000E-02  5.094155615E-02  3.528344124E+02 
       428  1.008950000E+00  4.756100000E-02  6.666670000E-02  1.794022481E-02 -4.692544176E+02 
       429  1.008950000E+00  4.878050000E-02  6.666670000E-02  1.979163590E-02 -5.012587185E+02 
       430  1.008950000E+00  5.000000000E-02  6.666670000E-02  4.515464917E-02 -5.319199933E+01 
       431  1.241140000E-01  5.043730000E-02  6.666670000E-02  3.375331822E-02  7.053877662E+02 
       432  5.349650000E-01  5.060440000E-02  6.666670000E-02  5.145460231E-02  3.620511007E+02 
       433  4.939080000E-01  5.332060000E-02  6.666670000E-02  5.177933827E-02  3.739180889E+02 
       434  1.650180000E-01  5.486620000E-02  6.666670000E-02  4.315235986E-02  6.316355017E+02 
       435  4.528280000E-01  5.566140000E-02  6.666670000E-02  5.199698698E-02  3.886085727E+02 
       436  4.117260000E-01  5.757270000E-02  6.666670000E-02  5.216608078E-02  4.064322053E+02 
       437  2.060650000E-01  5.771190000E-02  6.666670000E-02  4.803180227E-02  5.709208325E+02 
       438  3.706030000E-01  5.898830000E-02  6.666670000E-02  5.225103352E-02  4.279393974E+02 
       439  2.471780000E-01  5.933890000E-02  6.666670000E-02  5.043873499E-02  5.236247711E+02 
       440  3.294650000E-01  5.982680000E-02  6.666670000E-02  5.213723568E-02  4.538272850E+02 
       441  2.883190000E-01  5.998690000E-02  6.666670000E-02  5.164190280E-02  4.852570516E+02 
       442  2.883190000E-01 -5.998690000E-02  1.000000000E-01  9.453389580E-03 -6.587373786E+02 
       443  3.294650000E-01 -5.982680000E-02  1.000000000E-01  4.197828872E-03 -5.680865217E+02 
       444  2.471780000E-01 -5.933890000E-02  1.000000000E-01  2.058932854E-02 -7.856768531E+02 
       445  3.706030000E-01 -5.898830000E-02  1.000000000E-01  7.027963456E-03 -5.053369694E+02 
       446  2.060650000E-01 -5.771190000E-02  1.000000000E-01  3.245450583E-02 -9.572884740E+02 
       447  4.117260000E-01 -5.757270000E-02  1.000000000E-01  1.145916143E-02 -4.613797802E+02 
       448  4.528280000E-01 -5.566140000E-02  1.000000000E-01  1.399597508E-02 -4.294538976E+02 
       449  1.650180000E-01 -5.486620000E-02  1.000000000E-01  4.477954721E-02 -1.186553471E+03 
       450  4.939080000E-01 -5.332060000E-02  1.000000000E-01  1.552965055E-02 -4.057236705E+02 
       451  5.349650000E-01 -5.060440000E-02  1.000000000E-01  1.661478724E-02 -3.882525430E+02 
       452  1.241140000E-01 -5.043730000E-02  1.000000000E-01  5.962633019E-02 -1.516490306E+03 
       453  5.759990000E-01 -4.755650000E-02  1.000000000E-01  1.753916336E-02 -3.756598995E+02 
       454  6.170090000E-01 -4.421250000E-02  1.000000000E-01  1.848639305E-02 -3.666128399E+02 
       455  8.351470000E-02 -4.379180000E-02  1.000000000E-01  8.225067571E-02 -2.016301345E+03 
       456  6.579970000E-01 -4.059990000E-02  1.000000000E-01  1.952534148E-02 -3.599570988E+02 
       457  5.488770000E-02 -3.697740000E-02  1.000000000E-01  1.122389817E-01 -2.579405283E+03 
       458  6.989630000E-01 -3.673990000E-02  1.000000000E-01  2.056602276E-02 -3.549878232E+02 
       459  7.399050000E-01 -3.264710000E-02  1.000000000E-01  2.137567386E-02 -3.510186852E+02 
       460  3.777470000E-02 -3.147510000E-02  1.000000000E-01  1.447222164E-01 -3.148017409E+03 
       461  7.808250000E-01 -2.833060000E-02  1.000000000E-01  2.174164817E-02 -3.472356527E+02 
       462  2.634450000E-02 -2.677890000E-02  1.000000000E-01  1.764954982E-01 -3.769755977E+03 
       463  8.159680000E-01 -2.444550000E-02  1.000000000E-01  2.148718935E-02 -3.437137917E+02 
       464  1.821900000E-02 -2.259850000E-02  1.000000000E-01  2.061012985E-01 -4.433683713E+03 
       465  8.510930000E-01 -2.039720000E-02  1.000000000E-01  2.068660702E-02 -3.403641794E+02 
       466  1.318260000E-02 -1.942040000E-02  1.000000000E-01  2.329872960E-01 -5.106524493E+03 
       467  8.782860000E-01 -1.714700000E-02  1.000000000E-01  1.981160358E-02 -3.378682010E+02 
       468  9.850590000E-03 -1.691540000E-02  1.000000000E-01  2.575396235E-01 -5.726797452E+03 
       469  7.411530000E-03 -1.476420000E-02  1.000000000E-01  2.773176443E-01 -6.166014459E+03 
       470  9.009380000E-01 -1.436040000E-02  1.000000000E-01  1.905115273E-02 -3.359837430E+02 
       471  5.510960000E-03 -1.280140000E-02  1.000000000E-01  2.894293853E-01 -6.450151549E+03 
       472  9.198070000E-01 -1.198220000E-02  1.000000000E-01  1.837216164E-02 -3.344300769E+02 
       473  3.983540000E-03 -1.093890000E-02  1.000000000E-01  2.968579036E-01 -6.676236032E+03 
       474  9.355260000E-01 -9.960600000E-03  1.000000000E-01  1.765892472E-02 -3.330762096E+02 
       475  2.745270000E-03 -9.124550000E-03  1.000000000E-01  3.029080658E-01 -6.843115055E+03 
       476  9.486220000E-01 -8.247430000E-03  1.000000000E-01  1.680944336E-02 -3.318709524E+02 
       477  1.752850000E-03 -7.324960000E-03  1.000000000E-01  3.066625866E-01 -6.914520559E+03 
       478  9.595320000E-01 -6.799650000E-03  1.000000000E-01  1.577342849E-02 -3.308567215E+02 
       479  9.686220000E-01 -5.578890000E-03  1.000000000E-01  1.456739762E-02 -3.302101668E+02 
       480  9.860190000E-04 -5.518970000E-03  1.000000000E-01  3.074104043E-01 -6.840450766E+03 
       481  9.761960000E-01 -4.551510000E-03  1.000000000E-01  1.323648453E-02 -3.299457642E+02 
       482  4.384000000E-04 -3.696570000E-03  1.000000000E-01  3.056567570E-01 -6.579982296E+03 
       483  9.825070000E-01 -3.688230000E-03  1.000000000E-01  1.180299568E-02 -3.299889847E+02 
       484  9.877650000E-01 -2.963870000E-03  1.000000000E-01  1.028779325E-02 -3.304378746E+02 
       485  9.921460000E-01 -2.356690000E-03  1.000000000E-01  8.750519932E-03 -3.313279674E+02 
       486  1.095110000E-04 -1.855900000E-03  1.000000000E-01  3.018714624E-01 -6.152336192E+03 
       487  9.957970000E-01 -1.848260000E-03  1.000000000E-01  7.272504410E-03 -3.326104842E+02 
       488  9.988390000E-01 -1.422790000E-03  1.000000000E-01  5.947731596E-03 -3.342708788E+02 
       489  1.001370000E+00 -1.062990000E-03  1.000000000E-01  4.882484115E-03 -3.361356566E+02 
       490  1.003480000E+00 -7.543150000E-04  1.000000000E-01  4.163557107E-03 -3.379539118E+02 
       491  1.005240000E+00 -4.991700000E-04  1.000000000E-01  3.838922328E-03 -3.396509867E+02 
       492  1.006710000E+00 -2.932730000E-04  1.000000000E-01  3.867951879E-03 -3.412192489E+02 
       493  1.007930000E+00 -1.294160000E-04  1.000000000E-01  4.111381607E-03 -3.428556075E+02 
       494  0.000000000E+00  0.000000000E+00  1.000000000E-01  2.940715229E-01 -5.659395818E+03 
       495  1.008950000E+00  0.000000000E+00  1.000000000E-01  3.213155289E-03 -3.469721992E+02 
       496  1.008950000E+00  1.219510000E-03  1.000000000E-01  2.101190100E-03 -3.531650271E+02 
       497  9.957970000E-01  1.848260000E-03  1.000000000E-01  6.078031764E-04  5.221227059E+02 
       498  1.095110000E-04  1.855900000E-03  1.000000000E-01  2.807063730E-01 -5.098985998E+03 
       499  9.921460000E-01  2.356690000E-03  1.000000000E-01  6.230341849E-04  5.223641046E+02 
       500  1.008950000E+00  2.439020000E-03  1.000000000E-01  3.414922345E-03 -3.594094402E+02 
       501  9.877650000E-01  2.963870000E-03  1.000000000E-01  6.729542739E-04  5.224784312E+02 
       502  1.008950000E+00  3.658540000E-03  1.000000000E-01  4.372695596E-03 -3.633611816E+02 
       503  9.825070000E-01  3.688230000E-03  1.000000000E-01  6.062746259E-04  5.225894148E+02 
       504  4.384000000E-04  3.696570000E-03  1.000000000E-01  2.634219356E-01 -4.409401277E+03 
       505  9.761960000E-01  4.551510000E-03  1.000000000E-01  3.897170368E-04  5.226823562E+02 
       506  1.008950000E+00  4.878050000E-03  1.000000000E-01  5.021862413E-03 -3.670811035E+02 
       507  9.860190000E-04  5.518970000E-03  1.000000000E-01  2.437760994E-01 -3.652611204E+03 
       508  9.686220000E-01  5.578890000E-03  1.000000000E-01  8.464452341E-04  5.225189413E+02 
       509  1.008950000E+00  6.097560000E-03  1.000000000E-01  5.423201874E-03 -3.705396918E+02 
       510  9.595320000E-01  6.799650000E-03  1.000000000E-01  2.383018053E-03  5.217428206E+02 
       511  1.008950000E+00  7.317070000E-03  1.000000000E-01  5.649921006E-03 -3.738012503E+02 
       512  1.752850000E-03  7.324960000E-03  1.000000000E-01  2.226077354E-01 -2.907295174E+03 
       513  9.486220000E-01  8.247430000E-03  1.000000000E-01  4.052045951E-03  5.193595486E+02 
       514  1.008950000E+00  8.536590000E-03  1.000000000E-01  5.756259981E-03 -3.768895776E+02 
       515  2.745270000E-03  9.124550000E-03  1.000000000E-01  2.002410229E-01 -2.192610288E+03 
       516  1.008950000E+00  9.756100000E-03  1.000000000E-01  5.782377237E-03 -3.798708768E+02 
       517  9.355260000E-01  9.960600000E-03  1.000000000E-01  4.215546893E-03  5.138583514E+02 
       518  3.983540000E-03  1.093890000E-02  1.000000000E-01  1.776550209E-01 -1.533364790E+03 
       519  9.988390000E-01  1.096260000E-02  1.000000000E-01  1.248199723E-03  5.201847870E+02 
       520  1.008950000E+00  1.097560000E-02  1.000000000E-01  5.758595060E-03 -3.827757450E+02 
       521  9.198070000E-01  1.198220000E-02  1.000000000E-01  3.826295562E-03  5.030323314E+02 
       522  1.008950000E+00  1.219510000E-02  1.000000000E-01  5.707378132E-03 -3.856265339E+02 
       523  5.510960000E-03  1.280140000E-02  1.000000000E-01  1.563098969E-01 -9.923306852E+02 
       524  1.008950000E+00  1.341460000E-02  1.000000000E-01  5.643879681E-03 -3.884458490E+02 
       525  9.009380000E-01  1.436040000E-02  1.000000000E-01  1.044095645E-02  4.830251389E+02 
       526  1.008950000E+00  1.463410000E-02  1.000000000E-01  5.579086424E-03 -3.912353054E+02 
       527  7.411530000E-03  1.476420000E-02  1.000000000E-01  1.360103613E-01 -5.562804116E+02 
       528  1.008950000E+00  1.585370000E-02  1.000000000E-01  5.522075155E-03 -3.939928973E+02 
       529  9.850590000E-03  1.691540000E-02  1.000000000E-01  1.153441059E-01 -1.666875542E+02 
       530  1.008950000E+00  1.707320000E-02  1.000000000E-01  5.478617290E-03 -3.967254937E+02 
       531  8.782860000E-01  1.714700000E-02  1.000000000E-01  2.303421771E-02  4.520792325E+02 
       532  1.008950000E+00  1.829270000E-02  1.000000000E-01  5.453240858E-03 -3.994226857E+02 
       533  1.318260000E-02  1.942040000E-02  1.000000000E-01  9.304088910E-02  1.843311462E+02 
       534  1.008950000E+00  1.951220000E-02  1.000000000E-01  5.450688704E-03 -4.020783163E+02 
       535  8.510930000E-01  2.039720000E-02  1.000000000E-01  3.302152981E-02  4.161734076E+02 
       536  1.008950000E+00  2.073170000E-02  1.000000000E-01  5.473690499E-03 -4.046975757E+02 
       537  1.001370000E+00  2.073980000E-02  1.000000000E-01  3.073675356E-03  5.134598650E+02 
       538  1.008950000E+00  2.195120000E-02  1.000000000E-01  5.523283520E-03 -4.072822394E+02 
       539  1.821900000E-02  2.259850000E-02  1.000000000E-01  6.852221293E-02  4.779235221E+02 
       540  1.008950000E+00  2.317070000E-02  1.000000000E-01  5.600367843E-03 -4.098325671E+02 
       541  1.008950000E+00  2.439020000E-02  1.000000000E-01  5.705958099E-03 -4.123497550E+02 
       542  8.159680000E-01  2.444550000E-02  1.000000000E-01  3.960648746E-02  3.836220088E+02 
       543  1.008950000E+00  2.560980000E-02  1.000000000E-01  5.841107272E-03 -4.148357474E+02 
       544  2.634450000E-02  2.677890000E-02  1.000000000E-01  4.313399474E-02  6.842693938E+02 
       545  1.008950000E+00  2.682930000E-02  1.000000000E-01  6.006946642E-03 -4.172921511E+02 
       546  1.008950000E+00  2.804880000E-02  1.000000000E-01  6.204782543E-03 -4.197181980E+02 
       547  7.808250000E-01  2.833060000E-02  1.000000000E-01  4.349572066E-02  3.622560942E+02 
       548  1.003480000E+00  2.887370000E-02  1.000000000E-01  4.242656223E-03  5.028713690E+02 
       549  1.008950000E+00  2.926830000E-02  1.000000000E-01  6.435406846E-03 -4.221159686E+02 
       550  1.008950000E+00  3.048780000E-02  1.000000000E-01  6.698192353E-03 -4.244959303E+02 
       551  3.777470000E-02  3.147510000E-02  1.000000000E-01  1.958946121E-02  7.923411956E+02 
       552  1.008950000E+00  3.170730000E-02  1.000000000E-01  6.991913156E-03 -4.268639950E+02 
       553  7.399050000E-01  3.264710000E-02  1.000000000E-01  4.620177036E-02  3.489781621E+02 
       554  1.008950000E+00  3.292680000E-02  1.000000000E-01  7.316119617E-03 -4.292194085E+02 
       555  1.008950000E+00  3.414630000E-02  1.000000000E-01  7.671160122E-03 -4.315644076E+02 
       556  1.008950000E+00  3.536590000E-02  1.000000000E-01  8.057800202E-03 -4.339023126E+02 
       557  1.005240000E+00  3.565510000E-02  1.000000000E-01  4.765451031E-03  4.953139769E+02 
       558  1.008950000E+00  3.658540000E-02  1.000000000E-01  8.477443087E-03 -4.362382636E+02 
       559  6.989630000E-01  3.673990000E-02  1.000000000E-01  4.800266688E-02  3.432353675E+02 
       560  5.488770000E-02  3.697740000E-02  1.000000000E-01  8.739760206E-03  8.192782288E+02 
       561  1.008950000E+00  3.780490000E-02  1.000000000E-01  8.933091771E-03 -4.385856014E+02 
       562  1.008950000E+00  3.902440000E-02  1.000000000E-01  9.431081133E-03 -4.409721553E+02 
       563  1.008950000E+00  4.024390000E-02  1.000000000E-01  9.983994686E-03 -4.434440436E+02 
       564  6.579970000E-01  4.059990000E-02  1.000000000E-01  4.924841132E-02  3.428536692E+02 
       565  1.006710000E+00  4.131690000E-02  1.000000000E-01  1.510696978E-02  4.999127325E+02 
       566  1.008950000E+00  4.146340000E-02  1.000000000E-01  1.061593399E-02 -4.460733014E+02 
       567  1.008950000E+00  4.268290000E-02  1.000000000E-01  1.137153012E-02 -4.489972278E+02 
       568  8.351470000E-02  4.379180000E-02  1.000000000E-01  1.782258816E-02  7.817083190E+02 
       569  1.008950000E+00  4.390240000E-02  1.000000000E-01  1.232597236E-02 -4.524917561E+02 
       570  6.170090000E-01  4.421250000E-02  1.000000000E-01  5.020752815E-02  3.463261436E+02 
       571  1.008950000E+00  4.512200000E-02  1.000000000E-01  1.360713966E-02 -4.569001242E+02 
       572  1.007930000E+00  4.604710000E-02  1.000000000E-01  4.761310260E-02  4.678078242E+02 
       573  1.008950000E+00  4.634150000E-02  1.000000000E-01  1.532356530E-02 -4.633809360E+02 
       574  5.759990000E-01  4.755650000E-02  1.000000000E-01  5.094156081E-02  3.528344229E+02 
       575  1.008950000E+00  4.756100000E-02  1.000000000E-01  1.793685909E-02 -4.692560113E+02 
       576  1.008950000E+00  4.878050000E-02  1.000000000E-01  1.978711917E-02 -5.012409924E+02 
       577  1.008950000E+00  5.000000000E-02  1.000000000E-01  4.999163011E-02 -1.087742710E+02 
       578  1.241140000E-01  5.043730000E-02  1.000000000E-01  3.375338656E-02  7.053873220E+02 
       579  5.349650000E-01  5.060440000E-02  1.000000000E-01  5.145460747E-02  3.620511096E+02 
       580  4.939080000E-01  5.332060000E-02  1.000000000E-01  5.177934285E-02  3.739181017E+02 
       581  1.650180000E-01  5.486620000E-02  1.000000000E-01  4.315238792E-02  6.316352109E+02 
       582  4.528280000E-01  5.566140000E-02  1.000000000E-01  5.199699056E-02  3.886085686E+02 
       583  4.117260000E-01  5.757270000E-02  1.000000000E-01  5.216608421E-02  4.064321971E+02 
       584  2.060650000E-01  5.771190000E-02  1.000000000E-01  4.803180861E-02  5.709207361E+02 
       585  3.706030000E-01  5.898830000E-02  1.000000000E-01  5.225103658E-02  4.279394028E+02 
       586  2.471780000E-01  5.933890000E-02  1.000000000E-01  5.043873854E-02  5.236247115E+02 
       587  3.294650000E-01  5.982680000E-02  1.000000000E-01  5.213723776E-02  4.538273238E+02 
       588  2.883190000E-01  5.998690000E-02  1.000000000E-01  5.164190466E-02  4.852570497E+02 
