nodenumber     x-coordinate     y-coordinate     z-coordinate      mach-number         pressure 
         1  2.883190000E-01 -5.998690000E-02  0.000000000E+00  5.880381965E-02 -1.029430603E+03 
         2  3.294650000E-01 -5.982680000E-02  0.000000000E+00  5.429209524E-02 -9.227506818E+02 
         3  2.471780000E-01 -5.933890000E-02  0.000000000E+00  6.366601752E-02 -1.156618676E+03 
         4  3.706030000E-01 -5.898830000E-02  0.000000000E+00  5.009186112E-02 -8.309615020E+02 
         5  2.060650000E-01 -5.771190000E-02  0.000000000E+00  6.915620475E-02 -1.313862283E+03 
         6  4.117260000E-01 -5.757270000E-02  0.000000000E+00  4.622957317E-02 -7.505085460E+02 
         7  4.528280000E-01 -5.566140000E-02  0.000000000E+00  4.268371091E-02 -6.789829974E+02 
         8  1.650180000E-01 -5.486620000E-02  0.000000000E+00  7.610454088E-02 -1.518009011E+03 
         9  4.939080000E-01 -5.332060000E-02  0.000000000E+00  3.943308383E-02 -6.147673978E+02 
        10  5.349650000E-01 -5.060440000E-02  0.000000000E+00  3.640785203E-02 -5.568816657E+02 
        11  1.241140000E-01 -5.043730000E-02  0.000000000E+00  8.627728744E-02 -1.816875496E+03 
        12  5.759990000E-01 -4.755650000E-02  0.000000000E+00  3.351498816E-02 -5.046290953E+02 
        13  6.170090000E-01 -4.421250000E-02  0.000000000E+00  3.075356005E-02 -4.574568787E+02 
        14  8.351470000E-02 -4.379180000E-02  0.000000000E+00  1.035833900E-01 -2.282262431E+03 
        15  6.579970000E-01 -4.059990000E-02  0.000000000E+00  2.816368047E-02 -4.149706163E+02 
        16  5.488770000E-02 -3.697740000E-02  0.000000000E+00  1.281956162E-01 -2.815776752E+03 
        17  6.989630000E-01 -3.673990000E-02  0.000000000E+00  2.575959575E-02 -3.770891804E+02 
        18  7.399050000E-01 -3.264710000E-02  0.000000000E+00  2.355694546E-02 -3.436621427E+02 
        19  3.777470000E-02 -3.147510000E-02  0.000000000E+00  1.564845962E-01 -3.358751125E+03 
        20  7.808250000E-01 -2.833060000E-02  0.000000000E+00  2.160192334E-02 -3.150695608E+02 
        21  2.634450000E-02 -2.677890000E-02  0.000000000E+00  1.852892783E-01 -3.950373117E+03 
        22  8.159680000E-01 -2.444550000E-02  0.000000000E+00  2.007410004E-02 -2.937028716E+02 
        23  1.821900000E-02 -2.259850000E-02  0.000000000E+00  2.127581085E-01 -4.585391840E+03 
        24  8.510930000E-01 -2.039720000E-02  0.000000000E+00  1.887570703E-02 -2.767363488E+02 
        25  1.318260000E-02 -1.942040000E-02  0.000000000E+00  2.383467589E-01 -5.236175894E+03 
        26  8.782860000E-01 -1.714700000E-02  0.000000000E+00  1.817071787E-02 -2.655923371E+02 
        27  9.850590000E-03 -1.691540000E-02  0.000000000E+00  2.617523230E-01 -5.817781856E+03 
        28  7.411530000E-03 -1.476420000E-02  0.000000000E+00  2.795462617E-01 -6.199278034E+03 
        29  9.009380000E-01 -1.436040000E-02  0.000000000E+00  1.786085654E-02 -2.584931250E+02 
        30  5.510960000E-03 -1.280140000E-02  0.000000000E+00  2.897925939E-01 -6.441795093E+03 
        31  9.198070000E-01 -1.198220000E-02  0.000000000E+00  1.787089835E-02 -2.540688070E+02 
        32  3.983540000E-03 -1.093890000E-02  0.000000000E+00  2.963084584E-01 -6.639153180E+03 
        33  9.355260000E-01 -9.960600000E-03  0.000000000E+00  1.814146372E-02 -2.516070181E+02 
        34  2.745270000E-03 -9.124550000E-03  0.000000000E+00  3.014929139E-01 -6.771927487E+03 
        35  9.486220000E-01 -8.247430000E-03  0.000000000E+00  1.862731319E-02 -2.505292866E+02 
        36  1.752850000E-03 -7.324960000E-03  0.000000000E+00  3.042460425E-01 -6.805788608E+03 
        37  9.595320000E-01 -6.799650000E-03  0.000000000E+00  1.928227788E-02 -2.504529514E+02 
        38  9.686220000E-01 -5.578890000E-03  0.000000000E+00  2.007462422E-02 -2.511424651E+02 
        39  9.860190000E-04 -5.518970000E-03  0.000000000E+00  3.041130922E-01 -6.692137765E+03 
        40  9.761960000E-01 -4.551510000E-03  0.000000000E+00  2.095495412E-02 -2.523275021E+02 
        41  4.384000000E-04 -3.696570000E-03  0.000000000E+00  3.016495927E-01 -6.397066311E+03 
        42  9.825070000E-01 -3.688230000E-03  0.000000000E+00  2.186923888E-02 -2.538304956E+02 
        43  9.877650000E-01 -2.963870000E-03  0.000000000E+00  2.279495897E-02 -2.555678393E+02 
        44  9.921460000E-01 -2.356690000E-03  0.000000000E+00  2.371244648E-02 -2.574331997E+02 
        45  1.095110000E-04 -1.855900000E-03  0.000000000E+00  2.970951105E-01 -5.949257612E+03 
        46  9.957970000E-01 -1.848260000E-03  0.000000000E+00  2.461282766E-02 -2.593468200E+02 
        47  9.988390000E-01 -1.422790000E-03  0.000000000E+00  2.547517853E-02 -2.612298124E+02 
        48  1.001370000E+00 -1.062990000E-03  0.000000000E+00  2.623731929E-02 -2.629211526E+02 
        49  1.003480000E+00 -7.543150000E-04  0.000000000E+00  2.688145360E-02 -2.642184006E+02 
        50  1.005240000E+00 -4.991700000E-04  0.000000000E+00  2.750790980E-02 -2.653216526E+02 
        51  1.006710000E+00 -2.932730000E-04  0.000000000E+00  2.821207891E-02 -2.665164663E+02 
        52  1.007930000E+00 -1.294160000E-04  0.000000000E+00  2.896135510E-02 -2.678063932E+02 
        53  0.000000000E+00  0.000000000E+00  0.000000000E+00  2.883317383E-01 -5.449421780E+03 
        54  1.008950000E+00  0.000000000E+00  0.000000000E+00  1.988473705E-02 -2.707307905E+02 
        55  1.008950000E+00  1.219510000E-03  0.000000000E+00  5.084211909E-03 -2.732962620E+02 
        56  9.957970000E-01  1.848260000E-03  0.000000000E+00  2.634477150E-04  5.142627983E+02 
        57  1.095110000E-04  1.855900000E-03  0.000000000E+00  2.742291416E-01 -4.879345696E+03 
        58  9.921460000E-01  2.356690000E-03  0.000000000E+00  3.000436746E-04  5.142291259E+02 
        59  1.008950000E+00  2.439020000E-03  0.000000000E+00  5.775284120E-03 -2.729406087E+02 
        60  9.877650000E-01  2.963870000E-03  0.000000000E+00  4.008505846E-04  5.141407068E+02 
        61  1.008950000E+00  3.658540000E-03  0.000000000E+00  7.575552362E-03 -2.747157249E+02 
        62  9.825070000E-01  3.688230000E-03  0.000000000E+00  5.410862895E-04  5.140179929E+02 
        63  4.384000000E-04  3.696570000E-03  0.000000000E+00  2.565566391E-01 -4.184947881E+03 
        64  9.761960000E-01  4.551510000E-03  0.000000000E+00  8.091562173E-04  5.138270440E+02 
        65  1.008950000E+00  4.878050000E-03  0.000000000E+00  9.996987437E-03 -2.771074117E+02 
        66  9.860190000E-04  5.518970000E-03  0.000000000E+00  2.366607056E-01 -3.439174564E+03 
        67  9.686220000E-01  5.578890000E-03  0.000000000E+00  1.368306625E-03  5.135211081E+02 
        68  1.008950000E+00  6.097560000E-03  0.000000000E+00  1.242470467E-02 -2.802332312E+02 
        69  9.595320000E-01  6.799650000E-03  0.000000000E+00  2.390711492E-03  5.128934648E+02 
        70  1.008950000E+00  7.317070000E-03  0.000000000E+00  1.476204239E-02 -2.838398548E+02 
        71  1.752850000E-03  7.324960000E-03  0.000000000E+00  2.153711401E-01 -2.712394176E+03 
        72  9.486220000E-01  8.247430000E-03  0.000000000E+00  3.647784266E-03  5.112968861E+02 
        73  1.008950000E+00  8.536590000E-03  0.000000000E+00  1.693903177E-02 -2.877234068E+02 
        74  2.745270000E-03  9.124550000E-03  0.000000000E+00  1.930067259E-01 -2.020826573E+03 
        75  1.008950000E+00  9.756100000E-03  0.000000000E+00  1.893542292E-02 -2.916918812E+02 
        76  9.355260000E-01  9.960600000E-03  0.000000000E+00  4.201504575E-03  5.074559850E+02 
        77  3.983540000E-03  1.093890000E-02  0.000000000E+00  1.705764937E-01 -1.390095839E+03 
        78  9.988390000E-01  1.096260000E-02  0.000000000E+00  7.349601821E-04  5.140220244E+02 
        79  1.008950000E+00  1.097560000E-02  0.000000000E+00  2.075349306E-02 -2.955890951E+02 
        80  9.198070000E-01  1.198220000E-02  0.000000000E+00  2.315026176E-03  4.995440516E+02 
        81  1.008950000E+00  1.219510000E-02  0.000000000E+00  2.240449748E-02 -2.992955325E+02 
        82  5.510960000E-03  1.280140000E-02  0.000000000E+00  1.494885258E-01 -8.811056603E+02 
        83  1.008950000E+00  1.341460000E-02  0.000000000E+00  2.390063103E-02 -3.027177821E+02 
        84  9.009380000E-01  1.436040000E-02  0.000000000E+00  5.212704883E-03  4.849829915E+02 
        85  1.008950000E+00  1.463410000E-02  0.000000000E+00  2.525136745E-02 -3.057756754E+02 
        86  7.411530000E-03  1.476420000E-02  0.000000000E+00  1.294646258E-01 -4.718662108E+02 
        87  1.008950000E+00  1.585370000E-02  0.000000000E+00  2.646293551E-02 -3.083961614E+02 
        88  9.850590000E-03  1.691540000E-02  0.000000000E+00  1.090583390E-01 -1.054500661E+02 
        89  1.008950000E+00  1.707320000E-02  0.000000000E+00  2.753815139E-02 -3.105037638E+02 
        90  8.782860000E-01  1.714700000E-02  0.000000000E+00  1.608540685E-02  4.610219567E+02 
        91  1.008950000E+00  1.829270000E-02  0.000000000E+00  2.847833929E-02 -3.120269310E+02 
        92  1.318260000E-02  1.942040000E-02  0.000000000E+00  8.708613017E-02  2.192868386E+02 
        93  1.008950000E+00  1.951220000E-02  0.000000000E+00  2.928784900E-02 -3.129285498E+02 
        94  8.510930000E-01  2.039720000E-02  0.000000000E+00  2.655814492E-02  4.293056228E+02 
        95  1.008950000E+00  2.073170000E-02  0.000000000E+00  2.996664050E-02 -3.131368193E+02 
        96  1.001370000E+00  2.073980000E-02  0.000000000E+00  1.857289810E-03  5.130973769E+02 
        97  1.008950000E+00  2.195120000E-02  0.000000000E+00  3.051172840E-02 -3.125946324E+02 
        98  1.821900000E-02  2.259850000E-02  0.000000000E+00  6.307661298E-02  4.851429410E+02 
        99  1.008950000E+00  2.317070000E-02  0.000000000E+00  3.092565259E-02 -3.112831970E+02 
       100  1.008950000E+00  2.439020000E-02  0.000000000E+00  3.121359828E-02 -3.091598826E+02 
       101  8.159680000E-01  2.444550000E-02  0.000000000E+00  3.407378298E-02  3.961529532E+02 
       102  1.008950000E+00  2.560980000E-02  0.000000000E+00  3.138436738E-02 -3.062195547E+02 
       103  2.634450000E-02  2.677890000E-02  0.000000000E+00  3.827512617E-02  6.668677793E+02 
       104  1.008950000E+00  2.682930000E-02  0.000000000E+00  3.144782660E-02 -3.024611068E+02 
       105  1.008950000E+00  2.804880000E-02  0.000000000E+00  3.139618099E-02 -2.978074372E+02 
       106  7.808250000E-01  2.833060000E-02  0.000000000E+00  3.850263571E-02  3.710132073E+02 
       107  1.003480000E+00  2.887370000E-02  0.000000000E+00  2.811270772E-03  5.128825686E+02 
       108  1.008950000E+00  2.926830000E-02  0.000000000E+00  3.120546826E-02 -2.922302642E+02 
       109  1.008950000E+00  3.048780000E-02  0.000000000E+00  3.085315924E-02 -2.857856405E+02 
       110  3.777470000E-02  3.147510000E-02  0.000000000E+00  1.558151976E-02  7.552210730E+02 
       111  1.008950000E+00  3.170730000E-02  0.000000000E+00  3.031660982E-02 -2.785303512E+02 
       112  7.399050000E-01  3.264710000E-02  0.000000000E+00  4.160377751E-02  3.522251214E+02 
       113  1.008950000E+00  3.292680000E-02  0.000000000E+00  2.957688826E-02 -2.705072635E+02 
       114  1.008950000E+00  3.414630000E-02  0.000000000E+00  2.862465358E-02 -2.616989977E+02 
       115  1.008950000E+00  3.536590000E-02  0.000000000E+00  2.745630351E-02 -2.520985207E+02 
       116  1.005240000E+00  3.565510000E-02  0.000000000E+00  4.074340173E-03  5.181104820E+02 
       117  1.008950000E+00  3.658540000E-02  0.000000000E+00  2.606809282E-02 -2.417968069E+02 
       118  6.989630000E-01  3.673990000E-02  0.000000000E+00  4.375981231E-02  3.405777462E+02 
       119  5.488770000E-02  3.697740000E-02  0.000000000E+00  8.735963990E-03  7.664730176E+02 
       120  1.008950000E+00  3.780490000E-02  0.000000000E+00  2.445142807E-02 -2.309861034E+02 
       121  1.008950000E+00  3.902440000E-02  0.000000000E+00  2.258939041E-02 -2.199593529E+02 
       122  1.008950000E+00  4.024390000E-02  0.000000000E+00  2.045302737E-02 -2.090561362E+02 
       123  6.579970000E-01  4.059990000E-02  0.000000000E+00  4.537182359E-02  3.341022972E+02 
       124  1.006710000E+00  4.131690000E-02  0.000000000E+00  1.356321452E-02  5.353666320E+02 
       125  1.008950000E+00  4.146340000E-02  0.000000000E+00  1.799594380E-02 -1.986167852E+02 
       126  1.008950000E+00  4.268290000E-02  0.000000000E+00  1.514639036E-02 -1.890394986E+02 
       127  8.351470000E-02  4.379180000E-02  0.000000000E+00  2.127129988E-02  7.191617451E+02 
       128  1.008950000E+00  4.390240000E-02  0.000000000E+00  1.181034296E-02 -1.809515580E+02 
       129  6.170090000E-01  4.421250000E-02  0.000000000E+00  4.657839368E-02  3.318781936E+02 
       130  1.008950000E+00  4.512200000E-02  0.000000000E+00  7.917448732E-03 -1.753131120E+02 
       131  1.007930000E+00  4.604710000E-02  0.000000000E+00  4.011854668E-02  5.169503912E+02 
       132  1.008950000E+00  4.634150000E-02  0.000000000E+00  4.386781317E-03 -1.740722754E+02 
       133  5.759990000E-01  4.755650000E-02  0.000000000E+00  4.755478076E-02  3.331520836E+02 
       134  1.008950000E+00  4.756100000E-02  0.000000000E+00  5.376766331E-03 -1.777036071E+02 
       135  1.008950000E+00  4.878050000E-02  0.000000000E+00  1.051340215E-02 -2.070494344E+02 
       136  1.008950000E+00  5.000000000E-02  0.000000000E+00  4.040712335E-02  7.975851621E+01 
       137  1.241140000E-01  5.043730000E-02  0.000000000E+00  3.603799566E-02  6.382216002E+02 
       138  5.349650000E-01  5.060440000E-02  0.000000000E+00  4.842410964E-02  3.371311946E+02 
       139  4.939080000E-01  5.332060000E-02  0.000000000E+00  4.912098131E-02  3.438295403E+02 
       140  1.650180000E-01  5.486620000E-02  0.000000000E+00  4.433679524E-02  5.649447257E+02 
       141  4.528280000E-01  5.566140000E-02  0.000000000E+00  4.970764279E-02  3.534728510E+02 
       142  4.117260000E-01  5.757270000E-02  0.000000000E+00  5.022464728E-02  3.663563508E+02 
       143  2.060650000E-01  5.771190000E-02  0.000000000E+00  4.834407272E-02  5.082187145E+02 
       144  3.706030000E-01  5.898830000E-02  0.000000000E+00  5.066992118E-02  3.829939267E+02 
       145  2.471780000E-01  5.933890000E-02  0.000000000E+00  5.019174925E-02  4.649177911E+02 
       146  3.294650000E-01  5.982680000E-02  0.000000000E+00  5.094513523E-02  4.041554038E+02 
       147  2.883190000E-01  5.998690000E-02  0.000000000E+00  5.088834823E-02  4.309486620E+02 
       148  2.883190000E-01 -5.998690000E-02  3.333330000E-02  5.880382406E-02 -1.029430687E+03 
       149  3.294650000E-01 -5.982680000E-02  3.333330000E-02  5.429209331E-02 -9.227506253E+02 
       150  2.471780000E-01 -5.933890000E-02  3.333330000E-02  6.366602940E-02 -1.156618947E+03 
       151  3.706030000E-01 -5.898830000E-02  3.333330000E-02  5.009186433E-02 -8.309615590E+02 
       152  2.060650000E-01 -5.771190000E-02  3.333330000E-02  6.915622124E-02 -1.313862667E+03 
       153  4.117260000E-01 -5.757270000E-02  3.333330000E-02  4.622957909E-02 -7.505086550E+02 
       154  4.528280000E-01 -5.566140000E-02  3.333330000E-02  4.268371652E-02 -6.789830927E+02 
       155  1.650180000E-01 -5.486620000E-02  3.333330000E-02  7.610458120E-02 -1.518010036E+03 
       156  4.939080000E-01 -5.332060000E-02  3.333330000E-02  3.943308617E-02 -6.147674188E+02 
       157  5.349650000E-01 -5.060440000E-02  3.333330000E-02  3.640785631E-02 -5.568817058E+02 
       158  1.241140000E-01 -5.043730000E-02  3.333330000E-02  8.627736469E-02 -1.816877584E+03 
       159  5.759990000E-01 -4.755650000E-02  3.333330000E-02  3.351499336E-02 -5.046291287E+02 
       160  6.170090000E-01 -4.421250000E-02  3.333330000E-02  3.075356529E-02 -4.574568882E+02 
       161  8.351470000E-02 -4.379180000E-02  3.333330000E-02  1.035838391E-01 -2.282273660E+03 
       162  6.579970000E-01 -4.059990000E-02  3.333330000E-02  2.816368682E-02 -4.149706163E+02 
       163  5.488770000E-02 -3.697740000E-02  3.333330000E-02  1.281964445E-01 -2.815792620E+03 
       164  6.989630000E-01 -3.673990000E-02  3.333330000E-02  2.575960235E-02 -3.770891516E+02 
       165  7.399050000E-01 -3.264710000E-02  3.333330000E-02  2.355695673E-02 -3.436621534E+02 
       166  3.777470000E-02 -3.147510000E-02  3.333330000E-02  1.564852162E-01 -3.358762741E+03 
       167  7.808250000E-01 -2.833060000E-02  3.333330000E-02  2.160192469E-02 -3.150694133E+02 
       168  2.634450000E-02 -2.677890000E-02  3.333330000E-02  1.852895598E-01 -3.950379129E+03 
       169  8.159680000E-01 -2.444550000E-02  3.333330000E-02  2.007411241E-02 -2.937028882E+02 
       170  1.821900000E-02 -2.259850000E-02  3.333330000E-02  2.127583317E-01 -4.585397093E+03 
       171  8.510930000E-01 -2.039720000E-02  3.333330000E-02  1.887570684E-02 -2.767362153E+02 
       172  1.318260000E-02 -1.942040000E-02  3.333330000E-02  2.383472368E-01 -5.236188482E+03 
       173  8.782860000E-01 -1.714700000E-02  3.333330000E-02  1.817072116E-02 -2.655922918E+02 
       174  9.850590000E-03 -1.691540000E-02  3.333330000E-02  2.617529367E-01 -5.817795724E+03 
       175  7.411530000E-03 -1.476420000E-02  3.333330000E-02  2.795466546E-01 -6.199285484E+03 
       176  9.009380000E-01 -1.436040000E-02  3.333330000E-02  1.786085972E-02 -2.584931237E+02 
       177  5.510960000E-03 -1.280140000E-02  3.333330000E-02  2.897927790E-01 -6.441800968E+03 
       178  9.198070000E-01 -1.198220000E-02  3.333330000E-02  1.787090018E-02 -2.540688178E+02 
       179  3.983540000E-03 -1.093890000E-02  3.333330000E-02  2.963085907E-01 -6.639156760E+03 
       180  9.355260000E-01 -9.960600000E-03  3.333330000E-02  1.814146539E-02 -2.516070401E+02 
       181  2.745270000E-03 -9.124550000E-03  3.333330000E-02  3.014929824E-01 -6.771928891E+03 
       182  9.486220000E-01 -8.247430000E-03  3.333330000E-02  1.862731453E-02 -2.505293237E+02 
       183  1.752850000E-03 -7.324960000E-03  3.333330000E-02  3.042460535E-01 -6.805788118E+03 
       184  9.595320000E-01 -6.799650000E-03  3.333330000E-02  1.928228105E-02 -2.504530088E+02 
       185  9.686220000E-01 -5.578890000E-03  3.333330000E-02  2.007463191E-02 -2.511425486E+02 
       186  9.860190000E-04 -5.518970000E-03  3.333330000E-02  3.041130805E-01 -6.692136306E+03 
       187  9.761960000E-01 -4.551510000E-03  3.333330000E-02  2.095496734E-02 -2.523276185E+02 
       188  4.384000000E-04 -3.696570000E-03  3.333330000E-02  3.016495797E-01 -6.397064910E+03 
       189  9.825070000E-01 -3.688230000E-03  3.333330000E-02  2.186926041E-02 -2.538306574E+02 
       190  9.877650000E-01 -2.963870000E-03  3.333330000E-02  2.279499191E-02 -2.555680609E+02 
       191  9.921460000E-01 -2.356690000E-03  3.333330000E-02  2.371249365E-02 -2.574334967E+02 
       192  1.095110000E-04 -1.855900000E-03  3.333330000E-02  2.970951022E-01 -5.949256906E+03 
       193  9.957970000E-01 -1.848260000E-03  3.333330000E-02  2.461289186E-02 -2.593472083E+02 
       194  9.988390000E-01 -1.422790000E-03  3.333330000E-02  2.547526296E-02 -2.612303064E+02 
       195  1.001370000E+00 -1.062990000E-03  3.333330000E-02  2.623742682E-02 -2.629217639E+02 
       196  1.003480000E+00 -7.543150000E-04  3.333330000E-02  2.688158780E-02 -2.642191397E+02 
       197  1.005240000E+00 -4.991700000E-04  3.333330000E-02  2.750807516E-02 -2.653225311E+02 
       198  1.006710000E+00 -2.932730000E-04  3.333330000E-02  2.821228042E-02 -2.665175018E+02 
       199  1.007930000E+00 -1.294160000E-04  3.333330000E-02  2.896159812E-02 -2.678075983E+02 
       200  0.000000000E+00  0.000000000E+00  3.333330000E-02  2.883317349E-01 -5.449421607E+03 
       201  1.008950000E+00  0.000000000E+00  3.333330000E-02  1.716602210E-02 -2.714655426E+02 
       202  1.008950000E+00  1.219510000E-03  3.333330000E-02  5.084201604E-03 -2.732978821E+02 
       203  9.957970000E-01  1.848260000E-03  3.333330000E-02  2.634894105E-04  5.142627874E+02 
       204  1.095110000E-04  1.855900000E-03  3.333330000E-02  2.742291553E-01 -4.879346232E+03 
       205  9.921460000E-01  2.356690000E-03  3.333330000E-02  3.000429857E-04  5.142291292E+02 
       206  1.008950000E+00  2.439020000E-03  3.333330000E-02  5.775066404E-03 -2.729420875E+02 
       207  9.877650000E-01  2.963870000E-03  3.333330000E-02  4.008503790E-04  5.141407103E+02 
       208  1.008950000E+00  3.658540000E-03  3.333330000E-02  7.575304835E-03 -2.747172893E+02 
       209  9.825070000E-01  3.688230000E-03  3.333330000E-02  5.410876861E-04  5.140179965E+02 
       210  4.384000000E-04  3.696570000E-03  3.333330000E-02  2.565566954E-01 -4.184950081E+03 
       211  9.761960000E-01  4.551510000E-03  3.333330000E-02  8.091595253E-04  5.138270473E+02 
       212  1.008950000E+00  4.878050000E-03  3.333330000E-02  9.996787431E-03 -2.771089673E+02 
       213  9.860190000E-04  5.518970000E-03  3.333330000E-02  2.366608341E-01 -3.439179187E+03 
       214  9.686220000E-01  5.578890000E-03  3.333330000E-02  1.368310388E-03  5.135211108E+02 
       215  1.008950000E+00  6.097560000E-03  3.333330000E-02  1.242450724E-02 -2.802347312E+02 
       216  9.595320000E-01  6.799650000E-03  3.333330000E-02  2.390712842E-03  5.128934671E+02 
       217  1.008950000E+00  7.317070000E-03  3.333330000E-02  1.476183266E-02 -2.838412511E+02 
       218  1.752850000E-03  7.324960000E-03  3.333330000E-02  2.153713719E-01 -2.712401673E+03 
       219  9.486220000E-01  8.247430000E-03  3.333330000E-02  3.647782394E-03  5.112968973E+02 
       220  1.008950000E+00  8.536590000E-03  3.333330000E-02  1.693880995E-02 -2.877246840E+02 
       221  2.745270000E-03  9.124550000E-03  3.333330000E-02  1.930070941E-01 -2.020837442E+03 
       222  1.008950000E+00  9.756100000E-03  3.333330000E-02  1.893519274E-02 -2.916930443E+02 
       223  9.355260000E-01  9.960600000E-03  3.333330000E-02  4.201509942E-03  5.074560191E+02 
       224  3.983540000E-03  1.093890000E-02  3.333330000E-02  1.705769676E-01 -1.390108464E+03 
       225  9.988390000E-01  1.096260000E-02  3.333330000E-02  7.370151728E-04  5.140209595E+02 
       226  1.008950000E+00  1.097560000E-02  3.333330000E-02  2.075325857E-02 -2.955901568E+02 
       227  9.198070000E-01  1.198220000E-02  3.333330000E-02  2.315037448E-03  4.995441084E+02 
       228  1.008950000E+00  1.219510000E-02  3.333330000E-02  2.240426221E-02 -2.992965075E+02 
       229  5.510960000E-03  1.280140000E-02  3.333330000E-02  1.494890568E-01 -8.811170274E+02 
       230  1.008950000E+00  1.341460000E-02  3.333330000E-02  2.390039810E-02 -3.027186856E+02 
       231  9.009380000E-01  1.436040000E-02  3.333330000E-02  5.212641320E-03  4.849830863E+02 
       232  1.008950000E+00  1.463410000E-02  3.333330000E-02  2.525113977E-02 -3.057765222E+02 
       233  7.411530000E-03  1.476420000E-02  3.333330000E-02  1.294651961E-01 -4.718772726E+02 
       234  1.008950000E+00  1.585370000E-02  3.333330000E-02  2.646271563E-02 -3.083969647E+02 
       235  9.850590000E-03  1.691540000E-02  3.333330000E-02  1.090589195E-01 -1.054596686E+02 
       236  1.008950000E+00  1.707320000E-02  3.333330000E-02  2.753794140E-02 -3.105045349E+02 
       237  8.782860000E-01  1.714700000E-02  3.333330000E-02  1.608529415E-02  4.610221979E+02 
       238  1.008950000E+00  1.829270000E-02  3.333330000E-02  2.847814077E-02 -3.120276764E+02 
       239  1.318260000E-02  1.942040000E-02  3.333330000E-02  8.708656831E-02  2.192811016E+02 
       240  1.008950000E+00  1.951220000E-02  3.333330000E-02  2.928766330E-02 -3.129292772E+02 
       241  8.510930000E-01  2.039720000E-02  3.333330000E-02  2.655803722E-02  4.293060123E+02 
       242  1.008950000E+00  2.073170000E-02  3.333330000E-02  2.996646883E-02 -3.131375352E+02 
       243  1.001370000E+00  2.073980000E-02  3.333330000E-02  1.860100113E-03  5.130944827E+02 
       244  1.008950000E+00  2.195120000E-02  3.333330000E-02  3.051157013E-02 -3.125953308E+02 
       245  1.821900000E-02  2.259850000E-02  3.333330000E-02  6.307681820E-02  4.851410792E+02 
       246  1.008950000E+00  2.317070000E-02  3.333330000E-02  3.092550720E-02 -3.112838674E+02 
       247  1.008950000E+00  2.439020000E-02  3.333330000E-02  3.121346769E-02 -3.091605143E+02 
       248  8.159680000E-01  2.444550000E-02  3.333330000E-02  3.407377903E-02  3.961529544E+02 
       249  1.008950000E+00  2.560980000E-02  3.333330000E-02  3.138425107E-02 -3.062201109E+02 
       250  2.634450000E-02  2.677890000E-02  3.333330000E-02  3.827535948E-02  6.668665407E+02 
       251  1.008950000E+00  2.682930000E-02  3.333330000E-02  3.144771861E-02 -3.024615545E+02 
       252  1.008950000E+00  2.804880000E-02  3.333330000E-02  3.139607738E-02 -2.978077362E+02 
       253  7.808250000E-01  2.833060000E-02  3.333330000E-02  3.850261037E-02  3.710133461E+02 
       254  1.003480000E+00  2.887370000E-02  3.333330000E-02  2.812267014E-03  5.128846574E+02 
       255  1.008950000E+00  2.926830000E-02  3.333330000E-02  3.120536466E-02 -2.922303680E+02 
       256  1.008950000E+00  3.048780000E-02  3.333330000E-02  3.085304421E-02 -2.857855291E+02 
       257  3.777470000E-02  3.147510000E-02  3.333330000E-02  1.558195502E-02  7.552201796E+02 
       258  1.008950000E+00  3.170730000E-02  3.333330000E-02  3.031647101E-02 -2.785300055E+02 
       259  7.399050000E-01  3.264710000E-02  3.333330000E-02  4.160377529E-02  3.522251156E+02 
       260  1.008950000E+00  3.292680000E-02  3.333330000E-02  2.957671755E-02 -2.705066532E+02 
       261  1.008950000E+00  3.414630000E-02  3.333330000E-02  2.862444851E-02 -2.616980710E+02 
       262  1.008950000E+00  3.536590000E-02  3.333330000E-02  2.745606596E-02 -2.520972381E+02 
       263  1.005240000E+00  3.565510000E-02  3.333330000E-02  4.077075670E-03  5.181263340E+02 
       264  1.008950000E+00  3.658540000E-02  3.333330000E-02  2.606782726E-02 -2.417951713E+02 
       265  6.989630000E-01  3.673990000E-02  3.333330000E-02  4.375980830E-02  3.405777497E+02 
       266  5.488770000E-02  3.697740000E-02  3.333330000E-02  8.735704370E-03  7.664737603E+02 
       267  1.008950000E+00  3.780490000E-02  3.333330000E-02  2.445114128E-02 -2.309841640E+02 
       268  1.008950000E+00  3.902440000E-02  3.333330000E-02  2.258909139E-02 -2.199572033E+02 
       269  1.008950000E+00  4.024390000E-02  3.333330000E-02  2.045272677E-02 -2.090538671E+02 
       270  6.579970000E-01  4.059990000E-02  3.333330000E-02  4.537182114E-02  3.341022934E+02 
       271  1.006710000E+00  4.131690000E-02  3.333330000E-02  1.358530771E-02  5.354007612E+02 
       272  1.008950000E+00  4.146340000E-02  3.333330000E-02  1.799565405E-02 -1.986144579E+02 
       273  1.008950000E+00  4.268290000E-02  3.333330000E-02  1.514612589E-02 -1.890371555E+02 
       274  8.351470000E-02  4.379180000E-02  3.333330000E-02  2.127093784E-02  7.191633381E+02 
       275  1.008950000E+00  4.390240000E-02  3.333330000E-02  1.181012053E-02 -1.809492122E+02 
       276  6.170090000E-01  4.421250000E-02  3.333330000E-02  4.657839136E-02  3.318781895E+02 
       277  1.008950000E+00  4.512200000E-02  3.333330000E-02  7.917289579E-03 -1.753107567E+02 
       278  1.007930000E+00  4.604710000E-02  3.333330000E-02  4.015735878E-02  5.168821589E+02 
       279  1.008950000E+00  4.634150000E-02  3.333330000E-02  4.386693934E-03 -1.740699466E+02 
       280  5.759990000E-01  4.755650000E-02  3.333330000E-02  4.755477888E-02  3.331520810E+02 
       281  1.008950000E+00  4.756100000E-02  3.333330000E-02  5.376679176E-03 -1.777011320E+02 
       282  1.008950000E+00  4.878050000E-02  3.333330000E-02  1.051322983E-02 -2.070462431E+02 
       283  1.008950000E+00  5.000000000E-02  3.333330000E-02  3.561840385E-02  1.249814672E+02 
       284  1.241140000E-01  5.043730000E-02  3.333330000E-02  3.603793367E-02  6.382220634E+02 
       285  5.349650000E-01  5.060440000E-02  3.333330000E-02  4.842410765E-02  3.371311937E+02 
       286  4.939080000E-01  5.332060000E-02  3.333330000E-02  4.912097911E-02  3.438295376E+02 
       287  1.650180000E-01  5.486620000E-02  3.333330000E-02  4.433677227E-02  5.649450033E+02 
       288  4.528280000E-01  5.566140000E-02  3.333330000E-02  4.970764137E-02  3.534728605E+02 
       289  4.117260000E-01  5.757270000E-02  3.333330000E-02  5.022464613E-02  3.663563650E+02 
       290  2.060650000E-01  5.771190000E-02  3.333330000E-02  4.834406719E-02  5.082188123E+02 
       291  3.706030000E-01  5.898830000E-02  3.333330000E-02  5.066991993E-02  3.829939316E+02 
       292  2.471780000E-01  5.933890000E-02  3.333330000E-02  5.019174660E-02  4.649178561E+02 
       293  3.294650000E-01  5.982680000E-02  3.333330000E-02  5.094513394E-02  4.041553818E+02 
       294  2.883190000E-01  5.998690000E-02  3.333330000E-02  5.088834715E-02  4.309486750E+02 
       295  2.883190000E-01 -5.998690000E-02  6.666670000E-02  5.880382560E-02 -1.029430660E+03 
       296  3.294650000E-01 -5.982680000E-02  6.666670000E-02  5.429209578E-02 -9.227506014E+02 
       297  2.471780000E-01 -5.933890000E-02  6.666670000E-02  6.366603004E-02 -1.156618920E+03 
       298  3.706030000E-01 -5.898830000E-02  6.666670000E-02  5.009186746E-02 -8.309615367E+02 
       299  2.060650000E-01 -5.771190000E-02  6.666670000E-02  6.915622078E-02 -1.313862638E+03 
       300  4.117260000E-01 -5.757270000E-02  6.666670000E-02  4.622958260E-02 -7.505086362E+02 
       301  4.528280000E-01 -5.566140000E-02  6.666670000E-02  4.268372021E-02 -6.789830759E+02 
       302  1.650180000E-01 -5.486620000E-02  6.666670000E-02  7.610457927E-02 -1.518010007E+03 
       303  4.939080000E-01 -5.332060000E-02  6.666670000E-02  3.943309004E-02 -6.147674037E+02 
       304  5.349650000E-01 -5.060440000E-02  6.666670000E-02  3.640786082E-02 -5.568816891E+02 
       305  1.241140000E-01 -5.043730000E-02  6.666670000E-02  8.627736212E-02 -1.816877571E+03 
       306  5.759990000E-01 -4.755650000E-02  6.666670000E-02  3.351499933E-02 -5.046291112E+02 
       307  6.170090000E-01 -4.421250000E-02  6.666670000E-02  3.075357342E-02 -4.574568699E+02 
       308  8.351470000E-02 -4.379180000E-02  6.666670000E-02  1.035838376E-01 -2.282273668E+03 
       309  6.579970000E-01 -4.059990000E-02  6.666670000E-02  2.816369809E-02 -4.149705986E+02 
       310  5.488770000E-02 -3.697740000E-02  6.666670000E-02  1.281964453E-01 -2.815792655E+03 
       311  6.989630000E-01 -3.673990000E-02  6.666670000E-02  2.575961778E-02 -3.770891384E+02 
       312  7.399050000E-01 -3.264710000E-02  6.666670000E-02  2.355697671E-02 -3.436621495E+02 
       313  3.777470000E-02 -3.147510000E-02  6.666670000E-02  1.564852192E-01 -3.358762794E+03 
       314  7.808250000E-01 -2.833060000E-02  6.666670000E-02  2.160194919E-02 -3.150694211E+02 
       315  2.634450000E-02 -2.677890000E-02  6.666670000E-02  1.852895639E-01 -3.950379181E+03 
       316  8.159680000E-01 -2.444550000E-02  6.666670000E-02  2.007413986E-02 -2.937029087E+02 
       317  1.821900000E-02 -2.259850000E-02  6.666670000E-02  2.127583365E-01 -4.585397148E+03 
       318  8.510930000E-01 -2.039720000E-02  6.666670000E-02  1.887573480E-02 -2.767362455E+02 
       319  1.318260000E-02 -1.942040000E-02  6.666670000E-02  2.383472417E-01 -5.236188526E+03 
       320  8.782860000E-01 -1.714700000E-02  6.666670000E-02  1.817074771E-02 -2.655923270E+02 
       321  9.850590000E-03 -1.691540000E-02  6.666670000E-02  2.617529423E-01 -5.817795814E+03 
       322  7.411530000E-03 -1.476420000E-02  6.666670000E-02  2.795466618E-01 -6.199285641E+03 
       323  9.009380000E-01 -1.436040000E-02  6.666670000E-02  1.786088388E-02 -2.584931614E+02 
       324  5.510960000E-03 -1.280140000E-02  6.666670000E-02  2.897927864E-01 -6.441801127E+03 
       325  9.198070000E-01 -1.198220000E-02  6.666670000E-02  1.787092190E-02 -2.540688552E+02 
       326  3.983540000E-03 -1.093890000E-02  6.666670000E-02  2.963085969E-01 -6.639156902E+03 
       327  9.355260000E-01 -9.960600000E-03  6.666670000E-02  1.814148508E-02 -2.516070782E+02 
       328  2.745270000E-03 -9.124550000E-03  6.666670000E-02  3.014929873E-01 -6.771929008E+03 
       329  9.486220000E-01 -8.247430000E-03  6.666670000E-02  1.862733241E-02 -2.505293639E+02 
       330  1.752850000E-03 -7.324960000E-03  6.666670000E-02  3.042460575E-01 -6.805788205E+03 
       331  9.595320000E-01 -6.799650000E-03  6.666670000E-02  1.928229803E-02 -2.504530537E+02 
       332  9.686220000E-01 -5.578890000E-03  6.666670000E-02  2.007464909E-02 -2.511426000E+02 
       333  9.860190000E-04 -5.518970000E-03  6.666670000E-02  3.041130839E-01 -6.692136366E+03 
       334  9.761960000E-01 -4.551510000E-03  6.666670000E-02  2.095498547E-02 -2.523276779E+02 
       335  4.384000000E-04 -3.696570000E-03  6.666670000E-02  3.016495828E-01 -6.397064952E+03 
       336  9.825070000E-01 -3.688230000E-03  6.666670000E-02  2.186928030E-02 -2.538307277E+02 
       337  9.877650000E-01 -2.963870000E-03  6.666670000E-02  2.279501415E-02 -2.555681459E+02 
       338  9.921460000E-01 -2.356690000E-03  6.666670000E-02  2.371251865E-02 -2.574336000E+02 
       339  1.095110000E-04 -1.855900000E-03  6.666670000E-02  2.970951050E-01 -5.949256943E+03 
       340  9.957970000E-01 -1.848260000E-03  6.666670000E-02  2.461291986E-02 -2.593473330E+02 
       341  9.988390000E-01 -1.422790000E-03  6.666670000E-02  2.547529431E-02 -2.612304545E+02 
       342  1.001370000E+00 -1.062990000E-03  6.666670000E-02  2.623746193E-02 -2.629219372E+02 
       343  1.003480000E+00 -7.543150000E-04  6.666670000E-02  2.688162674E-02 -2.642193373E+02 
       344  1.005240000E+00 -4.991700000E-04  6.666670000E-02  2.750811792E-02 -2.653227523E+02 
       345  1.006710000E+00 -2.932730000E-04  6.666670000E-02  2.821232711E-02 -2.665177476E+02 
       346  1.007930000E+00 -1.294160000E-04  6.666670000E-02  2.896164869E-02 -2.678078687E+02 
       347  0.000000000E+00  0.000000000E+00  6.666670000E-02  2.883317375E-01 -5.449421641E+03 
       348  1.008950000E+00  0.000000000E+00  6.666670000E-02  1.716605817E-02 -2.714658503E+02 
       349  1.008950000E+00  1.219510000E-03  6.666670000E-02  5.084228983E-03 -2.732982121E+02 
       350  9.957970000E-01  1.848260000E-03  6.666670000E-02  2.634891555E-04  5.142627823E+02 
       351  1.095110000E-04  1.855900000E-03  6.666670000E-02  2.742291573E-01 -4.879346254E+03 
       352  9.921460000E-01  2.356690000E-03  6.666670000E-02  3.000426474E-04  5.142291246E+02 
       353  1.008950000E+00  2.439020000E-03  6.666670000E-02  5.775109761E-03 -2.729424241E+02 
       354  9.877650000E-01  2.963870000E-03  6.666670000E-02  4.008481489E-04  5.141407061E+02 
       355  1.008950000E+00  3.658540000E-03  6.666670000E-02  7.575360342E-03 -2.747176433E+02 
       356  9.825070000E-01  3.688230000E-03  6.666670000E-02  5.410834580E-04  5.140179931E+02 
       357  4.384000000E-04  3.696570000E-03  6.666670000E-02  2.565566966E-01 -4.184950087E+03 
       358  9.761960000E-01  4.551510000E-03  6.666670000E-02  8.091550065E-04  5.138270448E+02 
       359  1.008950000E+00  4.878050000E-03  6.666670000E-02  9.996848072E-03 -2.771093367E+02 
       360  9.860190000E-04  5.518970000E-03  6.666670000E-02  2.366608345E-01 -3.439179173E+03 
       361  9.686220000E-01  5.578890000E-03  6.666670000E-02  1.368306083E-03  5.135211084E+02 
       362  1.008950000E+00  6.097560000E-03  6.666670000E-02  1.242456881E-02 -2.802351113E+02 
       363  9.595320000E-01  6.799650000E-03  6.666670000E-02  2.390708458E-03  5.128934648E+02 
       364  1.008950000E+00  7.317070000E-03  6.666670000E-02  1.476189233E-02 -2.838416332E+02 
       365  1.752850000E-03  7.324960000E-03  6.666670000E-02  2.153713715E-01 -2.712401643E+03 
       366  9.486220000E-01  8.247430000E-03  6.666670000E-02  3.647779439E-03  5.112968982E+02 
       367  1.008950000E+00  8.536590000E-03  6.666670000E-02  1.693886575E-02 -2.877250590E+02 
       368  2.745270000E-03  9.124550000E-03  6.666670000E-02  1.930070934E-01 -2.020837404E+03 
       369  1.008950000E+00  9.756100000E-03  6.666670000E-02  1.893524369E-02 -2.916934041E+02 
       370  9.355260000E-01  9.960600000E-03  6.666670000E-02  4.201512042E-03  5.074560258E+02 
       371  3.983540000E-03  1.093890000E-02  6.666670000E-02  1.705769667E-01 -1.390108426E+03 
       372  9.988390000E-01  1.096260000E-02  6.666670000E-02  7.370165073E-04  5.140209543E+02 
       373  1.008950000E+00  1.097560000E-02  6.666670000E-02  2.075330465E-02 -2.955904956E+02 
       374  9.198070000E-01  1.198220000E-02  6.666670000E-02  2.315032447E-03  4.995441187E+02 
       375  1.008950000E+00  1.219510000E-02  6.666670000E-02  2.240430413E-02 -2.992968219E+02 
       376  5.510960000E-03  1.280140000E-02  6.666670000E-02  1.494890558E-01 -8.811169912E+02 
       377  1.008950000E+00  1.341460000E-02  6.666670000E-02  2.390043711E-02 -3.027189746E+02 
       378  9.009380000E-01  1.436040000E-02  6.666670000E-02  5.212619284E-03  4.849831003E+02 
       379  1.008950000E+00  1.463410000E-02  6.666670000E-02  2.525117754E-02 -3.057767881E+02 
       380  7.411530000E-03  1.476420000E-02  6.666670000E-02  1.294651949E-01 -4.718772325E+02 
       381  1.008950000E+00  1.585370000E-02  6.666670000E-02  2.646275404E-02 -3.083972113E+02 
       382  9.850590000E-03  1.691540000E-02  6.666670000E-02  1.090589178E-01 -1.054596228E+02 
       383  1.008950000E+00  1.707320000E-02  6.666670000E-02  2.753798247E-02 -3.105047680E+02 
       384  8.782860000E-01  1.714700000E-02  6.666670000E-02  1.608527208E-02  4.610222161E+02 
       385  1.008950000E+00  1.829270000E-02  6.666670000E-02  2.847818625E-02 -3.120279002E+02 
       386  1.318260000E-02  1.942040000E-02  6.666670000E-02  8.708656600E-02  2.192811486E+02 
       387  1.008950000E+00  1.951220000E-02  6.666670000E-02  2.928771503E-02 -3.129294991E+02 
       388  8.510930000E-01  2.039720000E-02  6.666670000E-02  2.655802689E-02  4.293060265E+02 
       389  1.008950000E+00  2.073170000E-02  6.666670000E-02  2.996652906E-02 -3.131377652E+02 
       390  1.001370000E+00  2.073980000E-02  6.666670000E-02  1.860112899E-03  5.130944578E+02 
       391  1.008950000E+00  2.195120000E-02  6.666670000E-02  3.051164027E-02 -3.125955727E+02 
       392  1.821900000E-02  2.259850000E-02  6.666670000E-02  6.307681526E-02  4.851411226E+02 
       393  1.008950000E+00  2.317070000E-02  6.666670000E-02  3.092558813E-02 -3.112841225E+02 
       394  1.008950000E+00  2.439020000E-02  6.666670000E-02  3.121356064E-02 -3.091607825E+02 
       395  8.159680000E-01  2.444550000E-02  6.666670000E-02  3.407377669E-02  3.961529604E+02 
       396  1.008950000E+00  2.560980000E-02  6.666670000E-02  3.138435593E-02 -3.062203796E+02 
       397  2.634450000E-02  2.677890000E-02  6.666670000E-02  3.827535582E-02  6.668665757E+02 
       398  1.008950000E+00  2.682930000E-02  6.666670000E-02  3.144783397E-02 -3.024618090E+02 
       399  1.008950000E+00  2.804880000E-02  6.666670000E-02  3.139620203E-02 -2.978079619E+02 
       400  7.808250000E-01  2.833060000E-02  6.666670000E-02  3.850261019E-02  3.710133498E+02 
       401  1.003480000E+00  2.887370000E-02  6.666670000E-02  2.812281232E-03  5.128845523E+02 
       402  1.008950000E+00  2.926830000E-02  6.666670000E-02  3.120549537E-02 -2.922305404E+02 
       403  1.008950000E+00  3.048780000E-02  6.666670000E-02  3.085317492E-02 -2.857856266E+02 
       404  3.777470000E-02  3.147510000E-02  6.666670000E-02  1.558195090E-02  7.552202011E+02 
       405  1.008950000E+00  3.170730000E-02  6.666670000E-02  3.031659513E-02 -2.785300131E+02 
       406  7.399050000E-01  3.264710000E-02  6.666670000E-02  4.160377571E-02  3.522251197E+02 
       407  1.008950000E+00  3.292680000E-02  6.666670000E-02  2.957682954E-02 -2.705065549E+02 
       408  1.008950000E+00  3.414630000E-02  6.666670000E-02  2.862454464E-02 -2.616978469E+02 
       409  1.008950000E+00  3.536590000E-02  6.666670000E-02  2.745614430E-02 -2.520968736E+02 
       410  1.005240000E+00  3.565510000E-02  6.666670000E-02  4.077078848E-03  5.181260466E+02 
       411  1.008950000E+00  3.658540000E-02  6.666670000E-02  2.606788744E-02 -2.417946665E+02 
       412  6.989630000E-01  3.673990000E-02  6.666670000E-02  4.375980910E-02  3.405777549E+02 
       413  5.488770000E-02  3.697740000E-02  6.666670000E-02  8.735703634E-03  7.664737675E+02 
       414  1.008950000E+00  3.780490000E-02  6.666670000E-02  2.445118434E-02 -2.309835340E+02 
       415  1.008950000E+00  3.902440000E-02  6.666670000E-02  2.258911959E-02 -2.199564739E+02 
       416  1.008950000E+00  4.024390000E-02  6.666670000E-02  2.045274321E-02 -2.090530643E+02 
       417  6.579970000E-01  4.059990000E-02  6.666670000E-02  4.537182215E-02  3.341023000E+02 
       418  1.006710000E+00  4.131690000E-02  6.666670000E-02  1.358529839E-02  5.354002907E+02 
       419  1.008950000E+00  4.146340000E-02  6.666670000E-02  1.799566236E-02 -1.986136028E+02 
       420  1.008950000E+00  4.268290000E-02  6.666670000E-02  1.514613002E-02 -1.890362632E+02 
       421  8.351470000E-02  4.379180000E-02  6.666670000E-02  2.127094024E-02  7.191633389E+02 
       422  1.008950000E+00  4.390240000E-02  6.666670000E-02  1.181012440E-02 -1.809482894E+02 
       423  6.170090000E-01  4.421250000E-02  6.666670000E-02  4.657839274E-02  3.318781966E+02 
       424  1.008950000E+00  4.512200000E-02  6.666670000E-02  7.917296937E-03 -1.753098064E+02 
       425  1.007930000E+00  4.604710000E-02  6.666670000E-02  4.015732731E-02  5.168817006E+02 
       426  1.008950000E+00  4.634150000E-02  6.666670000E-02  4.386698115E-03 -1.740689975E+02 
       427  5.759990000E-01  4.755650000E-02  6.666670000E-02  4.755478075E-02  3.331520889E+02 
       428  1.008950000E+00  4.756100000E-02  6.666670000E-02  5.376669698E-03 -1.777001695E+02 
       429  1.008950000E+00  4.878050000E-02  6.666670000E-02  1.051321073E-02 -2.070451709E+02 
       430  1.008950000E+00  5.000000000E-02  6.666670000E-02  3.561837121E-02  1.249818544E+02 
       431  1.241140000E-01  5.043730000E-02  6.666670000E-02  3.603793432E-02  6.382220668E+02 
       432  5.349650000E-01  5.060440000E-02  6.666670000E-02  4.842410984E-02  3.371312026E+02 
       433  4.939080000E-01  5.332060000E-02  6.666670000E-02  4.912098138E-02  3.438295469E+02 
       434  1.650180000E-01  5.486620000E-02  6.666670000E-02  4.433677197E-02  5.649450113E+02 
       435  4.528280000E-01  5.566140000E-02  6.666670000E-02  4.970764355E-02  3.534728701E+02 
       436  4.117260000E-01  5.757270000E-02  6.666670000E-02  5.022464805E-02  3.663563750E+02 
       437  2.060650000E-01  5.771190000E-02  6.666670000E-02  4.834406679E-02  5.082188238E+02 
       438  3.706030000E-01  5.898830000E-02  6.666670000E-02  5.066992146E-02  3.829939424E+02 
       439  2.471780000E-01  5.933890000E-02  6.666670000E-02  5.019174669E-02  4.649178686E+02 
       440  3.294650000E-01  5.982680000E-02  6.666670000E-02  5.094513506E-02  4.041553935E+02 
       441  2.883190000E-01  5.998690000E-02  6.666670000E-02  5.088834780E-02  4.309486874E+02 
       442  2.883190000E-01 -5.998690000E-02  1.000000000E-01  5.880382273E-02 -1.029430550E+03 
       443  3.294650000E-01 -5.982680000E-02  1.000000000E-01  5.429210019E-02 -9.227506339E+02 
       444  2.471780000E-01 -5.933890000E-02  1.000000000E-01  6.366601879E-02 -1.156618622E+03 
       445  3.706030000E-01 -5.898830000E-02  1.000000000E-01  5.009186738E-02 -8.309614575E+02 
       446  2.060650000E-01 -5.771190000E-02  1.000000000E-01  6.915620382E-02 -1.313862224E+03 
       447  4.117260000E-01 -5.757270000E-02  1.000000000E-01  4.622958019E-02 -7.505085082E+02 
       448  4.528280000E-01 -5.566140000E-02  1.000000000E-01  4.268371829E-02 -6.789829638E+02 
       449  1.650180000E-01 -5.486620000E-02  1.000000000E-01  7.610453704E-02 -1.518008952E+03 
       450  4.939080000E-01 -5.332060000E-02  1.000000000E-01  3.943309157E-02 -6.147673676E+02 
       451  5.349650000E-01 -5.060440000E-02  1.000000000E-01  3.640786106E-02 -5.568816323E+02 
       452  1.241140000E-01 -5.043730000E-02  1.000000000E-01  8.627728230E-02 -1.816875471E+03 
       453  5.759990000E-01 -4.755650000E-02  1.000000000E-01  3.351500010E-02 -5.046290603E+02 
       454  6.170090000E-01 -4.421250000E-02  1.000000000E-01  3.075357632E-02 -4.574568421E+02 
       455  8.351470000E-02 -4.379180000E-02  1.000000000E-01  1.035833869E-01 -2.282262449E+03 
       456  6.579970000E-01 -4.059990000E-02  1.000000000E-01  2.816370300E-02 -4.149705809E+02 
       457  5.488770000E-02 -3.697740000E-02  1.000000000E-01  1.281956177E-01 -2.815776823E+03 
       458  6.989630000E-01 -3.673990000E-02  1.000000000E-01  2.575962661E-02 -3.770891540E+02 
       459  7.399050000E-01 -3.264710000E-02  1.000000000E-01  2.355698542E-02 -3.436621349E+02 
       460  3.777470000E-02 -3.147510000E-02  1.000000000E-01  1.564846021E-01 -3.358751231E+03 
       461  7.808250000E-01 -2.833060000E-02  1.000000000E-01  2.160197233E-02 -3.150695763E+02 
       462  2.634450000E-02 -2.677890000E-02  1.000000000E-01  1.852892867E-01 -3.950373221E+03 
       463  8.159680000E-01 -2.444550000E-02  1.000000000E-01  2.007415494E-02 -2.937029126E+02 
       464  1.821900000E-02 -2.259850000E-02  1.000000000E-01  2.127581181E-01 -4.585391950E+03 
       465  8.510930000E-01 -2.039720000E-02  1.000000000E-01  1.887576294E-02 -2.767364092E+02 
       466  1.318260000E-02 -1.942040000E-02  1.000000000E-01  2.383467688E-01 -5.236175981E+03 
       467  8.782860000E-01 -1.714700000E-02  1.000000000E-01  1.817077097E-02 -2.655924076E+02 
       468  9.850590000E-03 -1.691540000E-02  1.000000000E-01  2.617523343E-01 -5.817782034E+03 
       469  7.411530000E-03 -1.476420000E-02  1.000000000E-01  2.795462761E-01 -6.199278350E+03 
       470  9.009380000E-01 -1.436040000E-02  1.000000000E-01  1.786090486E-02 -2.584932003E+02 
       471  5.510960000E-03 -1.280140000E-02  1.000000000E-01  2.897926087E-01 -6.441795411E+03 
       472  9.198070000E-01 -1.198220000E-02  1.000000000E-01  1.787094179E-02 -2.540688820E+02 
       473  3.983540000E-03 -1.093890000E-02  1.000000000E-01  2.963084708E-01 -6.639153465E+03 
       474  9.355260000E-01 -9.960600000E-03  1.000000000E-01  1.814150309E-02 -2.516070943E+02 
       475  2.745270000E-03 -9.124550000E-03  1.000000000E-01  3.014929238E-01 -6.771927721E+03 
       476  9.486220000E-01 -8.247430000E-03  1.000000000E-01  1.862734894E-02 -2.505293672E+02 
       477  1.752850000E-03 -7.324960000E-03  1.000000000E-01  3.042460506E-01 -6.805788783E+03 
       478  9.595320000E-01 -6.799650000E-03  1.000000000E-01  1.928231182E-02 -2.504530411E+02 
       479  9.686220000E-01 -5.578890000E-03  1.000000000E-01  2.007465859E-02 -2.511425679E+02 
       480  9.860190000E-04 -5.518970000E-03  1.000000000E-01  3.041130991E-01 -6.692137886E+03 
       481  9.761960000E-01 -4.551510000E-03  1.000000000E-01  2.095499038E-02 -2.523276208E+02 
       482  4.384000000E-04 -3.696570000E-03  1.000000000E-01  3.016495988E-01 -6.397066394E+03 
       483  9.825070000E-01 -3.688230000E-03  1.000000000E-01  2.186927865E-02 -2.538306362E+02 
       484  9.877650000E-01 -2.963870000E-03  1.000000000E-01  2.279500347E-02 -2.555680093E+02 
       485  9.921460000E-01 -2.356690000E-03  1.000000000E-01  2.371249648E-02 -2.574334063E+02 
       486  1.095110000E-04 -1.855900000E-03  1.000000000E-01  2.970951161E-01 -5.949257687E+03 
       487  9.957970000E-01 -1.848260000E-03  1.000000000E-01  2.461288366E-02 -2.593470694E+02 
       488  9.988390000E-01 -1.422790000E-03  1.000000000E-01  2.547524123E-02 -2.612301086E+02 
       489  1.001370000E+00 -1.062990000E-03  1.000000000E-01  2.623738952E-02 -2.629214991E+02 
       490  1.003480000E+00 -7.543150000E-04  1.000000000E-01  2.688153148E-02 -2.642187959E+02 
       491  1.005240000E+00 -4.991700000E-04  1.000000000E-01  2.750799532E-02 -2.653220950E+02 
       492  1.006710000E+00 -2.932730000E-04  1.000000000E-01  2.821217229E-02 -2.665169580E+02 
       493  1.007930000E+00 -1.294160000E-04  1.000000000E-01  2.896145624E-02 -2.678069341E+02 
       494  0.000000000E+00  0.000000000E+00  1.000000000E-01  2.883317435E-01 -5.449421847E+03 
       495  1.008950000E+00  0.000000000E+00  1.000000000E-01  1.988481679E-02 -2.707314023E+02 
       496  1.008950000E+00  1.219510000E-03  1.000000000E-01  5.084266668E-03 -2.732969219E+02 
       497  9.957970000E-01  1.848260000E-03  1.000000000E-01  2.634472076E-04  5.142627880E+02 
       498  1.095110000E-04  1.855900000E-03  1.000000000E-01  2.742291456E-01 -4.879345740E+03 
       499  9.921460000E-01  2.356690000E-03  1.000000000E-01  3.000429979E-04  5.142291167E+02 
       500  1.008950000E+00  2.439020000E-03  1.000000000E-01  5.775370832E-03 -2.729412819E+02 
       501  9.877650000E-01  2.963870000E-03  1.000000000E-01  4.008461243E-04  5.141406984E+02 
       502  1.008950000E+00  3.658540000E-03  1.000000000E-01  7.575663376E-03 -2.747164328E+02 
       503  9.825070000E-01  3.688230000E-03  1.000000000E-01  5.410778332E-04  5.140179862E+02 
       504  4.384000000E-04  3.696570000E-03  1.000000000E-01  2.565566414E-01 -4.184947893E+03 
       505  9.761960000E-01  4.551510000E-03  1.000000000E-01  8.091471796E-04  5.138270390E+02 
       506  1.008950000E+00  4.878050000E-03  1.000000000E-01  9.997108717E-03 -2.771081504E+02 
       507  9.860190000E-04  5.518970000E-03  1.000000000E-01  2.366607062E-01 -3.439174535E+03 
       508  9.686220000E-01  5.578890000E-03  1.000000000E-01  1.368298014E-03  5.135211032E+02 
       509  1.008950000E+00  6.097560000E-03  1.000000000E-01  1.242482781E-02 -2.802339915E+02 
       510  9.595320000E-01  6.799650000E-03  1.000000000E-01  2.390702723E-03  5.128934603E+02 
       511  1.008950000E+00  7.317070000E-03  1.000000000E-01  1.476216174E-02 -2.838406190E+02 
       512  1.752850000E-03  7.324960000E-03  1.000000000E-01  2.153711395E-01 -2.712394116E+03 
       513  9.486220000E-01  8.247430000E-03  1.000000000E-01  3.647778357E-03  5.112968880E+02 
       514  1.008950000E+00  8.536590000E-03  1.000000000E-01  1.693914336E-02 -2.877241569E+02 
       515  2.745270000E-03  9.124550000E-03  1.000000000E-01  1.930067244E-01 -2.020826497E+03 
       516  1.008950000E+00  9.756100000E-03  1.000000000E-01  1.893552482E-02 -2.916926008E+02 
       517  9.355260000E-01  9.960600000E-03  1.000000000E-01  4.201508774E-03  5.074559984E+02 
       518  3.983540000E-03  1.093890000E-02  1.000000000E-01  1.705764919E-01 -1.390095762E+03 
       519  9.988390000E-01  1.096260000E-02  1.000000000E-01  7.349628314E-04  5.140220139E+02 
       520  1.008950000E+00  1.097560000E-02  1.000000000E-01  2.075358520E-02 -2.955897728E+02 
       521  9.198070000E-01  1.198220000E-02  1.000000000E-01  2.315016175E-03  4.995440723E+02 
       522  1.008950000E+00  1.219510000E-02  1.000000000E-01  2.240458131E-02 -2.992961613E+02 
       523  5.510960000E-03  1.280140000E-02  1.000000000E-01  1.494885238E-01 -8.811055880E+02 
       524  1.008950000E+00  1.341460000E-02  1.000000000E-01  2.390070904E-02 -3.027183603E+02 
       525  9.009380000E-01  1.436040000E-02  1.000000000E-01  5.212660810E-03  4.849830195E+02 
       526  1.008950000E+00  1.463410000E-02  1.000000000E-01  2.525144298E-02 -3.057762072E+02 
       527  7.411530000E-03  1.476420000E-02  1.000000000E-01  1.294646233E-01 -4.718661306E+02 
       528  1.008950000E+00  1.585370000E-02  1.000000000E-01  2.646301233E-02 -3.083966545E+02 
       529  9.850590000E-03  1.691540000E-02  1.000000000E-01  1.090583355E-01 -1.054499744E+02 
       530  1.008950000E+00  1.707320000E-02  1.000000000E-01  2.753823353E-02 -3.105042301E+02 
       531  8.782860000E-01  1.714700000E-02  1.000000000E-01  1.608536272E-02  4.610219932E+02 
       532  1.008950000E+00  1.829270000E-02  1.000000000E-01  2.847843025E-02 -3.120273785E+02 
       533  1.318260000E-02  1.942040000E-02  1.000000000E-01  8.708612556E-02  2.192869327E+02 
       534  1.008950000E+00  1.951220000E-02  1.000000000E-01  2.928795246E-02 -3.129289935E+02 
       535  8.510930000E-01  2.039720000E-02  1.000000000E-01  2.655812427E-02  4.293056511E+02 
       536  1.008950000E+00  2.073170000E-02  1.000000000E-01  2.996676096E-02 -3.131372792E+02 
       537  1.001370000E+00  2.073980000E-02  1.000000000E-01  1.857315303E-03  5.130973274E+02 
       538  1.008950000E+00  2.195120000E-02  1.000000000E-01  3.051186868E-02 -3.125951161E+02 
       539  1.821900000E-02  2.259850000E-02  1.000000000E-01  6.307660711E-02  4.851430278E+02 
       540  1.008950000E+00  2.317070000E-02  1.000000000E-01  3.092581444E-02 -3.112837072E+02 
       541  1.008950000E+00  2.439020000E-02  1.000000000E-01  3.121378418E-02 -3.091604188E+02 
       542  8.159680000E-01  2.444550000E-02  1.000000000E-01  3.407377830E-02  3.961529652E+02 
       543  1.008950000E+00  2.560980000E-02  1.000000000E-01  3.138457711E-02 -3.062200920E+02 
       544  2.634450000E-02  2.677890000E-02  1.000000000E-01  3.827511884E-02  6.668678494E+02 
       545  1.008950000E+00  2.682930000E-02  1.000000000E-01  3.144805731E-02 -3.024616158E+02 
       546  1.008950000E+00  2.804880000E-02  1.000000000E-01  3.139643028E-02 -2.978078886E+02 
       547  7.808250000E-01  2.833060000E-02  1.000000000E-01  3.850263536E-02  3.710132149E+02 
       548  1.003480000E+00  2.887370000E-02  1.000000000E-01  2.811299265E-03  5.128823588E+02 
       549  1.008950000E+00  2.926830000E-02  1.000000000E-01  3.120572969E-02 -2.922306091E+02 
       550  1.008950000E+00  3.048780000E-02  1.000000000E-01  3.085342065E-02 -2.857858356E+02 
       551  3.777470000E-02  3.147510000E-02  1.000000000E-01  1.558151153E-02  7.552211160E+02 
       552  1.008950000E+00  3.170730000E-02  1.000000000E-01  3.031685806E-02 -2.785303664E+02 
       553  7.399050000E-01  3.264710000E-02  1.000000000E-01  4.160377835E-02  3.522251295E+02 
       554  1.008950000E+00  3.292680000E-02  1.000000000E-01  2.957711223E-02 -2.705070670E+02 
       555  1.008950000E+00  3.414630000E-02  1.000000000E-01  2.862484584E-02 -2.616985496E+02 
       556  1.008950000E+00  3.536590000E-02  1.000000000E-01  2.745646019E-02 -2.520977918E+02 
       557  1.005240000E+00  3.565510000E-02  1.000000000E-01  4.074346551E-03  5.181099081E+02 
       558  1.008950000E+00  3.658540000E-02  1.000000000E-01  2.606821317E-02 -2.417957973E+02 
       559  6.989630000E-01  3.673990000E-02  1.000000000E-01  4.375981391E-02  3.405777565E+02 
       560  5.488770000E-02  3.697740000E-02  1.000000000E-01  8.735962519E-03  7.664730321E+02 
       561  1.008950000E+00  3.780490000E-02  1.000000000E-01  2.445151420E-02 -2.309848434E+02 
       562  1.008950000E+00  3.902440000E-02  1.000000000E-01  2.258944682E-02 -2.199578940E+02 
       563  1.008950000E+00  4.024390000E-02  1.000000000E-01  2.045306024E-02 -2.090545307E+02 
       564  6.579970000E-01  4.059990000E-02  1.000000000E-01  4.537182562E-02  3.341023104E+02 
       565  1.006710000E+00  4.131690000E-02  1.000000000E-01  1.356319594E-02  5.353656915E+02 
       566  1.008950000E+00  4.146340000E-02  1.000000000E-01  1.799596044E-02 -1.986150750E+02 
       567  1.008950000E+00  4.268290000E-02  1.000000000E-01  1.514639862E-02 -1.890377140E+02 
       568  8.351470000E-02  4.379180000E-02  1.000000000E-01  2.127130469E-02  7.191617468E+02 
       569  1.008950000E+00  4.390240000E-02  1.000000000E-01  1.181035071E-02 -1.809497125E+02 
       570  6.170090000E-01  4.421250000E-02  1.000000000E-01  4.657839643E-02  3.318782079E+02 
       571  1.008950000E+00  4.512200000E-02  1.000000000E-01  7.917463447E-03 -1.753112114E+02 
       572  1.007930000E+00  4.604710000E-02  1.000000000E-01  4.011848381E-02  5.169494743E+02 
       573  1.008950000E+00  4.634150000E-02  1.000000000E-01  4.386789677E-03 -1.740703772E+02 
       574  5.759990000E-01  4.755650000E-02  1.000000000E-01  4.755478449E-02  3.331520994E+02 
       575  1.008950000E+00  4.756100000E-02  1.000000000E-01  5.376747375E-03 -1.777016822E+02 
       576  1.008950000E+00  4.878050000E-02  1.000000000E-01  1.051336395E-02 -2.070472901E+02 
       577  1.008950000E+00  5.000000000E-02  1.000000000E-01  4.040704678E-02  7.975951714E+01 
       578  1.241140000E-01  5.043730000E-02  1.000000000E-01  3.603799697E-02  6.382216069E+02 
       579  5.349650000E-01  5.060440000E-02  1.000000000E-01  4.842411401E-02  3.371312125E+02 
       580  4.939080000E-01  5.332060000E-02  1.000000000E-01  4.912098585E-02  3.438295589E+02 
       581  1.650180000E-01  5.486620000E-02  1.000000000E-01  4.433679464E-02  5.649447417E+02 
       582  4.528280000E-01  5.566140000E-02  1.000000000E-01  4.970764715E-02  3.534728702E+02 
       583  4.117260000E-01  5.757270000E-02  1.000000000E-01  5.022465113E-02  3.663563709E+02 
       584  2.060650000E-01  5.771190000E-02  1.000000000E-01  4.834407192E-02  5.082187374E+02 
       585  3.706030000E-01  5.898830000E-02  1.000000000E-01  5.066992424E-02  3.829939483E+02 
       586  2.471780000E-01  5.933890000E-02  1.000000000E-01  5.019174943E-02  4.649178161E+02 
       587  3.294650000E-01  5.982680000E-02  1.000000000E-01  5.094513748E-02  4.041554272E+02 
       588  2.883190000E-01  5.998690000E-02  1.000000000E-01  5.088834954E-02  4.309486870E+02 
