1.008954e+00 0.000000e+00
9.999377e-01 1.268700e-03
9.997508e-01 1.295000e-03
9.994394e-01 1.338600e-03
9.990034e-01 1.399700e-03
9.984431e-01 1.478200e-03
9.977586e-01 1.574100e-03
9.969501e-01 1.687100e-03
9.960177e-01 1.817400e-03
9.949617e-01 1.964700e-03
9.937823e-01 2.129100e-03
9.924798e-01 2.310300e-03
9.910547e-01 2.508200e-03
9.895071e-01 2.722800e-03
9.878376e-01 2.953800e-03
9.860464e-01 3.201100e-03
9.841341e-01 3.464500e-03
9.821012e-01 3.743900e-03
9.799482e-01 4.039000e-03
9.776754e-01 4.349700e-03
9.752837e-01 4.675800e-03
9.727736e-01 5.016900e-03
9.701455e-01 5.373000e-03
9.674004e-01 5.743800e-03
9.645387e-01 6.129000e-03
9.615613e-01 6.528300e-03
9.584688e-01 6.941600e-03
9.552621e-01 7.368500e-03
9.519419e-01 7.808900e-03
9.485090e-01 8.262300e-03
9.449645e-01 8.728600e-03
9.413090e-01 9.207300e-03
9.375435e-01 9.698400e-03
9.336690e-01 1.020140e-02
9.296864e-01 1.071600e-02
9.255967e-01 1.124190e-02
9.214009e-01 1.177890e-02
9.171001e-01 1.232660e-02
9.126954e-01 1.288470e-02
9.081879e-01 1.345280e-02
9.035785e-01 1.403070e-02
8.988686e-01 1.461800e-02
8.940594e-01 1.521430e-02
8.891519e-01 1.581940e-02
8.841473e-01 1.643300e-02
8.790472e-01 1.705460e-02
8.738524e-01 1.768400e-02
8.685645e-01 1.832080e-02
8.631849e-01 1.896460e-02
8.577147e-01 1.961510e-02
8.521553e-01 2.027210e-02
8.465081e-01 2.093510e-02
8.407746e-01 2.160370e-02
8.349562e-01 2.227770e-02
8.290542e-01 2.295670e-02
8.230703e-01 2.364040e-02
8.170059e-01 2.432830e-02
8.108625e-01 2.502020e-02
8.046415e-01 2.571560e-02
7.983447e-01 2.641430e-02
7.919735e-01 2.711590e-02
7.855296e-01 2.782000e-02
7.790145e-01 2.852630e-02
7.724298e-01 2.923440e-02
7.657773e-01 2.994390e-02
7.590585e-01 3.065450e-02
7.522752e-01 3.136590e-02
7.454289e-01 3.207750e-02
7.385216e-01 3.278920e-02
7.315547e-01 3.350050e-02
7.245302e-01 3.421100e-02
7.174497e-01 3.492030e-02
7.103150e-01 3.562820e-02
7.031279e-01 3.633410e-02
6.958902e-01 3.703770e-02
6.886036e-01 3.773870e-02
6.812701e-01 3.843660e-02
6.738914e-01 3.913100e-02
6.664693e-01 3.982160e-02
6.590058e-01 4.050780e-02
6.515025e-01 4.118950e-02
6.439616e-01 4.186600e-02
6.363848e-01 4.253710e-02
6.287740e-01 4.320220e-02
6.211311e-01 4.386100e-02
6.134580e-01 4.451310e-02
6.057567e-01 4.515800e-02
5.980290e-01 4.579530e-02
5.902768e-01 4.642460e-02
5.825022e-01 4.704530e-02
5.747070e-01 4.765720e-02
5.668931e-01 4.825970e-02
5.590626e-01 4.885240e-02
5.512174e-01 4.943490e-02
5.433594e-01 5.000670e-02
5.354906e-01 5.056740e-02
5.276130e-01 5.111640e-02
5.197285e-01 5.165340e-02
5.118390e-01 5.217790e-02
5.039467e-01 5.268950e-02
4.960533e-01 5.318760e-02
4.881609e-01 5.367190e-02
4.802715e-01 5.414190e-02
4.723870e-01 5.459710e-02
4.645093e-01 5.503710e-02
4.566405e-01 5.546140e-02
4.487826e-01 5.586960e-02
4.409373e-01 5.626120e-02
4.331068e-01 5.663590e-02
4.252930e-01 5.699310e-02
4.174978e-01 5.733250e-02
4.097232e-01 5.765370e-02
4.019710e-01 5.795610e-02
3.942433e-01 5.823940e-02
3.865419e-01 5.850330e-02
3.788688e-01 5.874720e-02
3.712260e-01 5.897090e-02
3.636152e-01 5.917390e-02
3.560383e-01 5.935590e-02
3.484974e-01 5.951650e-02
3.409942e-01 5.965540e-02
3.335307e-01 5.977230e-02
3.261086e-01 5.986680e-02
3.187299e-01 5.993860e-02
3.113963e-01 5.998750e-02
3.041098e-01 6.001320e-02
2.968720e-01 6.001530e-02
2.896850e-01 5.999370e-02
2.825503e-01 5.994810e-02
2.754698e-01 5.987830e-02
2.684453e-01 5.978410e-02
2.614784e-01 5.966540e-02
2.545711e-01 5.952190e-02
2.477248e-01 5.935350e-02
2.409415e-01 5.916020e-02
2.342227e-01 5.894170e-02
2.275701e-01 5.869800e-02
2.209855e-01 5.842900e-02
2.144704e-01 5.813470e-02
2.080264e-01 5.781500e-02
2.016553e-01 5.746990e-02
1.953584e-01 5.709950e-02
1.891375e-01 5.670370e-02
1.829941e-01 5.628270e-02
1.769296e-01 5.583630e-02
1.709457e-01 5.536490e-02
1.650438e-01 5.486840e-02
1.592254e-01 5.434690e-02
1.534919e-01 5.380070e-02
1.478447e-01 5.322980e-02
1.422853e-01 5.263440e-02
1.368151e-01 5.201480e-02
1.314354e-01 5.137110e-02
1.261475e-01 5.070360e-02
1.209528e-01 5.001250e-02
1.158526e-01 4.929810e-02
1.108481e-01 4.856060e-02
1.059406e-01 4.780030e-02
1.011313e-01 4.701750e-02
9.642140e-02 4.621260e-02
9.181210e-02 4.538580e-02
8.730460e-02 4.453740e-02
8.289980e-02 4.366790e-02
7.859910e-02 4.277760e-02
7.440330e-02 4.186690e-02
7.031360e-02 4.093600e-02
6.633100e-02 3.998540e-02
6.245650e-02 3.901550e-02
5.869100e-02 3.802660e-02
5.503550e-02 3.701920e-02
5.149090e-02 3.599370e-02
4.805810e-02 3.495030e-02
4.473790e-02 3.388960e-02
4.153120e-02 3.281190e-02
3.843870e-02 3.171770e-02
3.546130e-02 3.060720e-02
3.259960e-02 2.948090e-02
2.985440e-02 2.833930e-02
2.722640e-02 2.718260e-02
2.471630e-02 2.601120e-02
2.232450e-02 2.482560e-02
2.005180e-02 2.362610e-02
1.789880e-02 2.241290e-02
1.586580e-02 2.118660e-02
1.395360e-02 1.994730e-02
1.216240e-02 1.869550e-02
1.049290e-02 1.743140e-02
8.945300e-03 1.615540e-02
7.520200e-03 1.486770e-02
6.217700e-03 1.356860e-02
5.038300e-03 1.225840e-02
3.982300e-03 1.093720e-02
3.049900e-03 9.605400e-03
2.241400e-03 8.263200e-03
1.556900e-03 6.910700e-03
9.966000e-04 5.548100e-03
5.607000e-04 4.175600e-03
2.492000e-04 2.793300e-03
6.230000e-05 1.401400e-03
0.000000e+00 0.000000e+00
6.230000e-05 -1.401400e-03
2.492000e-04 -2.793300e-03
5.607000e-04 -4.175600e-03
9.966000e-04 -5.548100e-03
1.556900e-03 -6.910700e-03
2.241400e-03 -8.263200e-03
3.049900e-03 -9.605400e-03
3.982300e-03 -1.093720e-02
5.038300e-03 -1.225840e-02
6.217700e-03 -1.356860e-02
7.520200e-03 -1.486770e-02
8.945300e-03 -1.615540e-02
1.049290e-02 -1.743140e-02
1.216240e-02 -1.869550e-02
1.395360e-02 -1.994730e-02
1.586580e-02 -2.118660e-02
1.789880e-02 -2.241290e-02
2.005180e-02 -2.362610e-02
2.232450e-02 -2.482560e-02
2.471630e-02 -2.601120e-02
2.722640e-02 -2.718260e-02
2.985440e-02 -2.833930e-02
3.259960e-02 -2.948090e-02
3.546130e-02 -3.060720e-02
3.843870e-02 -3.171770e-02
4.153120e-02 -3.281190e-02
4.473790e-02 -3.388960e-02
4.805810e-02 -3.495030e-02
5.149090e-02 -3.599370e-02
5.503550e-02 -3.701920e-02
5.869100e-02 -3.802660e-02
6.245650e-02 -3.901550e-02
6.633100e-02 -3.998540e-02
7.031360e-02 -4.093600e-02
7.440330e-02 -4.186690e-02
7.859910e-02 -4.277760e-02
8.289980e-02 -4.366790e-02
8.730460e-02 -4.453740e-02
9.181210e-02 -4.538580e-02
9.642140e-02 -4.621260e-02
1.011313e-01 -4.701750e-02
1.059406e-01 -4.780030e-02
1.108481e-01 -4.856060e-02
1.158526e-01 -4.929810e-02
1.209528e-01 -5.001250e-02
1.261475e-01 -5.070360e-02
1.314354e-01 -5.137110e-02
1.368151e-01 -5.201480e-02
1.422853e-01 -5.263440e-02
1.478447e-01 -5.322980e-02
1.534919e-01 -5.380070e-02
1.592254e-01 -5.434690e-02
1.650438e-01 -5.486840e-02
1.709457e-01 -5.536490e-02
1.769296e-01 -5.583630e-02
1.829941e-01 -5.628270e-02
1.891375e-01 -5.670370e-02
1.953584e-01 -5.709950e-02
2.016553e-01 -5.746990e-02
2.080264e-01 -5.781500e-02
2.144704e-01 -5.813470e-02
2.209855e-01 -5.842900e-02
2.275701e-01 -5.869800e-02
2.342227e-01 -5.894170e-02
2.409415e-01 -5.916020e-02
2.477248e-01 -5.935350e-02
2.545711e-01 -5.952190e-02
2.614784e-01 -5.966540e-02
2.684453e-01 -5.978410e-02
2.754698e-01 -5.987830e-02
2.825503e-01 -5.994810e-02
2.896850e-01 -5.999370e-02
2.968720e-01 -6.001530e-02
3.041098e-01 -6.001320e-02
3.113963e-01 -5.998750e-02
3.187299e-01 -5.993860e-02
3.261086e-01 -5.986680e-02
3.335307e-01 -5.977230e-02
3.409942e-01 -5.965540e-02
3.484974e-01 -5.951650e-02
3.560383e-01 -5.935590e-02
3.636152e-01 -5.917390e-02
3.712260e-01 -5.897090e-02
3.788688e-01 -5.874720e-02
3.865419e-01 -5.850330e-02
3.942433e-01 -5.823940e-02
4.019710e-01 -5.795610e-02
4.097232e-01 -5.765370e-02
4.174978e-01 -5.733250e-02
4.252930e-01 -5.699310e-02
4.331068e-01 -5.663590e-02
4.409373e-01 -5.626120e-02
4.487826e-01 -5.586960e-02
4.566405e-01 -5.546140e-02
4.645093e-01 -5.503710e-02
4.723870e-01 -5.459710e-02
4.802715e-01 -5.414190e-02
4.881609e-01 -5.367190e-02
4.960533e-01 -5.318760e-02
5.039467e-01 -5.268950e-02
5.118390e-01 -5.217790e-02
5.197285e-01 -5.165340e-02
5.276130e-01 -5.111640e-02
5.354906e-01 -5.056740e-02
5.433594e-01 -5.000670e-02
5.512174e-01 -4.943490e-02
5.590626e-01 -4.885240e-02
5.668931e-01 -4.825970e-02
5.747070e-01 -4.765720e-02
5.825022e-01 -4.704530e-02
5.902768e-01 -4.642460e-02
5.980290e-01 -4.579530e-02
6.057567e-01 -4.515800e-02
6.134580e-01 -4.451310e-02
6.211311e-01 -4.386100e-02
6.287740e-01 -4.320220e-02
6.363848e-01 -4.253710e-02
6.439616e-01 -4.186600e-02
6.515025e-01 -4.118950e-02
6.590058e-01 -4.050780e-02
6.664693e-01 -3.982160e-02
6.738914e-01 -3.913100e-02
6.812701e-01 -3.843660e-02
6.886036e-01 -3.773870e-02
6.958902e-01 -3.703770e-02
7.031279e-01 -3.633410e-02
7.103150e-01 -3.562820e-02
7.174497e-01 -3.492030e-02
7.245302e-01 -3.421100e-02
7.315547e-01 -3.350050e-02
7.385216e-01 -3.278920e-02
7.454289e-01 -3.207750e-02
7.522752e-01 -3.136590e-02
7.590585e-01 -3.065450e-02
7.657773e-01 -2.994390e-02
7.724298e-01 -2.923440e-02
7.790145e-01 -2.852630e-02
7.855296e-01 -2.782000e-02
7.919735e-01 -2.711590e-02
7.983447e-01 -2.641430e-02
8.046415e-01 -2.571560e-02
8.108625e-01 -2.502020e-02
8.170059e-01 -2.432830e-02
8.230703e-01 -2.364040e-02
8.290542e-01 -2.295670e-02
8.349562e-01 -2.227770e-02
8.407746e-01 -2.160370e-02
8.465081e-01 -2.093510e-02
8.521553e-01 -2.027210e-02
8.577147e-01 -1.961510e-02
8.631849e-01 -1.896460e-02
8.685645e-01 -1.832080e-02
8.738524e-01 -1.768400e-02
8.790472e-01 -1.705460e-02
8.841473e-01 -1.643300e-02
8.891519e-01 -1.581940e-02
8.940594e-01 -1.521430e-02
8.988686e-01 -1.461800e-02
9.035785e-01 -1.403070e-02
9.081879e-01 -1.345280e-02
9.126954e-01 -1.288470e-02
9.171001e-01 -1.232660e-02
9.214009e-01 -1.177890e-02
9.255967e-01 -1.124190e-02
9.296864e-01 -1.071600e-02
9.336690e-01 -1.020140e-02
9.375435e-01 -9.698400e-03
9.413090e-01 -9.207300e-03
9.449645e-01 -8.728600e-03
9.485090e-01 -8.262300e-03
9.519419e-01 -7.808900e-03
9.552621e-01 -7.368500e-03
9.584688e-01 -6.941600e-03
9.615613e-01 -6.528300e-03
9.645387e-01 -6.129000e-03
9.674004e-01 -5.743800e-03
9.701455e-01 -5.373000e-03
9.727736e-01 -5.016900e-03
9.752837e-01 -4.675800e-03
9.776754e-01 -4.349700e-03
9.799482e-01 -4.039000e-03
9.821012e-01 -3.743900e-03
9.841341e-01 -3.464500e-03
9.860464e-01 -3.201100e-03
9.878376e-01 -2.953800e-03
9.895071e-01 -2.722800e-03
9.910547e-01 -2.508200e-03
9.924798e-01 -2.310300e-03
9.937823e-01 -2.129100e-03
9.949617e-01 -1.964700e-03
9.960177e-01 -1.817400e-03
9.969501e-01 -1.687100e-03
9.977586e-01 -1.574100e-03
9.984431e-01 -1.478200e-03
9.990034e-01 -1.399700e-03
9.994394e-01 -1.338600e-03
9.997508e-01 -1.295000e-03
9.999377e-01 -1.268700e-03
1.008954e+00 0.000000e+00
