
 1.00895e+00  5.00000e-02
 1.00912e+00  5.11263e-02
 1.00932e+00  5.24778e-02
 1.00956e+00  5.40996e-02
 1.00985e+00  5.60459e-02
 1.01019e+00  5.83813e-02
 1.01061e+00  6.11838e-02
 1.01111e+00  6.45469e-02
 1.01170e+00  6.85825e-02
 1.01242e+00  7.34253e-02
 1.01328e+00  7.92367e-02
 1.01431e+00  8.62103e-02
 1.01555e+00  9.45786e-02
 1.01704e+00  1.04621e-01
 1.01882e+00  1.16671e-01
 1.02096e+00  1.31131e-01
 1.02353e+00  1.48484e-01
 1.02661e+00  1.69307e-01
 1.03031e+00  1.94295e-01
 1.03475e+00  2.24280e-01
 1.04008e+00  2.60262e-01
 1.04647e+00  3.03441e-01
 1.05414e+00  3.55255e-01
 1.06334e+00  4.17433e-01
 1.07438e+00  4.92046e-01
 1.08764e+00  5.81581e-01
 1.10153e+00  6.75438e-01
 1.11542e+00  7.69294e-01
 1.12931e+00  8.63150e-01
 1.14321e+00  9.57007e-01

 1.00997e+00  5.00000e-02
 1.01014e+00  5.11263e-02
 1.01034e+00  5.24778e-02
 1.01058e+00  5.40996e-02
 1.01087e+00  5.60459e-02
 1.01121e+00  5.83813e-02
 1.01163e+00  6.11838e-02
 1.01213e+00  6.45469e-02
 1.01272e+00  6.85825e-02
 1.01344e+00  7.34253e-02
 1.01430e+00  7.92367e-02
 1.01533e+00  8.62103e-02
 1.01657e+00  9.45786e-02
 1.01806e+00  1.04621e-01
 1.01984e+00  1.16671e-01
 1.02198e+00  1.31131e-01
 1.02455e+00  1.48484e-01
 1.02763e+00  1.69307e-01
 1.03133e+00  1.94295e-01
 1.03577e+00  2.24280e-01
 1.04110e+00  2.60262e-01
 1.04749e+00  3.03441e-01
 1.05516e+00  3.55255e-01
 1.06436e+00  4.17433e-01
 1.07540e+00  4.92046e-01
 1.08866e+00  5.81581e-01
 1.10255e+00  6.75438e-01
 1.11644e+00  7.69294e-01
 1.13033e+00  8.63150e-01
 1.14423e+00  9.57007e-01

 1.01120e+00  5.00000e-02
 1.01137e+00  5.11263e-02
 1.01157e+00  5.24778e-02
 1.01181e+00  5.40996e-02
 1.01209e+00  5.60459e-02
 1.01244e+00  5.83813e-02
 1.01285e+00  6.11838e-02
 1.01335e+00  6.45469e-02
 1.01395e+00  6.85825e-02
 1.01467e+00  7.34253e-02
 1.01553e+00  7.92367e-02
 1.01656e+00  8.62103e-02
 1.01780e+00  9.45786e-02
 1.01928e+00  1.04621e-01
 1.02107e+00  1.16671e-01
 1.02321e+00  1.31131e-01
 1.02578e+00  1.48484e-01
 1.02886e+00  1.69307e-01
 1.03256e+00  1.94295e-01
 1.03700e+00  2.24280e-01
 1.04232e+00  2.60262e-01
 1.04871e+00  3.03441e-01
 1.05638e+00  3.55255e-01
 1.06558e+00  4.17433e-01
 1.07663e+00  4.92046e-01
 1.08988e+00  5.81581e-01
 1.10377e+00  6.75438e-01
 1.11767e+00  7.69294e-01
 1.13156e+00  8.63150e-01
 1.14545e+00  9.57007e-01

 1.01267e+00  5.00000e-02
 1.01284e+00  5.11263e-02
 1.01304e+00  5.24778e-02
 1.01328e+00  5.40996e-02
 1.01356e+00  5.60459e-02
 1.01391e+00  5.83813e-02
 1.01432e+00  6.11838e-02
 1.01482e+00  6.45469e-02
 1.01542e+00  6.85825e-02
 1.01614e+00  7.34253e-02
 1.01700e+00  7.92367e-02
 1.01803e+00  8.62103e-02
 1.01927e+00  9.45786e-02
 1.02075e+00  1.04621e-01
 1.02254e+00  1.16671e-01
 1.02468e+00  1.31131e-01
 1.02725e+00  1.48484e-01
 1.03033e+00  1.69307e-01
 1.03403e+00  1.94295e-01
 1.03846e+00  2.24280e-01
 1.04379e+00  2.60262e-01
 1.05018e+00  3.03441e-01
 1.05785e+00  3.55255e-01
 1.06705e+00  4.17433e-01
 1.07810e+00  4.92046e-01
 1.09135e+00  5.81581e-01
 1.10524e+00  6.75438e-01
 1.11914e+00  7.69294e-01
 1.13303e+00  8.63150e-01
 1.14692e+00  9.57007e-01

 1.01443e+00  5.00000e-02
 1.01460e+00  5.11263e-02
 1.01480e+00  5.24778e-02
 1.01504e+00  5.40996e-02
 1.01533e+00  5.60459e-02
 1.01567e+00  5.83813e-02
 1.01609e+00  6.11838e-02
 1.01659e+00  6.45469e-02
 1.01718e+00  6.85825e-02
 1.01790e+00  7.34253e-02
 1.01876e+00  7.92367e-02
 1.01979e+00  8.62103e-02
 1.02103e+00  9.45786e-02
 1.02252e+00  1.04621e-01
 1.02430e+00  1.16671e-01
 1.02644e+00  1.31131e-01
 1.02901e+00  1.48484e-01
 1.03209e+00  1.69307e-01
 1.03579e+00  1.94295e-01
 1.04023e+00  2.24280e-01
 1.04555e+00  2.60262e-01
 1.05195e+00  3.03441e-01
 1.05961e+00  3.55255e-01
 1.06882e+00  4.17433e-01
 1.07986e+00  4.92046e-01
 1.09311e+00  5.81581e-01
 1.10701e+00  6.75438e-01
 1.12090e+00  7.69294e-01
 1.13479e+00  8.63150e-01
 1.14868e+00  9.57007e-01

 1.01655e+00  5.00000e-02
 1.01672e+00  5.11263e-02
 1.01692e+00  5.24778e-02
 1.01716e+00  5.40996e-02
 1.01744e+00  5.60459e-02
 1.01779e+00  5.83813e-02
 1.01820e+00  6.11838e-02
 1.01870e+00  6.45469e-02
 1.01930e+00  6.85825e-02
 1.02002e+00  7.34253e-02
 1.02088e+00  7.92367e-02
 1.02191e+00  8.62103e-02
 1.02315e+00  9.45786e-02
 1.02463e+00  1.04621e-01
 1.02642e+00  1.16671e-01
 1.02856e+00  1.31131e-01
 1.03113e+00  1.48484e-01
 1.03421e+00  1.69307e-01
 1.03791e+00  1.94295e-01
 1.04234e+00  2.24280e-01
 1.04767e+00  2.60262e-01
 1.05406e+00  3.03441e-01
 1.06173e+00  3.55255e-01
 1.07093e+00  4.17433e-01
 1.08198e+00  4.92046e-01
 1.09523e+00  5.81581e-01
 1.10912e+00  6.75438e-01
 1.12302e+00  7.69294e-01
 1.13691e+00  8.63150e-01
 1.15080e+00  9.57007e-01

 1.01909e+00  5.00000e-02
 1.01925e+00  5.11263e-02
 1.01945e+00  5.24778e-02
 1.01969e+00  5.40996e-02
 1.01998e+00  5.60459e-02
 1.02033e+00  5.83813e-02
 1.02074e+00  6.11838e-02
 1.02124e+00  6.45469e-02
 1.02184e+00  6.85825e-02
 1.02256e+00  7.34253e-02
 1.02342e+00  7.92367e-02
 1.02445e+00  8.62103e-02
 1.02569e+00  9.45786e-02
 1.02717e+00  1.04621e-01
 1.02896e+00  1.16671e-01
 1.03110e+00  1.31131e-01
 1.03367e+00  1.48484e-01
 1.03675e+00  1.69307e-01
 1.04045e+00  1.94295e-01
 1.04488e+00  2.24280e-01
 1.05021e+00  2.60262e-01
 1.05660e+00  3.03441e-01
 1.06427e+00  3.55255e-01
 1.07347e+00  4.17433e-01
 1.08452e+00  4.92046e-01
 1.09777e+00  5.81581e-01
 1.11166e+00  6.75438e-01
 1.12555e+00  7.69294e-01
 1.13945e+00  8.63150e-01
 1.15334e+00  9.57007e-01

 1.02214e+00  5.00000e-02
 1.02230e+00  5.11263e-02
 1.02250e+00  5.24778e-02
 1.02274e+00  5.40996e-02
 1.02303e+00  5.60459e-02
 1.02338e+00  5.83813e-02
 1.02379e+00  6.11838e-02
 1.02429e+00  6.45469e-02
 1.02489e+00  6.85825e-02
 1.02560e+00  7.34253e-02
 1.02646e+00  7.92367e-02
 1.02750e+00  8.62103e-02
 1.02873e+00  9.45786e-02
 1.03022e+00  1.04621e-01
 1.03200e+00  1.16671e-01
 1.03414e+00  1.31131e-01
 1.03671e+00  1.48484e-01
 1.03979e+00  1.69307e-01
 1.04349e+00  1.94295e-01
 1.04793e+00  2.24280e-01
 1.05326e+00  2.60262e-01
 1.05965e+00  3.03441e-01
 1.06732e+00  3.55255e-01
 1.07652e+00  4.17433e-01
 1.08757e+00  4.92046e-01
 1.10082e+00  5.81581e-01
 1.11471e+00  6.75438e-01
 1.12860e+00  7.69294e-01
 1.14249e+00  8.63150e-01
 1.15639e+00  9.57007e-01

 1.02579e+00  5.00000e-02
 1.02596e+00  5.11263e-02
 1.02616e+00  5.24778e-02
 1.02640e+00  5.40996e-02
 1.02669e+00  5.60459e-02
 1.02703e+00  5.83813e-02
 1.02745e+00  6.11838e-02
 1.02795e+00  6.45469e-02
 1.02854e+00  6.85825e-02
 1.02926e+00  7.34253e-02
 1.03012e+00  7.92367e-02
 1.03115e+00  8.62103e-02
 1.03239e+00  9.45786e-02
 1.03388e+00  1.04621e-01
 1.03566e+00  1.16671e-01
 1.03780e+00  1.31131e-01
 1.04037e+00  1.48484e-01
 1.04345e+00  1.69307e-01
 1.04715e+00  1.94295e-01
 1.05159e+00  2.24280e-01
 1.05691e+00  2.60262e-01
 1.06331e+00  3.03441e-01
 1.07098e+00  3.55255e-01
 1.08018e+00  4.17433e-01
 1.09122e+00  4.92046e-01
 1.10447e+00  5.81581e-01
 1.11837e+00  6.75438e-01
 1.13226e+00  7.69294e-01
 1.14615e+00  8.63150e-01
 1.16004e+00  9.57007e-01

 1.03018e+00  5.00000e-02
 1.03035e+00  5.11263e-02
 1.03055e+00  5.24778e-02
 1.03079e+00  5.40996e-02
 1.03108e+00  5.60459e-02
 1.03142e+00  5.83813e-02
 1.03184e+00  6.11838e-02
 1.03233e+00  6.45469e-02
 1.03293e+00  6.85825e-02
 1.03365e+00  7.34253e-02
 1.03451e+00  7.92367e-02
 1.03554e+00  8.62103e-02
 1.03678e+00  9.45786e-02
 1.03827e+00  1.04621e-01
 1.04005e+00  1.16671e-01
 1.04219e+00  1.31131e-01
 1.04476e+00  1.48484e-01
 1.04784e+00  1.69307e-01
 1.05154e+00  1.94295e-01
 1.05598e+00  2.24280e-01
 1.06130e+00  2.60262e-01
 1.06769e+00  3.03441e-01
 1.07536e+00  3.55255e-01
 1.08457e+00  4.17433e-01
 1.09561e+00  4.92046e-01
 1.10886e+00  5.81581e-01
 1.12276e+00  6.75438e-01
 1.13665e+00  7.69294e-01
 1.15054e+00  8.63150e-01
 1.16443e+00  9.57007e-01

 1.03545e+00  5.00000e-02
 1.03561e+00  5.11263e-02
 1.03581e+00  5.24778e-02
 1.03605e+00  5.40996e-02
 1.03634e+00  5.60459e-02
 1.03669e+00  5.83813e-02
 1.03710e+00  6.11838e-02
 1.03760e+00  6.45469e-02
 1.03820e+00  6.85825e-02
 1.03891e+00  7.34253e-02
 1.03977e+00  7.92367e-02
 1.04081e+00  8.62103e-02
 1.04205e+00  9.45786e-02
 1.04353e+00  1.04621e-01
 1.04532e+00  1.16671e-01
 1.04746e+00  1.31131e-01
 1.05002e+00  1.48484e-01
 1.05311e+00  1.69307e-01
 1.05680e+00  1.94295e-01
 1.06124e+00  2.24280e-01
 1.06657e+00  2.60262e-01
 1.07296e+00  3.03441e-01
 1.08063e+00  3.55255e-01
 1.08983e+00  4.17433e-01
 1.10088e+00  4.92046e-01
 1.11413e+00  5.81581e-01
 1.12802e+00  6.75438e-01
 1.14191e+00  7.69294e-01
 1.15581e+00  8.63150e-01
 1.16970e+00  9.57007e-01

 1.04177e+00  5.00000e-02
 1.04193e+00  5.11263e-02
 1.04213e+00  5.24778e-02
 1.04237e+00  5.40996e-02
 1.04266e+00  5.60459e-02
 1.04301e+00  5.83813e-02
 1.04342e+00  6.11838e-02
 1.04392e+00  6.45469e-02
 1.04452e+00  6.85825e-02
 1.04523e+00  7.34253e-02
 1.04609e+00  7.92367e-02
 1.04713e+00  8.62103e-02
 1.04836e+00  9.45786e-02
 1.04985e+00  1.04621e-01
 1.05163e+00  1.16671e-01
 1.05377e+00  1.31131e-01
 1.05634e+00  1.48484e-01
 1.05943e+00  1.69307e-01
 1.06312e+00  1.94295e-01
 1.06756e+00  2.24280e-01
 1.07289e+00  2.60262e-01
 1.07928e+00  3.03441e-01
 1.08695e+00  3.55255e-01
 1.09615e+00  4.17433e-01
 1.10720e+00  4.92046e-01
 1.12045e+00  5.81581e-01
 1.13434e+00  6.75438e-01
 1.14823e+00  7.69294e-01
 1.16213e+00  8.63150e-01
 1.17602e+00  9.57007e-01

 1.04935e+00  5.00000e-02
 1.04952e+00  5.11263e-02
 1.04972e+00  5.24778e-02
 1.04996e+00  5.40996e-02
 1.05024e+00  5.60459e-02
 1.05059e+00  5.83813e-02
 1.05100e+00  6.11838e-02
 1.05150e+00  6.45469e-02
 1.05210e+00  6.85825e-02
 1.05282e+00  7.34253e-02
 1.05368e+00  7.92367e-02
 1.05471e+00  8.62103e-02
 1.05595e+00  9.45786e-02
 1.05743e+00  1.04621e-01
 1.05922e+00  1.16671e-01
 1.06136e+00  1.31131e-01
 1.06393e+00  1.48484e-01
 1.06701e+00  1.69307e-01
 1.07071e+00  1.94295e-01
 1.07515e+00  2.24280e-01
 1.08047e+00  2.60262e-01
 1.08686e+00  3.03441e-01
 1.09453e+00  3.55255e-01
 1.10374e+00  4.17433e-01
 1.11478e+00  4.92046e-01
 1.12803e+00  5.81581e-01
 1.14192e+00  6.75438e-01
 1.15582e+00  7.69294e-01
 1.16971e+00  8.63150e-01
 1.18360e+00  9.57007e-01

 1.05845e+00  5.00000e-02
 1.05862e+00  5.11263e-02
 1.05882e+00  5.24778e-02
 1.05906e+00  5.40996e-02
 1.05934e+00  5.60459e-02
 1.05969e+00  5.83813e-02
 1.06010e+00  6.11838e-02
 1.06060e+00  6.45469e-02
 1.06120e+00  6.85825e-02
 1.06192e+00  7.34253e-02
 1.06278e+00  7.92367e-02
 1.06381e+00  8.62103e-02
 1.06505e+00  9.45786e-02
 1.06653e+00  1.04621e-01
 1.06832e+00  1.16671e-01
 1.07046e+00  1.31131e-01
 1.07303e+00  1.48484e-01
 1.07611e+00  1.69307e-01
 1.07981e+00  1.94295e-01
 1.08425e+00  2.24280e-01
 1.08957e+00  2.60262e-01
 1.09596e+00  3.03441e-01
 1.10363e+00  3.55255e-01
 1.11283e+00  4.17433e-01
 1.12388e+00  4.92046e-01
 1.13713e+00  5.81581e-01
 1.15102e+00  6.75438e-01
 1.16492e+00  7.69294e-01
 1.17881e+00  8.63150e-01
 1.19270e+00  9.57007e-01

 1.06937e+00  5.00000e-02
 1.06954e+00  5.11263e-02
 1.06974e+00  5.24778e-02
 1.06998e+00  5.40996e-02
 1.07026e+00  5.60459e-02
 1.07061e+00  5.83813e-02
 1.07102e+00  6.11838e-02
 1.07152e+00  6.45469e-02
 1.07212e+00  6.85825e-02
 1.07284e+00  7.34253e-02
 1.07370e+00  7.92367e-02
 1.07473e+00  8.62103e-02
 1.07597e+00  9.45786e-02
 1.07745e+00  1.04621e-01
 1.07924e+00  1.16671e-01
 1.08138e+00  1.31131e-01
 1.08395e+00  1.48484e-01
 1.08703e+00  1.69307e-01
 1.09073e+00  1.94295e-01
 1.09516e+00  2.24280e-01
 1.10049e+00  2.60262e-01
 1.10688e+00  3.03441e-01
 1.11455e+00  3.55255e-01
 1.12375e+00  4.17433e-01
 1.13480e+00  4.92046e-01
 1.14805e+00  5.81581e-01
 1.16194e+00  6.75438e-01
 1.17584e+00  7.69294e-01
 1.18973e+00  8.63150e-01
 1.20362e+00  9.57007e-01

 1.08247e+00  5.00000e-02
 1.08264e+00  5.11263e-02
 1.08284e+00  5.24778e-02
 1.08308e+00  5.40996e-02
 1.08337e+00  5.60459e-02
 1.08371e+00  5.83813e-02
 1.08413e+00  6.11838e-02
 1.08463e+00  6.45469e-02
 1.08522e+00  6.85825e-02
 1.08594e+00  7.34253e-02
 1.08680e+00  7.92367e-02
 1.08783e+00  8.62103e-02
 1.08907e+00  9.45786e-02
 1.09056e+00  1.04621e-01
 1.09234e+00  1.16671e-01
 1.09448e+00  1.31131e-01
 1.09705e+00  1.48484e-01
 1.10013e+00  1.69307e-01
 1.10383e+00  1.94295e-01
 1.10827e+00  2.24280e-01
 1.11359e+00  2.60262e-01
 1.11999e+00  3.03441e-01
 1.12765e+00  3.55255e-01
 1.13686e+00  4.17433e-01
 1.14790e+00  4.92046e-01
 1.16115e+00  5.81581e-01
 1.17505e+00  6.75438e-01
 1.18894e+00  7.69294e-01
 1.20283e+00  8.63150e-01
 1.21672e+00  9.57007e-01

 1.09820e+00  5.00000e-02
 1.09836e+00  5.11263e-02
 1.09856e+00  5.24778e-02
 1.09880e+00  5.40996e-02
 1.09909e+00  5.60459e-02
 1.09944e+00  5.83813e-02
 1.09985e+00  6.11838e-02
 1.10035e+00  6.45469e-02
 1.10095e+00  6.85825e-02
 1.10166e+00  7.34253e-02
 1.10252e+00  7.92367e-02
 1.10356e+00  8.62103e-02
 1.10479e+00  9.45786e-02
 1.10628e+00  1.04621e-01
 1.10806e+00  1.16671e-01
 1.11021e+00  1.31131e-01
 1.11277e+00  1.48484e-01
 1.11586e+00  1.69307e-01
 1.11955e+00  1.94295e-01
 1.12399e+00  2.24280e-01
 1.12932e+00  2.60262e-01
 1.13571e+00  3.03441e-01
 1.14338e+00  3.55255e-01
 1.15258e+00  4.17433e-01
 1.16363e+00  4.92046e-01
 1.17688e+00  5.81581e-01
 1.19077e+00  6.75438e-01
 1.20466e+00  7.69294e-01
 1.21856e+00  8.63150e-01
 1.23245e+00  9.57007e-01

 1.11707e+00  5.00000e-02
 1.11723e+00  5.11263e-02
 1.11743e+00  5.24778e-02
 1.11767e+00  5.40996e-02
 1.11796e+00  5.60459e-02
 1.11831e+00  5.83813e-02
 1.11872e+00  6.11838e-02
 1.11922e+00  6.45469e-02
 1.11982e+00  6.85825e-02
 1.12053e+00  7.34253e-02
 1.12139e+00  7.92367e-02
 1.12243e+00  8.62103e-02
 1.12366e+00  9.45786e-02
 1.12515e+00  1.04621e-01
 1.12693e+00  1.16671e-01
 1.12907e+00  1.31131e-01
 1.13164e+00  1.48484e-01
 1.13472e+00  1.69307e-01
 1.13842e+00  1.94295e-01
 1.14286e+00  2.24280e-01
 1.14819e+00  2.60262e-01
 1.15458e+00  3.03441e-01
 1.16225e+00  3.55255e-01
 1.17145e+00  4.17433e-01
 1.18250e+00  4.92046e-01
 1.19575e+00  5.81581e-01
 1.20964e+00  6.75438e-01
 1.22353e+00  7.69294e-01
 1.23742e+00  8.63150e-01
 1.25132e+00  9.57007e-01

 1.13971e+00  5.00000e-02
 1.13988e+00  5.11263e-02
 1.14008e+00  5.24778e-02
 1.14032e+00  5.40996e-02
 1.14060e+00  5.60459e-02
 1.14095e+00  5.83813e-02
 1.14136e+00  6.11838e-02
 1.14186e+00  6.45469e-02
 1.14246e+00  6.85825e-02
 1.14318e+00  7.34253e-02
 1.14404e+00  7.92367e-02
 1.14507e+00  8.62103e-02
 1.14631e+00  9.45786e-02
 1.14779e+00  1.04621e-01
 1.14958e+00  1.16671e-01
 1.15172e+00  1.31131e-01
 1.15429e+00  1.48484e-01
 1.15737e+00  1.69307e-01
 1.16107e+00  1.94295e-01
 1.16550e+00  2.24280e-01
 1.17083e+00  2.60262e-01
 1.17722e+00  3.03441e-01
 1.18489e+00  3.55255e-01
 1.19409e+00  4.17433e-01
 1.20514e+00  4.92046e-01
 1.21839e+00  5.81581e-01
 1.23228e+00  6.75438e-01
 1.24618e+00  7.69294e-01
 1.26007e+00  8.63150e-01
 1.27396e+00  9.57007e-01

 1.16688e+00  5.00000e-02
 1.16705e+00  5.11263e-02
 1.16725e+00  5.24778e-02
 1.16749e+00  5.40996e-02
 1.16777e+00  5.60459e-02
 1.16812e+00  5.83813e-02
 1.16854e+00  6.11838e-02
 1.16903e+00  6.45469e-02
 1.16963e+00  6.85825e-02
 1.17035e+00  7.34253e-02
 1.17121e+00  7.92367e-02
 1.17224e+00  8.62103e-02
 1.17348e+00  9.45786e-02
 1.17496e+00  1.04621e-01
 1.17675e+00  1.16671e-01
 1.17889e+00  1.31131e-01
 1.18146e+00  1.48484e-01
 1.18454e+00  1.69307e-01
 1.18824e+00  1.94295e-01
 1.19268e+00  2.24280e-01
 1.19800e+00  2.60262e-01
 1.20439e+00  3.03441e-01
 1.21206e+00  3.55255e-01
 1.22127e+00  4.17433e-01
 1.23231e+00  4.92046e-01
 1.24556e+00  5.81581e-01
 1.25945e+00  6.75438e-01
 1.27335e+00  7.69294e-01
 1.28724e+00  8.63150e-01
 1.30113e+00  9.57007e-01

 1.19949e+00  5.00000e-02
 1.19965e+00  5.11263e-02
 1.19985e+00  5.24778e-02
 1.20009e+00  5.40996e-02
 1.20038e+00  5.60459e-02
 1.20073e+00  5.83813e-02
 1.20114e+00  6.11838e-02
 1.20164e+00  6.45469e-02
 1.20224e+00  6.85825e-02
 1.20295e+00  7.34253e-02
 1.20381e+00  7.92367e-02
 1.20485e+00  8.62103e-02
 1.20608e+00  9.45786e-02
 1.20757e+00  1.04621e-01
 1.20935e+00  1.16671e-01
 1.21149e+00  1.31131e-01
 1.21406e+00  1.48484e-01
 1.21714e+00  1.69307e-01
 1.22084e+00  1.94295e-01
 1.22528e+00  2.24280e-01
 1.23061e+00  2.60262e-01
 1.23700e+00  3.03441e-01
 1.24467e+00  3.55255e-01
 1.25387e+00  4.17433e-01
 1.26492e+00  4.92046e-01
 1.27817e+00  5.81581e-01
 1.29206e+00  6.75438e-01
 1.30595e+00  7.69294e-01
 1.31984e+00  8.63150e-01
 1.33374e+00  9.57007e-01

 1.23861e+00  5.00000e-02
 1.23878e+00  5.11263e-02
 1.23898e+00  5.24778e-02
 1.23922e+00  5.40996e-02
 1.23951e+00  5.60459e-02
 1.23985e+00  5.83813e-02
 1.24027e+00  6.11838e-02
 1.24077e+00  6.45469e-02
 1.24136e+00  6.85825e-02
 1.24208e+00  7.34253e-02
 1.24294e+00  7.92367e-02
 1.24397e+00  8.62103e-02
 1.24521e+00  9.45786e-02
 1.24670e+00  1.04621e-01
 1.24848e+00  1.16671e-01
 1.25062e+00  1.31131e-01
 1.25319e+00  1.48484e-01
 1.25627e+00  1.69307e-01
 1.25997e+00  1.94295e-01
 1.26441e+00  2.24280e-01
 1.26973e+00  2.60262e-01
 1.27613e+00  3.03441e-01
 1.28380e+00  3.55255e-01
 1.29300e+00  4.17433e-01
 1.30404e+00  4.92046e-01
 1.31730e+00  5.81581e-01
 1.33119e+00  6.75438e-01
 1.34508e+00  7.69294e-01
 1.35897e+00  8.63150e-01
 1.37286e+00  9.57007e-01

 1.28557e+00  5.00000e-02
 1.28573e+00  5.11263e-02
 1.28593e+00  5.24778e-02
 1.28617e+00  5.40996e-02
 1.28646e+00  5.60459e-02
 1.28681e+00  5.83813e-02
 1.28722e+00  6.11838e-02
 1.28772e+00  6.45469e-02
 1.28832e+00  6.85825e-02
 1.28903e+00  7.34253e-02
 1.28989e+00  7.92367e-02
 1.29092e+00  8.62103e-02
 1.29216e+00  9.45786e-02
 1.29365e+00  1.04621e-01
 1.29543e+00  1.16671e-01
 1.29757e+00  1.31131e-01
 1.30014e+00  1.48484e-01
 1.30322e+00  1.69307e-01
 1.30692e+00  1.94295e-01
 1.31136e+00  2.24280e-01
 1.31669e+00  2.60262e-01
 1.32308e+00  3.03441e-01
 1.33075e+00  3.55255e-01
 1.33995e+00  4.17433e-01
 1.35099e+00  4.92046e-01
 1.36425e+00  5.81581e-01
 1.37814e+00  6.75438e-01
 1.39203e+00  7.69294e-01
 1.40592e+00  8.63150e-01
 1.41982e+00  9.57007e-01

 1.34191e+00  5.00000e-02
 1.34207e+00  5.11263e-02
 1.34227e+00  5.24778e-02
 1.34251e+00  5.40996e-02
 1.34280e+00  5.60459e-02
 1.34315e+00  5.83813e-02
 1.34356e+00  6.11838e-02
 1.34406e+00  6.45469e-02
 1.34466e+00  6.85825e-02
 1.34538e+00  7.34253e-02
 1.34624e+00  7.92367e-02
 1.34727e+00  8.62103e-02
 1.34851e+00  9.45786e-02
 1.34999e+00  1.04621e-01
 1.35178e+00  1.16671e-01
 1.35392e+00  1.31131e-01
 1.35649e+00  1.48484e-01
 1.35957e+00  1.69307e-01
 1.36327e+00  1.94295e-01
 1.36770e+00  2.24280e-01
 1.37303e+00  2.60262e-01
 1.37942e+00  3.03441e-01
 1.38709e+00  3.55255e-01
 1.39629e+00  4.17433e-01
 1.40734e+00  4.92046e-01
 1.42059e+00  5.81581e-01
 1.43448e+00  6.75438e-01
 1.44837e+00  7.69294e-01
 1.46227e+00  8.63150e-01
 1.47616e+00  9.57007e-01

 1.40952e+00  5.00000e-02
 1.40969e+00  5.11263e-02
 1.40989e+00  5.24778e-02
 1.41013e+00  5.40996e-02
 1.41041e+00  5.60459e-02
 1.41076e+00  5.83813e-02
 1.41117e+00  6.11838e-02
 1.41167e+00  6.45469e-02
 1.41227e+00  6.85825e-02
 1.41299e+00  7.34253e-02
 1.41385e+00  7.92367e-02
 1.41488e+00  8.62103e-02
 1.41612e+00  9.45786e-02
 1.41760e+00  1.04621e-01
 1.41939e+00  1.16671e-01
 1.42153e+00  1.31131e-01
 1.42410e+00  1.48484e-01
 1.42718e+00  1.69307e-01
 1.43088e+00  1.94295e-01
 1.43532e+00  2.24280e-01
 1.44064e+00  2.60262e-01
 1.44703e+00  3.03441e-01
 1.45470e+00  3.55255e-01
 1.46391e+00  4.17433e-01
 1.47495e+00  4.92046e-01
 1.48820e+00  5.81581e-01
 1.50209e+00  6.75438e-01
 1.51599e+00  7.69294e-01
 1.52988e+00  8.63150e-01
 1.54377e+00  9.57007e-01

 1.49065e+00  5.00000e-02
 1.49082e+00  5.11263e-02
 1.49102e+00  5.24778e-02
 1.49126e+00  5.40996e-02
 1.49155e+00  5.60459e-02
 1.49189e+00  5.83813e-02
 1.49231e+00  6.11838e-02
 1.49281e+00  6.45469e-02
 1.49340e+00  6.85825e-02
 1.49412e+00  7.34253e-02
 1.49498e+00  7.92367e-02
 1.49601e+00  8.62103e-02
 1.49725e+00  9.45786e-02
 1.49874e+00  1.04621e-01
 1.50052e+00  1.16671e-01
 1.50266e+00  1.31131e-01
 1.50523e+00  1.48484e-01
 1.50831e+00  1.69307e-01
 1.51201e+00  1.94295e-01
 1.51645e+00  2.24280e-01
 1.52178e+00  2.60262e-01
 1.52817e+00  3.03441e-01
 1.53584e+00  3.55255e-01
 1.54504e+00  4.17433e-01
 1.55608e+00  4.92046e-01
 1.56934e+00  5.81581e-01
 1.58323e+00  6.75438e-01
 1.59712e+00  7.69294e-01
 1.61101e+00  8.63150e-01
 1.62490e+00  9.57007e-01

 1.58801e+00  5.00000e-02
 1.58818e+00  5.11263e-02
 1.58838e+00  5.24778e-02
 1.58862e+00  5.40996e-02
 1.58891e+00  5.60459e-02
 1.58925e+00  5.83813e-02
 1.58967e+00  6.11838e-02
 1.59017e+00  6.45469e-02
 1.59076e+00  6.85825e-02
 1.59148e+00  7.34253e-02
 1.59234e+00  7.92367e-02
 1.59337e+00  8.62103e-02
 1.59461e+00  9.45786e-02
 1.59610e+00  1.04621e-01
 1.59788e+00  1.16671e-01
 1.60002e+00  1.31131e-01
 1.60259e+00  1.48484e-01
 1.60567e+00  1.69307e-01
 1.60937e+00  1.94295e-01
 1.61381e+00  2.24280e-01
 1.61914e+00  2.60262e-01
 1.62553e+00  3.03441e-01
 1.63320e+00  3.55255e-01
 1.64240e+00  4.17433e-01
 1.65344e+00  4.92046e-01
 1.66670e+00  5.81581e-01
 1.68059e+00  6.75438e-01
 1.69448e+00  7.69294e-01
 1.70837e+00  8.63150e-01
 1.72226e+00  9.57007e-01

 1.68801e+00  5.00000e-02
 1.68818e+00  5.11263e-02
 1.68838e+00  5.24778e-02
 1.68862e+00  5.40996e-02
 1.68891e+00  5.60459e-02
 1.68925e+00  5.83813e-02
 1.68967e+00  6.11838e-02
 1.69017e+00  6.45469e-02
 1.69076e+00  6.85825e-02
 1.69148e+00  7.34253e-02
 1.69234e+00  7.92367e-02
 1.69337e+00  8.62103e-02
 1.69461e+00  9.45786e-02
 1.69610e+00  1.04621e-01
 1.69788e+00  1.16671e-01
 1.70002e+00  1.31131e-01
 1.70259e+00  1.48484e-01
 1.70567e+00  1.69307e-01
 1.70937e+00  1.94295e-01
 1.71381e+00  2.24280e-01
 1.71914e+00  2.60262e-01
 1.72553e+00  3.03441e-01
 1.73320e+00  3.55255e-01
 1.74240e+00  4.17433e-01
 1.75344e+00  4.92046e-01
 1.76670e+00  5.81581e-01
 1.78059e+00  6.75438e-01
 1.79448e+00  7.69294e-01
 1.80837e+00  8.63150e-01
 1.82226e+00  9.57007e-01

 1.78801e+00  5.00000e-02
 1.78818e+00  5.11263e-02
 1.78838e+00  5.24778e-02
 1.78862e+00  5.40996e-02
 1.78891e+00  5.60459e-02
 1.78925e+00  5.83813e-02
 1.78967e+00  6.11838e-02
 1.79017e+00  6.45469e-02
 1.79076e+00  6.85825e-02
 1.79148e+00  7.34253e-02
 1.79234e+00  7.92367e-02
 1.79337e+00  8.62103e-02
 1.79461e+00  9.45786e-02
 1.79610e+00  1.04621e-01
 1.79788e+00  1.16671e-01
 1.80002e+00  1.31131e-01
 1.80259e+00  1.48484e-01
 1.80567e+00  1.69307e-01
 1.80937e+00  1.94295e-01
 1.81381e+00  2.24280e-01
 1.81914e+00  2.60262e-01
 1.82553e+00  3.03441e-01
 1.83320e+00  3.55255e-01
 1.84240e+00  4.17433e-01
 1.85344e+00  4.92046e-01
 1.86670e+00  5.81581e-01
 1.88059e+00  6.75438e-01
 1.89448e+00  7.69294e-01
 1.90837e+00  8.63150e-01
 1.92226e+00  9.57007e-01

 1.88801e+00  5.00000e-02
 1.88818e+00  5.11263e-02
 1.88838e+00  5.24778e-02
 1.88862e+00  5.40996e-02
 1.88891e+00  5.60459e-02
 1.88925e+00  5.83813e-02
 1.88967e+00  6.11838e-02
 1.89017e+00  6.45469e-02
 1.89076e+00  6.85825e-02
 1.89148e+00  7.34253e-02
 1.89234e+00  7.92367e-02
 1.89337e+00  8.62103e-02
 1.89461e+00  9.45786e-02
 1.89610e+00  1.04621e-01
 1.89788e+00  1.16671e-01
 1.90002e+00  1.31131e-01
 1.90259e+00  1.48484e-01
 1.90567e+00  1.69307e-01
 1.90937e+00  1.94295e-01
 1.91381e+00  2.24280e-01
 1.91914e+00  2.60262e-01
 1.92553e+00  3.03441e-01
 1.93320e+00  3.55255e-01
 1.94240e+00  4.17433e-01
 1.95344e+00  4.92046e-01
 1.96670e+00  5.81581e-01
 1.98059e+00  6.75438e-01
 1.99448e+00  7.69294e-01
 2.00837e+00  8.63150e-01
 2.02226e+00  9.57007e-01

 1.98801e+00  5.00000e-02
 1.98818e+00  5.11263e-02
 1.98838e+00  5.24778e-02
 1.98862e+00  5.40996e-02
 1.98891e+00  5.60459e-02
 1.98925e+00  5.83813e-02
 1.98967e+00  6.11838e-02
 1.99017e+00  6.45469e-02
 1.99076e+00  6.85825e-02
 1.99148e+00  7.34253e-02
 1.99234e+00  7.92367e-02
 1.99337e+00  8.62103e-02
 1.99461e+00  9.45786e-02
 1.99610e+00  1.04621e-01
 1.99788e+00  1.16671e-01
 2.00002e+00  1.31131e-01
 2.00259e+00  1.48484e-01
 2.00567e+00  1.69307e-01
 2.00937e+00  1.94295e-01
 2.01381e+00  2.24280e-01
 2.01914e+00  2.60262e-01
 2.02553e+00  3.03441e-01
 2.03320e+00  3.55255e-01
 2.04240e+00  4.17433e-01
 2.05344e+00  4.92046e-01
 2.06670e+00  5.81581e-01
 2.08059e+00  6.75438e-01
 2.09448e+00  7.69294e-01
 2.10837e+00  8.63150e-01
 2.12226e+00  9.57007e-01

 2.08801e+00  5.00000e-02
 2.08818e+00  5.11263e-02
 2.08838e+00  5.24778e-02
 2.08862e+00  5.40996e-02
 2.08891e+00  5.60459e-02
 2.08925e+00  5.83813e-02
 2.08967e+00  6.11838e-02
 2.09017e+00  6.45469e-02
 2.09076e+00  6.85825e-02
 2.09148e+00  7.34253e-02
 2.09234e+00  7.92367e-02
 2.09337e+00  8.62103e-02
 2.09461e+00  9.45786e-02
 2.09610e+00  1.04621e-01
 2.09788e+00  1.16671e-01
 2.10002e+00  1.31131e-01
 2.10259e+00  1.48484e-01
 2.10567e+00  1.69307e-01
 2.10937e+00  1.94295e-01
 2.11381e+00  2.24280e-01
 2.11914e+00  2.60262e-01
 2.12553e+00  3.03441e-01
 2.13320e+00  3.55255e-01
 2.14240e+00  4.17433e-01
 2.15344e+00  4.92046e-01
 2.16670e+00  5.81581e-01
 2.18059e+00  6.75438e-01
 2.19448e+00  7.69294e-01
 2.20837e+00  8.63150e-01
 2.22226e+00  9.57007e-01

 2.18801e+00  5.00000e-02
 2.18818e+00  5.11263e-02
 2.18838e+00  5.24778e-02
 2.18862e+00  5.40996e-02
 2.18891e+00  5.60459e-02
 2.18925e+00  5.83813e-02
 2.18967e+00  6.11838e-02
 2.19017e+00  6.45469e-02
 2.19076e+00  6.85825e-02
 2.19148e+00  7.34253e-02
 2.19234e+00  7.92367e-02
 2.19337e+00  8.62103e-02
 2.19461e+00  9.45786e-02
 2.19610e+00  1.04621e-01
 2.19788e+00  1.16671e-01
 2.20002e+00  1.31131e-01
 2.20259e+00  1.48484e-01
 2.20567e+00  1.69307e-01
 2.20937e+00  1.94295e-01
 2.21381e+00  2.24280e-01
 2.21914e+00  2.60262e-01
 2.22553e+00  3.03441e-01
 2.23320e+00  3.55255e-01
 2.24240e+00  4.17433e-01
 2.25344e+00  4.92046e-01
 2.26670e+00  5.81581e-01
 2.28059e+00  6.75438e-01
 2.29448e+00  7.69294e-01
 2.30837e+00  8.63150e-01
 2.32226e+00  9.57007e-01

 2.28801e+00  5.00000e-02
 2.28818e+00  5.11263e-02
 2.28838e+00  5.24778e-02
 2.28862e+00  5.40996e-02
 2.28891e+00  5.60459e-02
 2.28925e+00  5.83813e-02
 2.28967e+00  6.11838e-02
 2.29017e+00  6.45469e-02
 2.29076e+00  6.85825e-02
 2.29148e+00  7.34253e-02
 2.29234e+00  7.92367e-02
 2.29337e+00  8.62103e-02
 2.29461e+00  9.45786e-02
 2.29610e+00  1.04621e-01
 2.29788e+00  1.16671e-01
 2.30002e+00  1.31131e-01
 2.30259e+00  1.48484e-01
 2.30567e+00  1.69307e-01
 2.30937e+00  1.94295e-01
 2.31381e+00  2.24280e-01
 2.31914e+00  2.60262e-01
 2.32553e+00  3.03441e-01
 2.33320e+00  3.55255e-01
 2.34240e+00  4.17433e-01
 2.35344e+00  4.92046e-01
 2.36670e+00  5.81581e-01
 2.38059e+00  6.75438e-01
 2.39448e+00  7.69294e-01
 2.40837e+00  8.63150e-01
 2.42226e+00  9.57007e-01

 2.38801e+00  5.00000e-02
 2.38818e+00  5.11263e-02
 2.38838e+00  5.24778e-02
 2.38862e+00  5.40996e-02
 2.38891e+00  5.60459e-02
 2.38925e+00  5.83813e-02
 2.38967e+00  6.11838e-02
 2.39017e+00  6.45469e-02
 2.39076e+00  6.85825e-02
 2.39148e+00  7.34253e-02
 2.39234e+00  7.92367e-02
 2.39337e+00  8.62103e-02
 2.39461e+00  9.45786e-02
 2.39610e+00  1.04621e-01
 2.39788e+00  1.16671e-01
 2.40002e+00  1.31131e-01
 2.40259e+00  1.48484e-01
 2.40567e+00  1.69307e-01
 2.40937e+00  1.94295e-01
 2.41381e+00  2.24280e-01
 2.41914e+00  2.60262e-01
 2.42553e+00  3.03441e-01
 2.43320e+00  3.55255e-01
 2.44240e+00  4.17433e-01
 2.45344e+00  4.92046e-01
 2.46670e+00  5.81581e-01
 2.48059e+00  6.75438e-01
 2.49448e+00  7.69294e-01
 2.50837e+00  8.63150e-01
 2.52226e+00  9.57007e-01

 2.48801e+00  5.00000e-02
 2.48818e+00  5.11263e-02
 2.48838e+00  5.24778e-02
 2.48862e+00  5.40996e-02
 2.48891e+00  5.60459e-02
 2.48925e+00  5.83813e-02
 2.48967e+00  6.11838e-02
 2.49017e+00  6.45469e-02
 2.49076e+00  6.85825e-02
 2.49148e+00  7.34253e-02
 2.49234e+00  7.92367e-02
 2.49337e+00  8.62103e-02
 2.49461e+00  9.45786e-02
 2.49610e+00  1.04621e-01
 2.49788e+00  1.16671e-01
 2.50002e+00  1.31131e-01
 2.50259e+00  1.48484e-01
 2.50567e+00  1.69307e-01
 2.50937e+00  1.94295e-01
 2.51381e+00  2.24280e-01
 2.51914e+00  2.60262e-01
 2.52553e+00  3.03441e-01
 2.53320e+00  3.55255e-01
 2.54240e+00  4.17433e-01
 2.55344e+00  4.92046e-01
 2.56670e+00  5.81581e-01
 2.58059e+00  6.75438e-01
 2.59448e+00  7.69294e-01
 2.60837e+00  8.63150e-01
 2.62226e+00  9.57007e-01

 2.58801e+00  5.00000e-02
 2.58818e+00  5.11263e-02
 2.58838e+00  5.24778e-02
 2.58862e+00  5.40996e-02
 2.58891e+00  5.60459e-02
 2.58925e+00  5.83813e-02
 2.58967e+00  6.11838e-02
 2.59017e+00  6.45469e-02
 2.59076e+00  6.85825e-02
 2.59148e+00  7.34253e-02
 2.59234e+00  7.92367e-02
 2.59337e+00  8.62103e-02
 2.59461e+00  9.45786e-02
 2.59610e+00  1.04621e-01
 2.59788e+00  1.16671e-01
 2.60002e+00  1.31131e-01
 2.60259e+00  1.48484e-01
 2.60567e+00  1.69307e-01
 2.60937e+00  1.94295e-01
 2.61381e+00  2.24280e-01
 2.61914e+00  2.60262e-01
 2.62553e+00  3.03441e-01
 2.63320e+00  3.55255e-01
 2.64240e+00  4.17433e-01
 2.65344e+00  4.92046e-01
 2.66670e+00  5.81581e-01
 2.68059e+00  6.75438e-01
 2.69448e+00  7.69294e-01
 2.70837e+00  8.63150e-01
 2.72226e+00  9.57007e-01

 2.68801e+00  5.00000e-02
 2.68818e+00  5.11263e-02
 2.68838e+00  5.24778e-02
 2.68862e+00  5.40996e-02
 2.68891e+00  5.60459e-02
 2.68925e+00  5.83813e-02
 2.68967e+00  6.11838e-02
 2.69017e+00  6.45469e-02
 2.69076e+00  6.85825e-02
 2.69148e+00  7.34253e-02
 2.69234e+00  7.92367e-02
 2.69337e+00  8.62103e-02
 2.69461e+00  9.45786e-02
 2.69610e+00  1.04621e-01
 2.69788e+00  1.16671e-01
 2.70002e+00  1.31131e-01
 2.70259e+00  1.48484e-01
 2.70567e+00  1.69307e-01
 2.70937e+00  1.94295e-01
 2.71381e+00  2.24280e-01
 2.71914e+00  2.60262e-01
 2.72553e+00  3.03441e-01
 2.73320e+00  3.55255e-01
 2.74240e+00  4.17433e-01
 2.75344e+00  4.92046e-01
 2.76670e+00  5.81581e-01
 2.78059e+00  6.75438e-01
 2.79448e+00  7.69294e-01
 2.80837e+00  8.63150e-01
 2.82226e+00  9.57007e-01

 2.78801e+00  5.00000e-02
 2.78818e+00  5.11263e-02
 2.78838e+00  5.24778e-02
 2.78862e+00  5.40996e-02
 2.78891e+00  5.60459e-02
 2.78925e+00  5.83813e-02
 2.78967e+00  6.11838e-02
 2.79017e+00  6.45469e-02
 2.79076e+00  6.85825e-02
 2.79148e+00  7.34253e-02
 2.79234e+00  7.92367e-02
 2.79337e+00  8.62103e-02
 2.79461e+00  9.45786e-02
 2.79610e+00  1.04621e-01
 2.79788e+00  1.16671e-01
 2.80002e+00  1.31131e-01
 2.80259e+00  1.48484e-01
 2.80567e+00  1.69307e-01
 2.80937e+00  1.94295e-01
 2.81381e+00  2.24280e-01
 2.81914e+00  2.60262e-01
 2.82553e+00  3.03441e-01
 2.83320e+00  3.55255e-01
 2.84240e+00  4.17433e-01
 2.85344e+00  4.92046e-01
 2.86670e+00  5.81581e-01
 2.88059e+00  6.75438e-01
 2.89448e+00  7.69294e-01
 2.90837e+00  8.63150e-01
 2.92226e+00  9.57007e-01

 2.88801e+00  5.00000e-02
 2.88818e+00  5.11263e-02
 2.88838e+00  5.24778e-02
 2.88862e+00  5.40996e-02
 2.88891e+00  5.60459e-02
 2.88925e+00  5.83813e-02
 2.88967e+00  6.11838e-02
 2.89017e+00  6.45469e-02
 2.89076e+00  6.85825e-02
 2.89148e+00  7.34253e-02
 2.89234e+00  7.92367e-02
 2.89337e+00  8.62103e-02
 2.89461e+00  9.45786e-02
 2.89610e+00  1.04621e-01
 2.89788e+00  1.16671e-01
 2.90002e+00  1.31131e-01
 2.90259e+00  1.48484e-01
 2.90567e+00  1.69307e-01
 2.90937e+00  1.94295e-01
 2.91381e+00  2.24280e-01
 2.91914e+00  2.60262e-01
 2.92553e+00  3.03441e-01
 2.93320e+00  3.55255e-01
 2.94240e+00  4.17433e-01
 2.95344e+00  4.92046e-01
 2.96670e+00  5.81581e-01
 2.98059e+00  6.75438e-01
 2.99448e+00  7.69294e-01
 3.00837e+00  8.63150e-01
 3.02226e+00  9.57007e-01

 2.98801e+00  5.00000e-02
 2.98818e+00  5.11263e-02
 2.98838e+00  5.24778e-02
 2.98862e+00  5.40996e-02
 2.98891e+00  5.60459e-02
 2.98925e+00  5.83813e-02
 2.98967e+00  6.11838e-02
 2.99017e+00  6.45469e-02
 2.99076e+00  6.85825e-02
 2.99148e+00  7.34253e-02
 2.99234e+00  7.92367e-02
 2.99337e+00  8.62103e-02
 2.99461e+00  9.45786e-02
 2.99610e+00  1.04621e-01
 2.99788e+00  1.16671e-01
 3.00002e+00  1.31131e-01
 3.00259e+00  1.48484e-01
 3.00567e+00  1.69307e-01
 3.00937e+00  1.94295e-01
 3.01381e+00  2.24280e-01
 3.01914e+00  2.60262e-01
 3.02553e+00  3.03441e-01
 3.03320e+00  3.55255e-01
 3.04240e+00  4.17433e-01
 3.05344e+00  4.92046e-01
 3.06670e+00  5.81581e-01
 3.08059e+00  6.75438e-01
 3.09448e+00  7.69294e-01
 3.10837e+00  8.63150e-01
 3.12226e+00  9.57007e-01

 3.08801e+00  5.00000e-02
 3.08818e+00  5.11263e-02
 3.08838e+00  5.24778e-02
 3.08862e+00  5.40996e-02
 3.08891e+00  5.60459e-02
 3.08925e+00  5.83813e-02
 3.08967e+00  6.11838e-02
 3.09017e+00  6.45469e-02
 3.09076e+00  6.85825e-02
 3.09148e+00  7.34253e-02
 3.09234e+00  7.92367e-02
 3.09337e+00  8.62103e-02
 3.09461e+00  9.45786e-02
 3.09610e+00  1.04621e-01
 3.09788e+00  1.16671e-01
 3.10002e+00  1.31131e-01
 3.10259e+00  1.48484e-01
 3.10567e+00  1.69307e-01
 3.10937e+00  1.94295e-01
 3.11381e+00  2.24280e-01
 3.11914e+00  2.60262e-01
 3.12553e+00  3.03441e-01
 3.13320e+00  3.55255e-01
 3.14240e+00  4.17433e-01
 3.15344e+00  4.92046e-01
 3.16670e+00  5.81581e-01
 3.18059e+00  6.75438e-01
 3.19448e+00  7.69294e-01
 3.20837e+00  8.63150e-01
 3.22226e+00  9.57007e-01

 3.18801e+00  5.00000e-02
 3.18818e+00  5.11263e-02
 3.18838e+00  5.24778e-02
 3.18862e+00  5.40996e-02
 3.18891e+00  5.60459e-02
 3.18925e+00  5.83813e-02
 3.18967e+00  6.11838e-02
 3.19017e+00  6.45469e-02
 3.19076e+00  6.85825e-02
 3.19148e+00  7.34253e-02
 3.19234e+00  7.92367e-02
 3.19337e+00  8.62103e-02
 3.19461e+00  9.45786e-02
 3.19610e+00  1.04621e-01
 3.19788e+00  1.16671e-01
 3.20002e+00  1.31131e-01
 3.20259e+00  1.48484e-01
 3.20567e+00  1.69307e-01
 3.20937e+00  1.94295e-01
 3.21381e+00  2.24280e-01
 3.21914e+00  2.60262e-01
 3.22553e+00  3.03441e-01
 3.23320e+00  3.55255e-01
 3.24240e+00  4.17433e-01
 3.25344e+00  4.92046e-01
 3.26670e+00  5.81581e-01
 3.28059e+00  6.75438e-01
 3.29448e+00  7.69294e-01
 3.30837e+00  8.63150e-01
 3.32226e+00  9.57007e-01

 3.28801e+00  5.00000e-02
 3.28818e+00  5.11263e-02
 3.28838e+00  5.24778e-02
 3.28862e+00  5.40996e-02
 3.28891e+00  5.60459e-02
 3.28925e+00  5.83813e-02
 3.28967e+00  6.11838e-02
 3.29017e+00  6.45469e-02
 3.29076e+00  6.85825e-02
 3.29148e+00  7.34253e-02
 3.29234e+00  7.92367e-02
 3.29337e+00  8.62103e-02
 3.29461e+00  9.45786e-02
 3.29610e+00  1.04621e-01
 3.29788e+00  1.16671e-01
 3.30002e+00  1.31131e-01
 3.30259e+00  1.48484e-01
 3.30567e+00  1.69307e-01
 3.30937e+00  1.94295e-01
 3.31381e+00  2.24280e-01
 3.31914e+00  2.60262e-01
 3.32553e+00  3.03441e-01
 3.33320e+00  3.55255e-01
 3.34240e+00  4.17433e-01
 3.35344e+00  4.92046e-01
 3.36670e+00  5.81581e-01
 3.38059e+00  6.75438e-01
 3.39448e+00  7.69294e-01
 3.40837e+00  8.63150e-01
 3.42226e+00  9.57007e-01

 3.38801e+00  5.00000e-02
 3.38818e+00  5.11263e-02
 3.38838e+00  5.24778e-02
 3.38862e+00  5.40996e-02
 3.38891e+00  5.60459e-02
 3.38925e+00  5.83813e-02
 3.38967e+00  6.11838e-02
 3.39017e+00  6.45469e-02
 3.39076e+00  6.85825e-02
 3.39148e+00  7.34253e-02
 3.39234e+00  7.92367e-02
 3.39337e+00  8.62103e-02
 3.39461e+00  9.45786e-02
 3.39610e+00  1.04621e-01
 3.39788e+00  1.16671e-01
 3.40002e+00  1.31131e-01
 3.40259e+00  1.48484e-01
 3.40567e+00  1.69307e-01
 3.40937e+00  1.94295e-01
 3.41381e+00  2.24280e-01
 3.41914e+00  2.60262e-01
 3.42553e+00  3.03441e-01
 3.43320e+00  3.55255e-01
 3.44240e+00  4.17433e-01
 3.45344e+00  4.92046e-01
 3.46670e+00  5.81581e-01
 3.48059e+00  6.75438e-01
 3.49448e+00  7.69294e-01
 3.50837e+00  8.63150e-01
 3.52226e+00  9.57007e-01

 3.48801e+00  5.00000e-02
 3.48818e+00  5.11263e-02
 3.48838e+00  5.24778e-02
 3.48862e+00  5.40996e-02
 3.48891e+00  5.60459e-02
 3.48925e+00  5.83813e-02
 3.48967e+00  6.11838e-02
 3.49017e+00  6.45469e-02
 3.49076e+00  6.85825e-02
 3.49148e+00  7.34253e-02
 3.49234e+00  7.92367e-02
 3.49337e+00  8.62103e-02
 3.49461e+00  9.45786e-02
 3.49610e+00  1.04621e-01
 3.49788e+00  1.16671e-01
 3.50002e+00  1.31131e-01
 3.50259e+00  1.48484e-01
 3.50567e+00  1.69307e-01
 3.50937e+00  1.94295e-01
 3.51381e+00  2.24280e-01
 3.51914e+00  2.60262e-01
 3.52553e+00  3.03441e-01
 3.53320e+00  3.55255e-01
 3.54240e+00  4.17433e-01
 3.55344e+00  4.92046e-01
 3.56670e+00  5.81581e-01
 3.58059e+00  6.75438e-01
 3.59448e+00  7.69294e-01
 3.60837e+00  8.63150e-01
 3.62226e+00  9.57007e-01

 3.58801e+00  5.00000e-02
 3.58818e+00  5.11263e-02
 3.58838e+00  5.24778e-02
 3.58862e+00  5.40996e-02
 3.58891e+00  5.60459e-02
 3.58925e+00  5.83813e-02
 3.58967e+00  6.11838e-02
 3.59017e+00  6.45469e-02
 3.59076e+00  6.85825e-02
 3.59148e+00  7.34253e-02
 3.59234e+00  7.92367e-02
 3.59337e+00  8.62103e-02
 3.59461e+00  9.45786e-02
 3.59610e+00  1.04621e-01
 3.59788e+00  1.16671e-01
 3.60002e+00  1.31131e-01
 3.60259e+00  1.48484e-01
 3.60567e+00  1.69307e-01
 3.60937e+00  1.94295e-01
 3.61381e+00  2.24280e-01
 3.61914e+00  2.60262e-01
 3.62553e+00  3.03441e-01
 3.63320e+00  3.55255e-01
 3.64240e+00  4.17433e-01
 3.65344e+00  4.92046e-01
 3.66670e+00  5.81581e-01
 3.68059e+00  6.75438e-01
 3.69448e+00  7.69294e-01
 3.70837e+00  8.63150e-01
 3.72226e+00  9.57007e-01

 3.68801e+00  5.00000e-02
 3.68818e+00  5.11263e-02
 3.68838e+00  5.24778e-02
 3.68862e+00  5.40996e-02
 3.68891e+00  5.60459e-02
 3.68925e+00  5.83813e-02
 3.68967e+00  6.11838e-02
 3.69017e+00  6.45469e-02
 3.69076e+00  6.85825e-02
 3.69148e+00  7.34253e-02
 3.69234e+00  7.92367e-02
 3.69337e+00  8.62103e-02
 3.69461e+00  9.45786e-02
 3.69610e+00  1.04621e-01
 3.69788e+00  1.16671e-01
 3.70002e+00  1.31131e-01
 3.70259e+00  1.48484e-01
 3.70567e+00  1.69307e-01
 3.70937e+00  1.94295e-01
 3.71381e+00  2.24280e-01
 3.71914e+00  2.60262e-01
 3.72553e+00  3.03441e-01
 3.73320e+00  3.55255e-01
 3.74240e+00  4.17433e-01
 3.75344e+00  4.92046e-01
 3.76670e+00  5.81581e-01
 3.78059e+00  6.75438e-01
 3.79448e+00  7.69294e-01
 3.80837e+00  8.63150e-01
 3.82226e+00  9.57007e-01

 3.78801e+00  5.00000e-02
 3.78818e+00  5.11263e-02
 3.78838e+00  5.24778e-02
 3.78862e+00  5.40996e-02
 3.78891e+00  5.60459e-02
 3.78925e+00  5.83813e-02
 3.78967e+00  6.11838e-02
 3.79017e+00  6.45469e-02
 3.79076e+00  6.85825e-02
 3.79148e+00  7.34253e-02
 3.79234e+00  7.92367e-02
 3.79337e+00  8.62103e-02
 3.79461e+00  9.45786e-02
 3.79610e+00  1.04621e-01
 3.79788e+00  1.16671e-01
 3.80002e+00  1.31131e-01
 3.80259e+00  1.48484e-01
 3.80567e+00  1.69307e-01
 3.80937e+00  1.94295e-01
 3.81381e+00  2.24280e-01
 3.81914e+00  2.60262e-01
 3.82553e+00  3.03441e-01
 3.83320e+00  3.55255e-01
 3.84240e+00  4.17433e-01
 3.85344e+00  4.92046e-01
 3.86670e+00  5.81581e-01
 3.88059e+00  6.75438e-01
 3.89448e+00  7.69294e-01
 3.90837e+00  8.63150e-01
 3.92226e+00  9.57007e-01

 3.88801e+00  5.00000e-02
 3.88818e+00  5.11263e-02
 3.88838e+00  5.24778e-02
 3.88862e+00  5.40996e-02
 3.88891e+00  5.60459e-02
 3.88925e+00  5.83813e-02
 3.88967e+00  6.11838e-02
 3.89017e+00  6.45469e-02
 3.89076e+00  6.85825e-02
 3.89148e+00  7.34253e-02
 3.89234e+00  7.92367e-02
 3.89337e+00  8.62103e-02
 3.89461e+00  9.45786e-02
 3.89610e+00  1.04621e-01
 3.89788e+00  1.16671e-01
 3.90002e+00  1.31131e-01
 3.90259e+00  1.48484e-01
 3.90567e+00  1.69307e-01
 3.90937e+00  1.94295e-01
 3.91381e+00  2.24280e-01
 3.91914e+00  2.60262e-01
 3.92553e+00  3.03441e-01
 3.93320e+00  3.55255e-01
 3.94240e+00  4.17433e-01
 3.95344e+00  4.92046e-01
 3.96670e+00  5.81581e-01
 3.98059e+00  6.75438e-01
 3.99448e+00  7.69294e-01
 4.00837e+00  8.63150e-01
 4.02226e+00  9.57007e-01

 3.98801e+00  5.00000e-02
 3.98818e+00  5.11263e-02
 3.98838e+00  5.24778e-02
 3.98862e+00  5.40996e-02
 3.98891e+00  5.60459e-02
 3.98925e+00  5.83813e-02
 3.98967e+00  6.11838e-02
 3.99017e+00  6.45469e-02
 3.99076e+00  6.85825e-02
 3.99148e+00  7.34253e-02
 3.99234e+00  7.92367e-02
 3.99337e+00  8.62103e-02
 3.99461e+00  9.45786e-02
 3.99610e+00  1.04621e-01
 3.99788e+00  1.16671e-01
 4.00002e+00  1.31131e-01
 4.00259e+00  1.48484e-01
 4.00567e+00  1.69307e-01
 4.00937e+00  1.94295e-01
 4.01381e+00  2.24280e-01
 4.01914e+00  2.60262e-01
 4.02553e+00  3.03441e-01
 4.03320e+00  3.55255e-01
 4.04240e+00  4.17433e-01
 4.05344e+00  4.92046e-01
 4.06670e+00  5.81581e-01
 4.08059e+00  6.75438e-01
 4.09448e+00  7.69294e-01
 4.10837e+00  8.63150e-01
 4.12226e+00  9.57007e-01

 1.00895e+00  5.00000e-02
 1.00997e+00  5.00000e-02
 1.01120e+00  5.00000e-02
 1.01267e+00  5.00000e-02
 1.01443e+00  5.00000e-02
 1.01655e+00  5.00000e-02
 1.01909e+00  5.00000e-02
 1.02214e+00  5.00000e-02
 1.02579e+00  5.00000e-02
 1.03018e+00  5.00000e-02
 1.03545e+00  5.00000e-02
 1.04177e+00  5.00000e-02
 1.04935e+00  5.00000e-02
 1.05845e+00  5.00000e-02
 1.06937e+00  5.00000e-02
 1.08247e+00  5.00000e-02
 1.09820e+00  5.00000e-02
 1.11707e+00  5.00000e-02
 1.13971e+00  5.00000e-02
 1.16688e+00  5.00000e-02
 1.19949e+00  5.00000e-02
 1.23861e+00  5.00000e-02
 1.28557e+00  5.00000e-02
 1.34191e+00  5.00000e-02
 1.40952e+00  5.00000e-02
 1.49065e+00  5.00000e-02
 1.58801e+00  5.00000e-02
 1.68801e+00  5.00000e-02
 1.78801e+00  5.00000e-02
 1.88801e+00  5.00000e-02
 1.98801e+00  5.00000e-02
 2.08801e+00  5.00000e-02
 2.18801e+00  5.00000e-02
 2.28801e+00  5.00000e-02
 2.38801e+00  5.00000e-02
 2.48801e+00  5.00000e-02
 2.58801e+00  5.00000e-02
 2.68801e+00  5.00000e-02
 2.78801e+00  5.00000e-02
 2.88801e+00  5.00000e-02
 2.98801e+00  5.00000e-02
 3.08801e+00  5.00000e-02
 3.18801e+00  5.00000e-02
 3.28801e+00  5.00000e-02
 3.38801e+00  5.00000e-02
 3.48801e+00  5.00000e-02
 3.58801e+00  5.00000e-02
 3.68801e+00  5.00000e-02
 3.78801e+00  5.00000e-02
 3.88801e+00  5.00000e-02
 3.98801e+00  5.00000e-02

 1.00912e+00  5.11263e-02
 1.01014e+00  5.11263e-02
 1.01137e+00  5.11263e-02
 1.01284e+00  5.11263e-02
 1.01460e+00  5.11263e-02
 1.01672e+00  5.11263e-02
 1.01925e+00  5.11263e-02
 1.02230e+00  5.11263e-02
 1.02596e+00  5.11263e-02
 1.03035e+00  5.11263e-02
 1.03561e+00  5.11263e-02
 1.04193e+00  5.11263e-02
 1.04952e+00  5.11263e-02
 1.05862e+00  5.11263e-02
 1.06954e+00  5.11263e-02
 1.08264e+00  5.11263e-02
 1.09836e+00  5.11263e-02
 1.11723e+00  5.11263e-02
 1.13988e+00  5.11263e-02
 1.16705e+00  5.11263e-02
 1.19965e+00  5.11263e-02
 1.23878e+00  5.11263e-02
 1.28573e+00  5.11263e-02
 1.34207e+00  5.11263e-02
 1.40969e+00  5.11263e-02
 1.49082e+00  5.11263e-02
 1.58818e+00  5.11263e-02
 1.68818e+00  5.11263e-02
 1.78818e+00  5.11263e-02
 1.88818e+00  5.11263e-02
 1.98818e+00  5.11263e-02
 2.08818e+00  5.11263e-02
 2.18818e+00  5.11263e-02
 2.28818e+00  5.11263e-02
 2.38818e+00  5.11263e-02
 2.48818e+00  5.11263e-02
 2.58818e+00  5.11263e-02
 2.68818e+00  5.11263e-02
 2.78818e+00  5.11263e-02
 2.88818e+00  5.11263e-02
 2.98818e+00  5.11263e-02
 3.08818e+00  5.11263e-02
 3.18818e+00  5.11263e-02
 3.28818e+00  5.11263e-02
 3.38818e+00  5.11263e-02
 3.48818e+00  5.11263e-02
 3.58818e+00  5.11263e-02
 3.68818e+00  5.11263e-02
 3.78818e+00  5.11263e-02
 3.88818e+00  5.11263e-02
 3.98818e+00  5.11263e-02

 1.00932e+00  5.24778e-02
 1.01034e+00  5.24778e-02
 1.01157e+00  5.24778e-02
 1.01304e+00  5.24778e-02
 1.01480e+00  5.24778e-02
 1.01692e+00  5.24778e-02
 1.01945e+00  5.24778e-02
 1.02250e+00  5.24778e-02
 1.02616e+00  5.24778e-02
 1.03055e+00  5.24778e-02
 1.03581e+00  5.24778e-02
 1.04213e+00  5.24778e-02
 1.04972e+00  5.24778e-02
 1.05882e+00  5.24778e-02
 1.06974e+00  5.24778e-02
 1.08284e+00  5.24778e-02
 1.09856e+00  5.24778e-02
 1.11743e+00  5.24778e-02
 1.14008e+00  5.24778e-02
 1.16725e+00  5.24778e-02
 1.19985e+00  5.24778e-02
 1.23898e+00  5.24778e-02
 1.28593e+00  5.24778e-02
 1.34227e+00  5.24778e-02
 1.40989e+00  5.24778e-02
 1.49102e+00  5.24778e-02
 1.58838e+00  5.24778e-02
 1.68838e+00  5.24778e-02
 1.78838e+00  5.24778e-02
 1.88838e+00  5.24778e-02
 1.98838e+00  5.24778e-02
 2.08838e+00  5.24778e-02
 2.18838e+00  5.24778e-02
 2.28838e+00  5.24778e-02
 2.38838e+00  5.24778e-02
 2.48838e+00  5.24778e-02
 2.58838e+00  5.24778e-02
 2.68838e+00  5.24778e-02
 2.78838e+00  5.24778e-02
 2.88838e+00  5.24778e-02
 2.98838e+00  5.24778e-02
 3.08838e+00  5.24778e-02
 3.18838e+00  5.24778e-02
 3.28838e+00  5.24778e-02
 3.38838e+00  5.24778e-02
 3.48838e+00  5.24778e-02
 3.58838e+00  5.24778e-02
 3.68838e+00  5.24778e-02
 3.78838e+00  5.24778e-02
 3.88838e+00  5.24778e-02
 3.98838e+00  5.24778e-02

 1.00956e+00  5.40996e-02
 1.01058e+00  5.40996e-02
 1.01181e+00  5.40996e-02
 1.01328e+00  5.40996e-02
 1.01504e+00  5.40996e-02
 1.01716e+00  5.40996e-02
 1.01969e+00  5.40996e-02
 1.02274e+00  5.40996e-02
 1.02640e+00  5.40996e-02
 1.03079e+00  5.40996e-02
 1.03605e+00  5.40996e-02
 1.04237e+00  5.40996e-02
 1.04996e+00  5.40996e-02
 1.05906e+00  5.40996e-02
 1.06998e+00  5.40996e-02
 1.08308e+00  5.40996e-02
 1.09880e+00  5.40996e-02
 1.11767e+00  5.40996e-02
 1.14032e+00  5.40996e-02
 1.16749e+00  5.40996e-02
 1.20009e+00  5.40996e-02
 1.23922e+00  5.40996e-02
 1.28617e+00  5.40996e-02
 1.34251e+00  5.40996e-02
 1.41013e+00  5.40996e-02
 1.49126e+00  5.40996e-02
 1.58862e+00  5.40996e-02
 1.68862e+00  5.40996e-02
 1.78862e+00  5.40996e-02
 1.88862e+00  5.40996e-02
 1.98862e+00  5.40996e-02
 2.08862e+00  5.40996e-02
 2.18862e+00  5.40996e-02
 2.28862e+00  5.40996e-02
 2.38862e+00  5.40996e-02
 2.48862e+00  5.40996e-02
 2.58862e+00  5.40996e-02
 2.68862e+00  5.40996e-02
 2.78862e+00  5.40996e-02
 2.88862e+00  5.40996e-02
 2.98862e+00  5.40996e-02
 3.08862e+00  5.40996e-02
 3.18862e+00  5.40996e-02
 3.28862e+00  5.40996e-02
 3.38862e+00  5.40996e-02
 3.48862e+00  5.40996e-02
 3.58862e+00  5.40996e-02
 3.68862e+00  5.40996e-02
 3.78862e+00  5.40996e-02
 3.88862e+00  5.40996e-02
 3.98862e+00  5.40996e-02

 1.00985e+00  5.60459e-02
 1.01087e+00  5.60459e-02
 1.01209e+00  5.60459e-02
 1.01356e+00  5.60459e-02
 1.01533e+00  5.60459e-02
 1.01744e+00  5.60459e-02
 1.01998e+00  5.60459e-02
 1.02303e+00  5.60459e-02
 1.02669e+00  5.60459e-02
 1.03108e+00  5.60459e-02
 1.03634e+00  5.60459e-02
 1.04266e+00  5.60459e-02
 1.05024e+00  5.60459e-02
 1.05934e+00  5.60459e-02
 1.07026e+00  5.60459e-02
 1.08337e+00  5.60459e-02
 1.09909e+00  5.60459e-02
 1.11796e+00  5.60459e-02
 1.14060e+00  5.60459e-02
 1.16777e+00  5.60459e-02
 1.20038e+00  5.60459e-02
 1.23951e+00  5.60459e-02
 1.28646e+00  5.60459e-02
 1.34280e+00  5.60459e-02
 1.41041e+00  5.60459e-02
 1.49155e+00  5.60459e-02
 1.58891e+00  5.60459e-02
 1.68891e+00  5.60459e-02
 1.78891e+00  5.60459e-02
 1.88891e+00  5.60459e-02
 1.98891e+00  5.60459e-02
 2.08891e+00  5.60459e-02
 2.18891e+00  5.60459e-02
 2.28891e+00  5.60459e-02
 2.38891e+00  5.60459e-02
 2.48891e+00  5.60459e-02
 2.58891e+00  5.60459e-02
 2.68891e+00  5.60459e-02
 2.78891e+00  5.60459e-02
 2.88891e+00  5.60459e-02
 2.98891e+00  5.60459e-02
 3.08891e+00  5.60459e-02
 3.18891e+00  5.60459e-02
 3.28891e+00  5.60459e-02
 3.38891e+00  5.60459e-02
 3.48891e+00  5.60459e-02
 3.58891e+00  5.60459e-02
 3.68891e+00  5.60459e-02
 3.78891e+00  5.60459e-02
 3.88891e+00  5.60459e-02
 3.98891e+00  5.60459e-02

 1.01019e+00  5.83813e-02
 1.01121e+00  5.83813e-02
 1.01244e+00  5.83813e-02
 1.01391e+00  5.83813e-02
 1.01567e+00  5.83813e-02
 1.01779e+00  5.83813e-02
 1.02033e+00  5.83813e-02
 1.02338e+00  5.83813e-02
 1.02703e+00  5.83813e-02
 1.03142e+00  5.83813e-02
 1.03669e+00  5.83813e-02
 1.04301e+00  5.83813e-02
 1.05059e+00  5.83813e-02
 1.05969e+00  5.83813e-02
 1.07061e+00  5.83813e-02
 1.08371e+00  5.83813e-02
 1.09944e+00  5.83813e-02
 1.11831e+00  5.83813e-02
 1.14095e+00  5.83813e-02
 1.16812e+00  5.83813e-02
 1.20073e+00  5.83813e-02
 1.23985e+00  5.83813e-02
 1.28681e+00  5.83813e-02
 1.34315e+00  5.83813e-02
 1.41076e+00  5.83813e-02
 1.49189e+00  5.83813e-02
 1.58925e+00  5.83813e-02
 1.68925e+00  5.83813e-02
 1.78925e+00  5.83813e-02
 1.88925e+00  5.83813e-02
 1.98925e+00  5.83813e-02
 2.08925e+00  5.83813e-02
 2.18925e+00  5.83813e-02
 2.28925e+00  5.83813e-02
 2.38925e+00  5.83813e-02
 2.48925e+00  5.83813e-02
 2.58925e+00  5.83813e-02
 2.68925e+00  5.83813e-02
 2.78925e+00  5.83813e-02
 2.88925e+00  5.83813e-02
 2.98925e+00  5.83813e-02
 3.08925e+00  5.83813e-02
 3.18925e+00  5.83813e-02
 3.28925e+00  5.83813e-02
 3.38925e+00  5.83813e-02
 3.48925e+00  5.83813e-02
 3.58925e+00  5.83813e-02
 3.68925e+00  5.83813e-02
 3.78925e+00  5.83813e-02
 3.88925e+00  5.83813e-02
 3.98925e+00  5.83813e-02

 1.01061e+00  6.11838e-02
 1.01163e+00  6.11838e-02
 1.01285e+00  6.11838e-02
 1.01432e+00  6.11838e-02
 1.01609e+00  6.11838e-02
 1.01820e+00  6.11838e-02
 1.02074e+00  6.11838e-02
 1.02379e+00  6.11838e-02
 1.02745e+00  6.11838e-02
 1.03184e+00  6.11838e-02
 1.03710e+00  6.11838e-02
 1.04342e+00  6.11838e-02
 1.05100e+00  6.11838e-02
 1.06010e+00  6.11838e-02
 1.07102e+00  6.11838e-02
 1.08413e+00  6.11838e-02
 1.09985e+00  6.11838e-02
 1.11872e+00  6.11838e-02
 1.14136e+00  6.11838e-02
 1.16854e+00  6.11838e-02
 1.20114e+00  6.11838e-02
 1.24027e+00  6.11838e-02
 1.28722e+00  6.11838e-02
 1.34356e+00  6.11838e-02
 1.41117e+00  6.11838e-02
 1.49231e+00  6.11838e-02
 1.58967e+00  6.11838e-02
 1.68967e+00  6.11838e-02
 1.78967e+00  6.11838e-02
 1.88967e+00  6.11838e-02
 1.98967e+00  6.11838e-02
 2.08967e+00  6.11838e-02
 2.18967e+00  6.11838e-02
 2.28967e+00  6.11838e-02
 2.38967e+00  6.11838e-02
 2.48967e+00  6.11838e-02
 2.58967e+00  6.11838e-02
 2.68967e+00  6.11838e-02
 2.78967e+00  6.11838e-02
 2.88967e+00  6.11838e-02
 2.98967e+00  6.11838e-02
 3.08967e+00  6.11838e-02
 3.18967e+00  6.11838e-02
 3.28967e+00  6.11838e-02
 3.38967e+00  6.11838e-02
 3.48967e+00  6.11838e-02
 3.58967e+00  6.11838e-02
 3.68967e+00  6.11838e-02
 3.78967e+00  6.11838e-02
 3.88967e+00  6.11838e-02
 3.98967e+00  6.11838e-02

 1.01111e+00  6.45469e-02
 1.01213e+00  6.45469e-02
 1.01335e+00  6.45469e-02
 1.01482e+00  6.45469e-02
 1.01659e+00  6.45469e-02
 1.01870e+00  6.45469e-02
 1.02124e+00  6.45469e-02
 1.02429e+00  6.45469e-02
 1.02795e+00  6.45469e-02
 1.03233e+00  6.45469e-02
 1.03760e+00  6.45469e-02
 1.04392e+00  6.45469e-02
 1.05150e+00  6.45469e-02
 1.06060e+00  6.45469e-02
 1.07152e+00  6.45469e-02
 1.08463e+00  6.45469e-02
 1.10035e+00  6.45469e-02
 1.11922e+00  6.45469e-02
 1.14186e+00  6.45469e-02
 1.16903e+00  6.45469e-02
 1.20164e+00  6.45469e-02
 1.24077e+00  6.45469e-02
 1.28772e+00  6.45469e-02
 1.34406e+00  6.45469e-02
 1.41167e+00  6.45469e-02
 1.49281e+00  6.45469e-02
 1.59017e+00  6.45469e-02
 1.69017e+00  6.45469e-02
 1.79017e+00  6.45469e-02
 1.89017e+00  6.45469e-02
 1.99017e+00  6.45469e-02
 2.09017e+00  6.45469e-02
 2.19017e+00  6.45469e-02
 2.29017e+00  6.45469e-02
 2.39017e+00  6.45469e-02
 2.49017e+00  6.45469e-02
 2.59017e+00  6.45469e-02
 2.69017e+00  6.45469e-02
 2.79017e+00  6.45469e-02
 2.89017e+00  6.45469e-02
 2.99017e+00  6.45469e-02
 3.09017e+00  6.45469e-02
 3.19017e+00  6.45469e-02
 3.29017e+00  6.45469e-02
 3.39017e+00  6.45469e-02
 3.49017e+00  6.45469e-02
 3.59017e+00  6.45469e-02
 3.69017e+00  6.45469e-02
 3.79017e+00  6.45469e-02
 3.89017e+00  6.45469e-02
 3.99017e+00  6.45469e-02

 1.01170e+00  6.85825e-02
 1.01272e+00  6.85825e-02
 1.01395e+00  6.85825e-02
 1.01542e+00  6.85825e-02
 1.01718e+00  6.85825e-02
 1.01930e+00  6.85825e-02
 1.02184e+00  6.85825e-02
 1.02489e+00  6.85825e-02
 1.02854e+00  6.85825e-02
 1.03293e+00  6.85825e-02
 1.03820e+00  6.85825e-02
 1.04452e+00  6.85825e-02
 1.05210e+00  6.85825e-02
 1.06120e+00  6.85825e-02
 1.07212e+00  6.85825e-02
 1.08522e+00  6.85825e-02
 1.10095e+00  6.85825e-02
 1.11982e+00  6.85825e-02
 1.14246e+00  6.85825e-02
 1.16963e+00  6.85825e-02
 1.20224e+00  6.85825e-02
 1.24136e+00  6.85825e-02
 1.28832e+00  6.85825e-02
 1.34466e+00  6.85825e-02
 1.41227e+00  6.85825e-02
 1.49340e+00  6.85825e-02
 1.59076e+00  6.85825e-02
 1.69076e+00  6.85825e-02
 1.79076e+00  6.85825e-02
 1.89076e+00  6.85825e-02
 1.99076e+00  6.85825e-02
 2.09076e+00  6.85825e-02
 2.19076e+00  6.85825e-02
 2.29076e+00  6.85825e-02
 2.39076e+00  6.85825e-02
 2.49076e+00  6.85825e-02
 2.59076e+00  6.85825e-02
 2.69076e+00  6.85825e-02
 2.79076e+00  6.85825e-02
 2.89076e+00  6.85825e-02
 2.99076e+00  6.85825e-02
 3.09076e+00  6.85825e-02
 3.19076e+00  6.85825e-02
 3.29076e+00  6.85825e-02
 3.39076e+00  6.85825e-02
 3.49076e+00  6.85825e-02
 3.59076e+00  6.85825e-02
 3.69076e+00  6.85825e-02
 3.79076e+00  6.85825e-02
 3.89076e+00  6.85825e-02
 3.99076e+00  6.85825e-02

 1.01242e+00  7.34253e-02
 1.01344e+00  7.34253e-02
 1.01467e+00  7.34253e-02
 1.01614e+00  7.34253e-02
 1.01790e+00  7.34253e-02
 1.02002e+00  7.34253e-02
 1.02256e+00  7.34253e-02
 1.02560e+00  7.34253e-02
 1.02926e+00  7.34253e-02
 1.03365e+00  7.34253e-02
 1.03891e+00  7.34253e-02
 1.04523e+00  7.34253e-02
 1.05282e+00  7.34253e-02
 1.06192e+00  7.34253e-02
 1.07284e+00  7.34253e-02
 1.08594e+00  7.34253e-02
 1.10166e+00  7.34253e-02
 1.12053e+00  7.34253e-02
 1.14318e+00  7.34253e-02
 1.17035e+00  7.34253e-02
 1.20295e+00  7.34253e-02
 1.24208e+00  7.34253e-02
 1.28903e+00  7.34253e-02
 1.34538e+00  7.34253e-02
 1.41299e+00  7.34253e-02
 1.49412e+00  7.34253e-02
 1.59148e+00  7.34253e-02
 1.69148e+00  7.34253e-02
 1.79148e+00  7.34253e-02
 1.89148e+00  7.34253e-02
 1.99148e+00  7.34253e-02
 2.09148e+00  7.34253e-02
 2.19148e+00  7.34253e-02
 2.29148e+00  7.34253e-02
 2.39148e+00  7.34253e-02
 2.49148e+00  7.34253e-02
 2.59148e+00  7.34253e-02
 2.69148e+00  7.34253e-02
 2.79148e+00  7.34253e-02
 2.89148e+00  7.34253e-02
 2.99148e+00  7.34253e-02
 3.09148e+00  7.34253e-02
 3.19148e+00  7.34253e-02
 3.29148e+00  7.34253e-02
 3.39148e+00  7.34253e-02
 3.49148e+00  7.34253e-02
 3.59148e+00  7.34253e-02
 3.69148e+00  7.34253e-02
 3.79148e+00  7.34253e-02
 3.89148e+00  7.34253e-02
 3.99148e+00  7.34253e-02

 1.01328e+00  7.92367e-02
 1.01430e+00  7.92367e-02
 1.01553e+00  7.92367e-02
 1.01700e+00  7.92367e-02
 1.01876e+00  7.92367e-02
 1.02088e+00  7.92367e-02
 1.02342e+00  7.92367e-02
 1.02646e+00  7.92367e-02
 1.03012e+00  7.92367e-02
 1.03451e+00  7.92367e-02
 1.03977e+00  7.92367e-02
 1.04609e+00  7.92367e-02
 1.05368e+00  7.92367e-02
 1.06278e+00  7.92367e-02
 1.07370e+00  7.92367e-02
 1.08680e+00  7.92367e-02
 1.10252e+00  7.92367e-02
 1.12139e+00  7.92367e-02
 1.14404e+00  7.92367e-02
 1.17121e+00  7.92367e-02
 1.20381e+00  7.92367e-02
 1.24294e+00  7.92367e-02
 1.28989e+00  7.92367e-02
 1.34624e+00  7.92367e-02
 1.41385e+00  7.92367e-02
 1.49498e+00  7.92367e-02
 1.59234e+00  7.92367e-02
 1.69234e+00  7.92367e-02
 1.79234e+00  7.92367e-02
 1.89234e+00  7.92367e-02
 1.99234e+00  7.92367e-02
 2.09234e+00  7.92367e-02
 2.19234e+00  7.92367e-02
 2.29234e+00  7.92367e-02
 2.39234e+00  7.92367e-02
 2.49234e+00  7.92367e-02
 2.59234e+00  7.92367e-02
 2.69234e+00  7.92367e-02
 2.79234e+00  7.92367e-02
 2.89234e+00  7.92367e-02
 2.99234e+00  7.92367e-02
 3.09234e+00  7.92367e-02
 3.19234e+00  7.92367e-02
 3.29234e+00  7.92367e-02
 3.39234e+00  7.92367e-02
 3.49234e+00  7.92367e-02
 3.59234e+00  7.92367e-02
 3.69234e+00  7.92367e-02
 3.79234e+00  7.92367e-02
 3.89234e+00  7.92367e-02
 3.99234e+00  7.92367e-02

 1.01431e+00  8.62103e-02
 1.01533e+00  8.62103e-02
 1.01656e+00  8.62103e-02
 1.01803e+00  8.62103e-02
 1.01979e+00  8.62103e-02
 1.02191e+00  8.62103e-02
 1.02445e+00  8.62103e-02
 1.02750e+00  8.62103e-02
 1.03115e+00  8.62103e-02
 1.03554e+00  8.62103e-02
 1.04081e+00  8.62103e-02
 1.04713e+00  8.62103e-02
 1.05471e+00  8.62103e-02
 1.06381e+00  8.62103e-02
 1.07473e+00  8.62103e-02
 1.08783e+00  8.62103e-02
 1.10356e+00  8.62103e-02
 1.12243e+00  8.62103e-02
 1.14507e+00  8.62103e-02
 1.17224e+00  8.62103e-02
 1.20485e+00  8.62103e-02
 1.24397e+00  8.62103e-02
 1.29092e+00  8.62103e-02
 1.34727e+00  8.62103e-02
 1.41488e+00  8.62103e-02
 1.49601e+00  8.62103e-02
 1.59337e+00  8.62103e-02
 1.69337e+00  8.62103e-02
 1.79337e+00  8.62103e-02
 1.89337e+00  8.62103e-02
 1.99337e+00  8.62103e-02
 2.09337e+00  8.62103e-02
 2.19337e+00  8.62103e-02
 2.29337e+00  8.62103e-02
 2.39337e+00  8.62103e-02
 2.49337e+00  8.62103e-02
 2.59337e+00  8.62103e-02
 2.69337e+00  8.62103e-02
 2.79337e+00  8.62103e-02
 2.89337e+00  8.62103e-02
 2.99337e+00  8.62103e-02
 3.09337e+00  8.62103e-02
 3.19337e+00  8.62103e-02
 3.29337e+00  8.62103e-02
 3.39337e+00  8.62103e-02
 3.49337e+00  8.62103e-02
 3.59337e+00  8.62103e-02
 3.69337e+00  8.62103e-02
 3.79337e+00  8.62103e-02
 3.89337e+00  8.62103e-02
 3.99337e+00  8.62103e-02

 1.01555e+00  9.45786e-02
 1.01657e+00  9.45786e-02
 1.01780e+00  9.45786e-02
 1.01927e+00  9.45786e-02
 1.02103e+00  9.45786e-02
 1.02315e+00  9.45786e-02
 1.02569e+00  9.45786e-02
 1.02873e+00  9.45786e-02
 1.03239e+00  9.45786e-02
 1.03678e+00  9.45786e-02
 1.04205e+00  9.45786e-02
 1.04836e+00  9.45786e-02
 1.05595e+00  9.45786e-02
 1.06505e+00  9.45786e-02
 1.07597e+00  9.45786e-02
 1.08907e+00  9.45786e-02
 1.10479e+00  9.45786e-02
 1.12366e+00  9.45786e-02
 1.14631e+00  9.45786e-02
 1.17348e+00  9.45786e-02
 1.20608e+00  9.45786e-02
 1.24521e+00  9.45786e-02
 1.29216e+00  9.45786e-02
 1.34851e+00  9.45786e-02
 1.41612e+00  9.45786e-02
 1.49725e+00  9.45786e-02
 1.59461e+00  9.45786e-02
 1.69461e+00  9.45786e-02
 1.79461e+00  9.45786e-02
 1.89461e+00  9.45786e-02
 1.99461e+00  9.45786e-02
 2.09461e+00  9.45786e-02
 2.19461e+00  9.45786e-02
 2.29461e+00  9.45786e-02
 2.39461e+00  9.45786e-02
 2.49461e+00  9.45786e-02
 2.59461e+00  9.45786e-02
 2.69461e+00  9.45786e-02
 2.79461e+00  9.45786e-02
 2.89461e+00  9.45786e-02
 2.99461e+00  9.45786e-02
 3.09461e+00  9.45786e-02
 3.19461e+00  9.45786e-02
 3.29461e+00  9.45786e-02
 3.39461e+00  9.45786e-02
 3.49461e+00  9.45786e-02
 3.59461e+00  9.45786e-02
 3.69461e+00  9.45786e-02
 3.79461e+00  9.45786e-02
 3.89461e+00  9.45786e-02
 3.99461e+00  9.45786e-02

 1.01704e+00  1.04621e-01
 1.01806e+00  1.04621e-01
 1.01928e+00  1.04621e-01
 1.02075e+00  1.04621e-01
 1.02252e+00  1.04621e-01
 1.02463e+00  1.04621e-01
 1.02717e+00  1.04621e-01
 1.03022e+00  1.04621e-01
 1.03388e+00  1.04621e-01
 1.03827e+00  1.04621e-01
 1.04353e+00  1.04621e-01
 1.04985e+00  1.04621e-01
 1.05743e+00  1.04621e-01
 1.06653e+00  1.04621e-01
 1.07745e+00  1.04621e-01
 1.09056e+00  1.04621e-01
 1.10628e+00  1.04621e-01
 1.12515e+00  1.04621e-01
 1.14779e+00  1.04621e-01
 1.17496e+00  1.04621e-01
 1.20757e+00  1.04621e-01
 1.24670e+00  1.04621e-01
 1.29365e+00  1.04621e-01
 1.34999e+00  1.04621e-01
 1.41760e+00  1.04621e-01
 1.49874e+00  1.04621e-01
 1.59610e+00  1.04621e-01
 1.69610e+00  1.04621e-01
 1.79610e+00  1.04621e-01
 1.89610e+00  1.04621e-01
 1.99610e+00  1.04621e-01
 2.09610e+00  1.04621e-01
 2.19610e+00  1.04621e-01
 2.29610e+00  1.04621e-01
 2.39610e+00  1.04621e-01
 2.49610e+00  1.04621e-01
 2.59610e+00  1.04621e-01
 2.69610e+00  1.04621e-01
 2.79610e+00  1.04621e-01
 2.89610e+00  1.04621e-01
 2.99610e+00  1.04621e-01
 3.09610e+00  1.04621e-01
 3.19610e+00  1.04621e-01
 3.29610e+00  1.04621e-01
 3.39610e+00  1.04621e-01
 3.49610e+00  1.04621e-01
 3.59610e+00  1.04621e-01
 3.69610e+00  1.04621e-01
 3.79610e+00  1.04621e-01
 3.89610e+00  1.04621e-01
 3.99610e+00  1.04621e-01

 1.01882e+00  1.16671e-01
 1.01984e+00  1.16671e-01
 1.02107e+00  1.16671e-01
 1.02254e+00  1.16671e-01
 1.02430e+00  1.16671e-01
 1.02642e+00  1.16671e-01
 1.02896e+00  1.16671e-01
 1.03200e+00  1.16671e-01
 1.03566e+00  1.16671e-01
 1.04005e+00  1.16671e-01
 1.04532e+00  1.16671e-01
 1.05163e+00  1.16671e-01
 1.05922e+00  1.16671e-01
 1.06832e+00  1.16671e-01
 1.07924e+00  1.16671e-01
 1.09234e+00  1.16671e-01
 1.10806e+00  1.16671e-01
 1.12693e+00  1.16671e-01
 1.14958e+00  1.16671e-01
 1.17675e+00  1.16671e-01
 1.20935e+00  1.16671e-01
 1.24848e+00  1.16671e-01
 1.29543e+00  1.16671e-01
 1.35178e+00  1.16671e-01
 1.41939e+00  1.16671e-01
 1.50052e+00  1.16671e-01
 1.59788e+00  1.16671e-01
 1.69788e+00  1.16671e-01
 1.79788e+00  1.16671e-01
 1.89788e+00  1.16671e-01
 1.99788e+00  1.16671e-01
 2.09788e+00  1.16671e-01
 2.19788e+00  1.16671e-01
 2.29788e+00  1.16671e-01
 2.39788e+00  1.16671e-01
 2.49788e+00  1.16671e-01
 2.59788e+00  1.16671e-01
 2.69788e+00  1.16671e-01
 2.79788e+00  1.16671e-01
 2.89788e+00  1.16671e-01
 2.99788e+00  1.16671e-01
 3.09788e+00  1.16671e-01
 3.19788e+00  1.16671e-01
 3.29788e+00  1.16671e-01
 3.39788e+00  1.16671e-01
 3.49788e+00  1.16671e-01
 3.59788e+00  1.16671e-01
 3.69788e+00  1.16671e-01
 3.79788e+00  1.16671e-01
 3.89788e+00  1.16671e-01
 3.99788e+00  1.16671e-01

 1.02096e+00  1.31131e-01
 1.02198e+00  1.31131e-01
 1.02321e+00  1.31131e-01
 1.02468e+00  1.31131e-01
 1.02644e+00  1.31131e-01
 1.02856e+00  1.31131e-01
 1.03110e+00  1.31131e-01
 1.03414e+00  1.31131e-01
 1.03780e+00  1.31131e-01
 1.04219e+00  1.31131e-01
 1.04746e+00  1.31131e-01
 1.05377e+00  1.31131e-01
 1.06136e+00  1.31131e-01
 1.07046e+00  1.31131e-01
 1.08138e+00  1.31131e-01
 1.09448e+00  1.31131e-01
 1.11021e+00  1.31131e-01
 1.12907e+00  1.31131e-01
 1.15172e+00  1.31131e-01
 1.17889e+00  1.31131e-01
 1.21149e+00  1.31131e-01
 1.25062e+00  1.31131e-01
 1.29757e+00  1.31131e-01
 1.35392e+00  1.31131e-01
 1.42153e+00  1.31131e-01
 1.50266e+00  1.31131e-01
 1.60002e+00  1.31131e-01
 1.70002e+00  1.31131e-01
 1.80002e+00  1.31131e-01
 1.90002e+00  1.31131e-01
 2.00002e+00  1.31131e-01
 2.10002e+00  1.31131e-01
 2.20002e+00  1.31131e-01
 2.30002e+00  1.31131e-01
 2.40002e+00  1.31131e-01
 2.50002e+00  1.31131e-01
 2.60002e+00  1.31131e-01
 2.70002e+00  1.31131e-01
 2.80002e+00  1.31131e-01
 2.90002e+00  1.31131e-01
 3.00002e+00  1.31131e-01
 3.10002e+00  1.31131e-01
 3.20002e+00  1.31131e-01
 3.30002e+00  1.31131e-01
 3.40002e+00  1.31131e-01
 3.50002e+00  1.31131e-01
 3.60002e+00  1.31131e-01
 3.70002e+00  1.31131e-01
 3.80002e+00  1.31131e-01
 3.90002e+00  1.31131e-01
 4.00002e+00  1.31131e-01

 1.02353e+00  1.48484e-01
 1.02455e+00  1.48484e-01
 1.02578e+00  1.48484e-01
 1.02725e+00  1.48484e-01
 1.02901e+00  1.48484e-01
 1.03113e+00  1.48484e-01
 1.03367e+00  1.48484e-01
 1.03671e+00  1.48484e-01
 1.04037e+00  1.48484e-01
 1.04476e+00  1.48484e-01
 1.05002e+00  1.48484e-01
 1.05634e+00  1.48484e-01
 1.06393e+00  1.48484e-01
 1.07303e+00  1.48484e-01
 1.08395e+00  1.48484e-01
 1.09705e+00  1.48484e-01
 1.11277e+00  1.48484e-01
 1.13164e+00  1.48484e-01
 1.15429e+00  1.48484e-01
 1.18146e+00  1.48484e-01
 1.21406e+00  1.48484e-01
 1.25319e+00  1.48484e-01
 1.30014e+00  1.48484e-01
 1.35649e+00  1.48484e-01
 1.42410e+00  1.48484e-01
 1.50523e+00  1.48484e-01
 1.60259e+00  1.48484e-01
 1.70259e+00  1.48484e-01
 1.80259e+00  1.48484e-01
 1.90259e+00  1.48484e-01
 2.00259e+00  1.48484e-01
 2.10259e+00  1.48484e-01
 2.20259e+00  1.48484e-01
 2.30259e+00  1.48484e-01
 2.40259e+00  1.48484e-01
 2.50259e+00  1.48484e-01
 2.60259e+00  1.48484e-01
 2.70259e+00  1.48484e-01
 2.80259e+00  1.48484e-01
 2.90259e+00  1.48484e-01
 3.00259e+00  1.48484e-01
 3.10259e+00  1.48484e-01
 3.20259e+00  1.48484e-01
 3.30259e+00  1.48484e-01
 3.40259e+00  1.48484e-01
 3.50259e+00  1.48484e-01
 3.60259e+00  1.48484e-01
 3.70259e+00  1.48484e-01
 3.80259e+00  1.48484e-01
 3.90259e+00  1.48484e-01
 4.00259e+00  1.48484e-01

 1.02661e+00  1.69307e-01
 1.02763e+00  1.69307e-01
 1.02886e+00  1.69307e-01
 1.03033e+00  1.69307e-01
 1.03209e+00  1.69307e-01
 1.03421e+00  1.69307e-01
 1.03675e+00  1.69307e-01
 1.03979e+00  1.69307e-01
 1.04345e+00  1.69307e-01
 1.04784e+00  1.69307e-01
 1.05311e+00  1.69307e-01
 1.05943e+00  1.69307e-01
 1.06701e+00  1.69307e-01
 1.07611e+00  1.69307e-01
 1.08703e+00  1.69307e-01
 1.10013e+00  1.69307e-01
 1.11586e+00  1.69307e-01
 1.13472e+00  1.69307e-01
 1.15737e+00  1.69307e-01
 1.18454e+00  1.69307e-01
 1.21714e+00  1.69307e-01
 1.25627e+00  1.69307e-01
 1.30322e+00  1.69307e-01
 1.35957e+00  1.69307e-01
 1.42718e+00  1.69307e-01
 1.50831e+00  1.69307e-01
 1.60567e+00  1.69307e-01
 1.70567e+00  1.69307e-01
 1.80567e+00  1.69307e-01
 1.90567e+00  1.69307e-01
 2.00567e+00  1.69307e-01
 2.10567e+00  1.69307e-01
 2.20567e+00  1.69307e-01
 2.30567e+00  1.69307e-01
 2.40567e+00  1.69307e-01
 2.50567e+00  1.69307e-01
 2.60567e+00  1.69307e-01
 2.70567e+00  1.69307e-01
 2.80567e+00  1.69307e-01
 2.90567e+00  1.69307e-01
 3.00567e+00  1.69307e-01
 3.10567e+00  1.69307e-01
 3.20567e+00  1.69307e-01
 3.30567e+00  1.69307e-01
 3.40567e+00  1.69307e-01
 3.50567e+00  1.69307e-01
 3.60567e+00  1.69307e-01
 3.70567e+00  1.69307e-01
 3.80567e+00  1.69307e-01
 3.90567e+00  1.69307e-01
 4.00567e+00  1.69307e-01

 1.03031e+00  1.94295e-01
 1.03133e+00  1.94295e-01
 1.03256e+00  1.94295e-01
 1.03403e+00  1.94295e-01
 1.03579e+00  1.94295e-01
 1.03791e+00  1.94295e-01
 1.04045e+00  1.94295e-01
 1.04349e+00  1.94295e-01
 1.04715e+00  1.94295e-01
 1.05154e+00  1.94295e-01
 1.05680e+00  1.94295e-01
 1.06312e+00  1.94295e-01
 1.07071e+00  1.94295e-01
 1.07981e+00  1.94295e-01
 1.09073e+00  1.94295e-01
 1.10383e+00  1.94295e-01
 1.11955e+00  1.94295e-01
 1.13842e+00  1.94295e-01
 1.16107e+00  1.94295e-01
 1.18824e+00  1.94295e-01
 1.22084e+00  1.94295e-01
 1.25997e+00  1.94295e-01
 1.30692e+00  1.94295e-01
 1.36327e+00  1.94295e-01
 1.43088e+00  1.94295e-01
 1.51201e+00  1.94295e-01
 1.60937e+00  1.94295e-01
 1.70937e+00  1.94295e-01
 1.80937e+00  1.94295e-01
 1.90937e+00  1.94295e-01
 2.00937e+00  1.94295e-01
 2.10937e+00  1.94295e-01
 2.20937e+00  1.94295e-01
 2.30937e+00  1.94295e-01
 2.40937e+00  1.94295e-01
 2.50937e+00  1.94295e-01
 2.60937e+00  1.94295e-01
 2.70937e+00  1.94295e-01
 2.80937e+00  1.94295e-01
 2.90937e+00  1.94295e-01
 3.00937e+00  1.94295e-01
 3.10937e+00  1.94295e-01
 3.20937e+00  1.94295e-01
 3.30937e+00  1.94295e-01
 3.40937e+00  1.94295e-01
 3.50937e+00  1.94295e-01
 3.60937e+00  1.94295e-01
 3.70937e+00  1.94295e-01
 3.80937e+00  1.94295e-01
 3.90937e+00  1.94295e-01
 4.00937e+00  1.94295e-01

 1.03475e+00  2.24280e-01
 1.03577e+00  2.24280e-01
 1.03700e+00  2.24280e-01
 1.03846e+00  2.24280e-01
 1.04023e+00  2.24280e-01
 1.04234e+00  2.24280e-01
 1.04488e+00  2.24280e-01
 1.04793e+00  2.24280e-01
 1.05159e+00  2.24280e-01
 1.05598e+00  2.24280e-01
 1.06124e+00  2.24280e-01
 1.06756e+00  2.24280e-01
 1.07515e+00  2.24280e-01
 1.08425e+00  2.24280e-01
 1.09516e+00  2.24280e-01
 1.10827e+00  2.24280e-01
 1.12399e+00  2.24280e-01
 1.14286e+00  2.24280e-01
 1.16550e+00  2.24280e-01
 1.19268e+00  2.24280e-01
 1.22528e+00  2.24280e-01
 1.26441e+00  2.24280e-01
 1.31136e+00  2.24280e-01
 1.36770e+00  2.24280e-01
 1.43532e+00  2.24280e-01
 1.51645e+00  2.24280e-01
 1.61381e+00  2.24280e-01
 1.71381e+00  2.24280e-01
 1.81381e+00  2.24280e-01
 1.91381e+00  2.24280e-01
 2.01381e+00  2.24280e-01
 2.11381e+00  2.24280e-01
 2.21381e+00  2.24280e-01
 2.31381e+00  2.24280e-01
 2.41381e+00  2.24280e-01
 2.51381e+00  2.24280e-01
 2.61381e+00  2.24280e-01
 2.71381e+00  2.24280e-01
 2.81381e+00  2.24280e-01
 2.91381e+00  2.24280e-01
 3.01381e+00  2.24280e-01
 3.11381e+00  2.24280e-01
 3.21381e+00  2.24280e-01
 3.31381e+00  2.24280e-01
 3.41381e+00  2.24280e-01
 3.51381e+00  2.24280e-01
 3.61381e+00  2.24280e-01
 3.71381e+00  2.24280e-01
 3.81381e+00  2.24280e-01
 3.91381e+00  2.24280e-01
 4.01381e+00  2.24280e-01

 1.04008e+00  2.60262e-01
 1.04110e+00  2.60262e-01
 1.04232e+00  2.60262e-01
 1.04379e+00  2.60262e-01
 1.04555e+00  2.60262e-01
 1.04767e+00  2.60262e-01
 1.05021e+00  2.60262e-01
 1.05326e+00  2.60262e-01
 1.05691e+00  2.60262e-01
 1.06130e+00  2.60262e-01
 1.06657e+00  2.60262e-01
 1.07289e+00  2.60262e-01
 1.08047e+00  2.60262e-01
 1.08957e+00  2.60262e-01
 1.10049e+00  2.60262e-01
 1.11359e+00  2.60262e-01
 1.12932e+00  2.60262e-01
 1.14819e+00  2.60262e-01
 1.17083e+00  2.60262e-01
 1.19800e+00  2.60262e-01
 1.23061e+00  2.60262e-01
 1.26973e+00  2.60262e-01
 1.31669e+00  2.60262e-01
 1.37303e+00  2.60262e-01
 1.44064e+00  2.60262e-01
 1.52178e+00  2.60262e-01
 1.61914e+00  2.60262e-01
 1.71914e+00  2.60262e-01
 1.81914e+00  2.60262e-01
 1.91914e+00  2.60262e-01
 2.01914e+00  2.60262e-01
 2.11914e+00  2.60262e-01
 2.21914e+00  2.60262e-01
 2.31914e+00  2.60262e-01
 2.41914e+00  2.60262e-01
 2.51914e+00  2.60262e-01
 2.61914e+00  2.60262e-01
 2.71914e+00  2.60262e-01
 2.81914e+00  2.60262e-01
 2.91914e+00  2.60262e-01
 3.01914e+00  2.60262e-01
 3.11914e+00  2.60262e-01
 3.21914e+00  2.60262e-01
 3.31914e+00  2.60262e-01
 3.41914e+00  2.60262e-01
 3.51914e+00  2.60262e-01
 3.61914e+00  2.60262e-01
 3.71914e+00  2.60262e-01
 3.81914e+00  2.60262e-01
 3.91914e+00  2.60262e-01
 4.01914e+00  2.60262e-01

 1.04647e+00  3.03441e-01
 1.04749e+00  3.03441e-01
 1.04871e+00  3.03441e-01
 1.05018e+00  3.03441e-01
 1.05195e+00  3.03441e-01
 1.05406e+00  3.03441e-01
 1.05660e+00  3.03441e-01
 1.05965e+00  3.03441e-01
 1.06331e+00  3.03441e-01
 1.06769e+00  3.03441e-01
 1.07296e+00  3.03441e-01
 1.07928e+00  3.03441e-01
 1.08686e+00  3.03441e-01
 1.09596e+00  3.03441e-01
 1.10688e+00  3.03441e-01
 1.11999e+00  3.03441e-01
 1.13571e+00  3.03441e-01
 1.15458e+00  3.03441e-01
 1.17722e+00  3.03441e-01
 1.20439e+00  3.03441e-01
 1.23700e+00  3.03441e-01
 1.27613e+00  3.03441e-01
 1.32308e+00  3.03441e-01
 1.37942e+00  3.03441e-01
 1.44703e+00  3.03441e-01
 1.52817e+00  3.03441e-01
 1.62553e+00  3.03441e-01
 1.72553e+00  3.03441e-01
 1.82553e+00  3.03441e-01
 1.92553e+00  3.03441e-01
 2.02553e+00  3.03441e-01
 2.12553e+00  3.03441e-01
 2.22553e+00  3.03441e-01
 2.32553e+00  3.03441e-01
 2.42553e+00  3.03441e-01
 2.52553e+00  3.03441e-01
 2.62553e+00  3.03441e-01
 2.72553e+00  3.03441e-01
 2.82553e+00  3.03441e-01
 2.92553e+00  3.03441e-01
 3.02553e+00  3.03441e-01
 3.12553e+00  3.03441e-01
 3.22553e+00  3.03441e-01
 3.32553e+00  3.03441e-01
 3.42553e+00  3.03441e-01
 3.52553e+00  3.03441e-01
 3.62553e+00  3.03441e-01
 3.72553e+00  3.03441e-01
 3.82553e+00  3.03441e-01
 3.92553e+00  3.03441e-01
 4.02553e+00  3.03441e-01

 1.05414e+00  3.55255e-01
 1.05516e+00  3.55255e-01
 1.05638e+00  3.55255e-01
 1.05785e+00  3.55255e-01
 1.05961e+00  3.55255e-01
 1.06173e+00  3.55255e-01
 1.06427e+00  3.55255e-01
 1.06732e+00  3.55255e-01
 1.07098e+00  3.55255e-01
 1.07536e+00  3.55255e-01
 1.08063e+00  3.55255e-01
 1.08695e+00  3.55255e-01
 1.09453e+00  3.55255e-01
 1.10363e+00  3.55255e-01
 1.11455e+00  3.55255e-01
 1.12765e+00  3.55255e-01
 1.14338e+00  3.55255e-01
 1.16225e+00  3.55255e-01
 1.18489e+00  3.55255e-01
 1.21206e+00  3.55255e-01
 1.24467e+00  3.55255e-01
 1.28380e+00  3.55255e-01
 1.33075e+00  3.55255e-01
 1.38709e+00  3.55255e-01
 1.45470e+00  3.55255e-01
 1.53584e+00  3.55255e-01
 1.63320e+00  3.55255e-01
 1.73320e+00  3.55255e-01
 1.83320e+00  3.55255e-01
 1.93320e+00  3.55255e-01
 2.03320e+00  3.55255e-01
 2.13320e+00  3.55255e-01
 2.23320e+00  3.55255e-01
 2.33320e+00  3.55255e-01
 2.43320e+00  3.55255e-01
 2.53320e+00  3.55255e-01
 2.63320e+00  3.55255e-01
 2.73320e+00  3.55255e-01
 2.83320e+00  3.55255e-01
 2.93320e+00  3.55255e-01
 3.03320e+00  3.55255e-01
 3.13320e+00  3.55255e-01
 3.23320e+00  3.55255e-01
 3.33320e+00  3.55255e-01
 3.43320e+00  3.55255e-01
 3.53320e+00  3.55255e-01
 3.63320e+00  3.55255e-01
 3.73320e+00  3.55255e-01
 3.83320e+00  3.55255e-01
 3.93320e+00  3.55255e-01
 4.03320e+00  3.55255e-01

 1.06334e+00  4.17433e-01
 1.06436e+00  4.17433e-01
 1.06558e+00  4.17433e-01
 1.06705e+00  4.17433e-01
 1.06882e+00  4.17433e-01
 1.07093e+00  4.17433e-01
 1.07347e+00  4.17433e-01
 1.07652e+00  4.17433e-01
 1.08018e+00  4.17433e-01
 1.08457e+00  4.17433e-01
 1.08983e+00  4.17433e-01
 1.09615e+00  4.17433e-01
 1.10374e+00  4.17433e-01
 1.11283e+00  4.17433e-01
 1.12375e+00  4.17433e-01
 1.13686e+00  4.17433e-01
 1.15258e+00  4.17433e-01
 1.17145e+00  4.17433e-01
 1.19409e+00  4.17433e-01
 1.22127e+00  4.17433e-01
 1.25387e+00  4.17433e-01
 1.29300e+00  4.17433e-01
 1.33995e+00  4.17433e-01
 1.39629e+00  4.17433e-01
 1.46391e+00  4.17433e-01
 1.54504e+00  4.17433e-01
 1.64240e+00  4.17433e-01
 1.74240e+00  4.17433e-01
 1.84240e+00  4.17433e-01
 1.94240e+00  4.17433e-01
 2.04240e+00  4.17433e-01
 2.14240e+00  4.17433e-01
 2.24240e+00  4.17433e-01
 2.34240e+00  4.17433e-01
 2.44240e+00  4.17433e-01
 2.54240e+00  4.17433e-01
 2.64240e+00  4.17433e-01
 2.74240e+00  4.17433e-01
 2.84240e+00  4.17433e-01
 2.94240e+00  4.17433e-01
 3.04240e+00  4.17433e-01
 3.14240e+00  4.17433e-01
 3.24240e+00  4.17433e-01
 3.34240e+00  4.17433e-01
 3.44240e+00  4.17433e-01
 3.54240e+00  4.17433e-01
 3.64240e+00  4.17433e-01
 3.74240e+00  4.17433e-01
 3.84240e+00  4.17433e-01
 3.94240e+00  4.17433e-01
 4.04240e+00  4.17433e-01

 1.07438e+00  4.92046e-01
 1.07540e+00  4.92046e-01
 1.07663e+00  4.92046e-01
 1.07810e+00  4.92046e-01
 1.07986e+00  4.92046e-01
 1.08198e+00  4.92046e-01
 1.08452e+00  4.92046e-01
 1.08757e+00  4.92046e-01
 1.09122e+00  4.92046e-01
 1.09561e+00  4.92046e-01
 1.10088e+00  4.92046e-01
 1.10720e+00  4.92046e-01
 1.11478e+00  4.92046e-01
 1.12388e+00  4.92046e-01
 1.13480e+00  4.92046e-01
 1.14790e+00  4.92046e-01
 1.16363e+00  4.92046e-01
 1.18250e+00  4.92046e-01
 1.20514e+00  4.92046e-01
 1.23231e+00  4.92046e-01
 1.26492e+00  4.92046e-01
 1.30404e+00  4.92046e-01
 1.35099e+00  4.92046e-01
 1.40734e+00  4.92046e-01
 1.47495e+00  4.92046e-01
 1.55608e+00  4.92046e-01
 1.65344e+00  4.92046e-01
 1.75344e+00  4.92046e-01
 1.85344e+00  4.92046e-01
 1.95344e+00  4.92046e-01
 2.05344e+00  4.92046e-01
 2.15344e+00  4.92046e-01
 2.25344e+00  4.92046e-01
 2.35344e+00  4.92046e-01
 2.45344e+00  4.92046e-01
 2.55344e+00  4.92046e-01
 2.65344e+00  4.92046e-01
 2.75344e+00  4.92046e-01
 2.85344e+00  4.92046e-01
 2.95344e+00  4.92046e-01
 3.05344e+00  4.92046e-01
 3.15344e+00  4.92046e-01
 3.25344e+00  4.92046e-01
 3.35344e+00  4.92046e-01
 3.45344e+00  4.92046e-01
 3.55344e+00  4.92046e-01
 3.65344e+00  4.92046e-01
 3.75344e+00  4.92046e-01
 3.85344e+00  4.92046e-01
 3.95344e+00  4.92046e-01
 4.05344e+00  4.92046e-01

 1.08764e+00  5.81581e-01
 1.08866e+00  5.81581e-01
 1.08988e+00  5.81581e-01
 1.09135e+00  5.81581e-01
 1.09311e+00  5.81581e-01
 1.09523e+00  5.81581e-01
 1.09777e+00  5.81581e-01
 1.10082e+00  5.81581e-01
 1.10447e+00  5.81581e-01
 1.10886e+00  5.81581e-01
 1.11413e+00  5.81581e-01
 1.12045e+00  5.81581e-01
 1.12803e+00  5.81581e-01
 1.13713e+00  5.81581e-01
 1.14805e+00  5.81581e-01
 1.16115e+00  5.81581e-01
 1.17688e+00  5.81581e-01
 1.19575e+00  5.81581e-01
 1.21839e+00  5.81581e-01
 1.24556e+00  5.81581e-01
 1.27817e+00  5.81581e-01
 1.31730e+00  5.81581e-01
 1.36425e+00  5.81581e-01
 1.42059e+00  5.81581e-01
 1.48820e+00  5.81581e-01
 1.56934e+00  5.81581e-01
 1.66670e+00  5.81581e-01
 1.76670e+00  5.81581e-01
 1.86670e+00  5.81581e-01
 1.96670e+00  5.81581e-01
 2.06670e+00  5.81581e-01
 2.16670e+00  5.81581e-01
 2.26670e+00  5.81581e-01
 2.36670e+00  5.81581e-01
 2.46670e+00  5.81581e-01
 2.56670e+00  5.81581e-01
 2.66670e+00  5.81581e-01
 2.76670e+00  5.81581e-01
 2.86670e+00  5.81581e-01
 2.96670e+00  5.81581e-01
 3.06670e+00  5.81581e-01
 3.16670e+00  5.81581e-01
 3.26670e+00  5.81581e-01
 3.36670e+00  5.81581e-01
 3.46670e+00  5.81581e-01
 3.56670e+00  5.81581e-01
 3.66670e+00  5.81581e-01
 3.76670e+00  5.81581e-01
 3.86670e+00  5.81581e-01
 3.96670e+00  5.81581e-01
 4.06670e+00  5.81581e-01

 1.10153e+00  6.75438e-01
 1.10255e+00  6.75438e-01
 1.10377e+00  6.75438e-01
 1.10524e+00  6.75438e-01
 1.10701e+00  6.75438e-01
 1.10912e+00  6.75438e-01
 1.11166e+00  6.75438e-01
 1.11471e+00  6.75438e-01
 1.11837e+00  6.75438e-01
 1.12276e+00  6.75438e-01
 1.12802e+00  6.75438e-01
 1.13434e+00  6.75438e-01
 1.14192e+00  6.75438e-01
 1.15102e+00  6.75438e-01
 1.16194e+00  6.75438e-01
 1.17505e+00  6.75438e-01
 1.19077e+00  6.75438e-01
 1.20964e+00  6.75438e-01
 1.23228e+00  6.75438e-01
 1.25945e+00  6.75438e-01
 1.29206e+00  6.75438e-01
 1.33119e+00  6.75438e-01
 1.37814e+00  6.75438e-01
 1.43448e+00  6.75438e-01
 1.50209e+00  6.75438e-01
 1.58323e+00  6.75438e-01
 1.68059e+00  6.75438e-01
 1.78059e+00  6.75438e-01
 1.88059e+00  6.75438e-01
 1.98059e+00  6.75438e-01
 2.08059e+00  6.75438e-01
 2.18059e+00  6.75438e-01
 2.28059e+00  6.75438e-01
 2.38059e+00  6.75438e-01
 2.48059e+00  6.75438e-01
 2.58059e+00  6.75438e-01
 2.68059e+00  6.75438e-01
 2.78059e+00  6.75438e-01
 2.88059e+00  6.75438e-01
 2.98059e+00  6.75438e-01
 3.08059e+00  6.75438e-01
 3.18059e+00  6.75438e-01
 3.28059e+00  6.75438e-01
 3.38059e+00  6.75438e-01
 3.48059e+00  6.75438e-01
 3.58059e+00  6.75438e-01
 3.68059e+00  6.75438e-01
 3.78059e+00  6.75438e-01
 3.88059e+00  6.75438e-01
 3.98059e+00  6.75438e-01
 4.08059e+00  6.75438e-01

 1.11542e+00  7.69294e-01
 1.11644e+00  7.69294e-01
 1.11767e+00  7.69294e-01
 1.11914e+00  7.69294e-01
 1.12090e+00  7.69294e-01
 1.12302e+00  7.69294e-01
 1.12555e+00  7.69294e-01
 1.12860e+00  7.69294e-01
 1.13226e+00  7.69294e-01
 1.13665e+00  7.69294e-01
 1.14191e+00  7.69294e-01
 1.14823e+00  7.69294e-01
 1.15582e+00  7.69294e-01
 1.16492e+00  7.69294e-01
 1.17584e+00  7.69294e-01
 1.18894e+00  7.69294e-01
 1.20466e+00  7.69294e-01
 1.22353e+00  7.69294e-01
 1.24618e+00  7.69294e-01
 1.27335e+00  7.69294e-01
 1.30595e+00  7.69294e-01
 1.34508e+00  7.69294e-01
 1.39203e+00  7.69294e-01
 1.44837e+00  7.69294e-01
 1.51599e+00  7.69294e-01
 1.59712e+00  7.69294e-01
 1.69448e+00  7.69294e-01
 1.79448e+00  7.69294e-01
 1.89448e+00  7.69294e-01
 1.99448e+00  7.69294e-01
 2.09448e+00  7.69294e-01
 2.19448e+00  7.69294e-01
 2.29448e+00  7.69294e-01
 2.39448e+00  7.69294e-01
 2.49448e+00  7.69294e-01
 2.59448e+00  7.69294e-01
 2.69448e+00  7.69294e-01
 2.79448e+00  7.69294e-01
 2.89448e+00  7.69294e-01
 2.99448e+00  7.69294e-01
 3.09448e+00  7.69294e-01
 3.19448e+00  7.69294e-01
 3.29448e+00  7.69294e-01
 3.39448e+00  7.69294e-01
 3.49448e+00  7.69294e-01
 3.59448e+00  7.69294e-01
 3.69448e+00  7.69294e-01
 3.79448e+00  7.69294e-01
 3.89448e+00  7.69294e-01
 3.99448e+00  7.69294e-01
 4.09448e+00  7.69294e-01

 1.12931e+00  8.63150e-01
 1.13033e+00  8.63150e-01
 1.13156e+00  8.63150e-01
 1.13303e+00  8.63150e-01
 1.13479e+00  8.63150e-01
 1.13691e+00  8.63150e-01
 1.13945e+00  8.63150e-01
 1.14249e+00  8.63150e-01
 1.14615e+00  8.63150e-01
 1.15054e+00  8.63150e-01
 1.15581e+00  8.63150e-01
 1.16213e+00  8.63150e-01
 1.16971e+00  8.63150e-01
 1.17881e+00  8.63150e-01
 1.18973e+00  8.63150e-01
 1.20283e+00  8.63150e-01
 1.21856e+00  8.63150e-01
 1.23742e+00  8.63150e-01
 1.26007e+00  8.63150e-01
 1.28724e+00  8.63150e-01
 1.31984e+00  8.63150e-01
 1.35897e+00  8.63150e-01
 1.40592e+00  8.63150e-01
 1.46227e+00  8.63150e-01
 1.52988e+00  8.63150e-01
 1.61101e+00  8.63150e-01
 1.70837e+00  8.63150e-01
 1.80837e+00  8.63150e-01
 1.90837e+00  8.63150e-01
 2.00837e+00  8.63150e-01
 2.10837e+00  8.63150e-01
 2.20837e+00  8.63150e-01
 2.30837e+00  8.63150e-01
 2.40837e+00  8.63150e-01
 2.50837e+00  8.63150e-01
 2.60837e+00  8.63150e-01
 2.70837e+00  8.63150e-01
 2.80837e+00  8.63150e-01
 2.90837e+00  8.63150e-01
 3.00837e+00  8.63150e-01
 3.10837e+00  8.63150e-01
 3.20837e+00  8.63150e-01
 3.30837e+00  8.63150e-01
 3.40837e+00  8.63150e-01
 3.50837e+00  8.63150e-01
 3.60837e+00  8.63150e-01
 3.70837e+00  8.63150e-01
 3.80837e+00  8.63150e-01
 3.90837e+00  8.63150e-01
 4.00837e+00  8.63150e-01
 4.10837e+00  8.63150e-01

 1.14321e+00  9.57007e-01
 1.14423e+00  9.57007e-01
 1.14545e+00  9.57007e-01
 1.14692e+00  9.57007e-01
 1.14868e+00  9.57007e-01
 1.15080e+00  9.57007e-01
 1.15334e+00  9.57007e-01
 1.15639e+00  9.57007e-01
 1.16004e+00  9.57007e-01
 1.16443e+00  9.57007e-01
 1.16970e+00  9.57007e-01
 1.17602e+00  9.57007e-01
 1.18360e+00  9.57007e-01
 1.19270e+00  9.57007e-01
 1.20362e+00  9.57007e-01
 1.21672e+00  9.57007e-01
 1.23245e+00  9.57007e-01
 1.25132e+00  9.57007e-01
 1.27396e+00  9.57007e-01
 1.30113e+00  9.57007e-01
 1.33374e+00  9.57007e-01
 1.37286e+00  9.57007e-01
 1.41982e+00  9.57007e-01
 1.47616e+00  9.57007e-01
 1.54377e+00  9.57007e-01
 1.62490e+00  9.57007e-01
 1.72226e+00  9.57007e-01
 1.82226e+00  9.57007e-01
 1.92226e+00  9.57007e-01
 2.02226e+00  9.57007e-01
 2.12226e+00  9.57007e-01
 2.22226e+00  9.57007e-01
 2.32226e+00  9.57007e-01
 2.42226e+00  9.57007e-01
 2.52226e+00  9.57007e-01
 2.62226e+00  9.57007e-01
 2.72226e+00  9.57007e-01
 2.82226e+00  9.57007e-01
 2.92226e+00  9.57007e-01
 3.02226e+00  9.57007e-01
 3.12226e+00  9.57007e-01
 3.22226e+00  9.57007e-01
 3.32226e+00  9.57007e-01
 3.42226e+00  9.57007e-01
 3.52226e+00  9.57007e-01
 3.62226e+00  9.57007e-01
 3.72226e+00  9.57007e-01
 3.82226e+00  9.57007e-01
 3.92226e+00  9.57007e-01
 4.02226e+00  9.57007e-01
 4.12226e+00  9.57007e-01
