nodenumber     x-coordinate     y-coordinate     z-coordinate      mach-number         pressure 
         1  3.090020000E-01 -5.999850000E-02  0.000000000E+00  1.004581175E-01  9.822717033E+01 
         2  2.702430000E-01 -5.981060000E-02  0.000000000E+00  9.913398209E-02  1.211856690E+02 
         3  3.501450000E-01 -5.948320000E-02  0.000000000E+00  1.031281170E-01  7.915751306E+01 
         4  2.371580000E-01 -5.904050000E-02  0.000000000E+00  9.490310027E-02  1.461011961E+02 
         5  3.912760000E-01 -5.834330000E-02  0.000000000E+00  1.040829618E-01  6.388680028E+01 
         6  2.087650000E-01 -5.785310000E-02  0.000000000E+00  8.851724213E-02  1.722096379E+02 
         7  4.323880000E-01 -5.666940000E-02  0.000000000E+00  1.036883974E-01  5.194407130E+01 
         8  1.843370000E-01 -5.637740000E-02  0.000000000E+00  8.488928201E-02  2.001024091E+02 
         9  1.631610000E-01 -5.470320000E-02  0.000000000E+00  8.278972053E-02  2.292066958E+02 
        10  4.734800000E-01 -5.453490000E-02  0.000000000E+00  1.042182878E-01  4.225588313E+01 
        11  1.447430000E-01 -5.290180000E-02  0.000000000E+00  7.968599555E-02  2.590801380E+02 
        12  5.145480000E-01 -5.199920000E-02  0.000000000E+00  1.043156485E-01  3.404775994E+01 
        13  1.286980000E-01 -5.102990000E-02  0.000000000E+00  7.545704541E-02  2.894042495E+02 
        14  1.147010000E-01 -4.913170000E-02  0.000000000E+00  7.193500544E-02  3.202000892E+02 
        15  5.555940000E-01 -4.911140000E-02  0.000000000E+00  1.041407762E-01  2.717816055E+01 
        16  1.024830000E-01 -4.724140000E-02  0.000000000E+00  6.892948796E-02  3.510690293E+02 
        17  5.966160000E-01 -4.591080000E-02  0.000000000E+00  1.049391026E-01  2.113992194E+01 
        18  9.180020000E-02 -4.538360000E-02  0.000000000E+00  6.611463292E-02  3.817063740E+02 
        19  8.241830000E-02 -4.357030000E-02  0.000000000E+00  6.358923819E-02  4.119463096E+02 
        20  6.376150000E-01 -4.242870000E-02  0.000000000E+00  1.071966051E-01  1.512949143E+01 
        21  7.419740000E-02 -4.182110000E-02  0.000000000E+00  6.125897855E-02  4.414957444E+02 
        22  6.701180000E-02 -4.015110000E-02  0.000000000E+00  5.875348768E-02  4.700486634E+02 
        23  6.785920000E-01 -3.868960000E-02  0.000000000E+00  1.083924435E-01  9.927085199E+00 
        24  6.066690000E-02 -3.855140000E-02  0.000000000E+00  5.588903852E-02  4.975807159E+02 
        25  5.497740000E-02 -3.700280000E-02  0.000000000E+00  5.257369442E-02  5.242726432E+02 
        26  4.987280000E-02 -3.550830000E-02  0.000000000E+00  4.888364494E-02  5.499563598E+02 
        27  7.195460000E-01 -3.471110000E-02  0.000000000E+00  1.079455060E-01  4.921262461E+00 
        28  4.536520000E-02 -3.409410000E-02  0.000000000E+00  4.501882390E-02  5.740529876E+02 
        29  4.143780000E-02 -3.277970000E-02  0.000000000E+00  4.115463848E-02  5.961624717E+02 
        30  3.801710000E-02 -3.156400000E-02  0.000000000E+00  3.735178889E-02  6.161665656E+02 
        31  7.604770000E-01 -3.050500000E-02  0.000000000E+00  1.070809308E-01 -4.041464946E-01 
        32  3.499280000E-02 -3.042700000E-02  0.000000000E+00  3.359755319E-02  6.342369622E+02 
        33  3.226880000E-02 -2.934670000E-02  0.000000000E+00  2.985549868E-02  6.506013069E+02 
        34  2.977200000E-02 -2.830400000E-02  0.000000000E+00  2.607488115E-02  6.654114466E+02 
        35  2.744820000E-02 -2.728280000E-02  0.000000000E+00  2.220760399E-02  6.787220096E+02 
        36  2.525940000E-02 -2.627060000E-02  0.000000000E+00  1.821058641E-02  6.904250405E+02 
        37  8.013850000E-01 -2.607760000E-02  0.000000000E+00  1.071838577E-01 -5.763552296E+00 
        38  2.320170000E-02 -2.526890000E-02  0.000000000E+00  1.407135450E-02  7.002335070E+02 
        39  2.129310000E-02 -2.429080000E-02  0.000000000E+00  9.842015971E-03  7.077215243E+02 
        40  1.955240000E-02 -2.335180000E-02  0.000000000E+00  5.576178493E-03  7.126961334E+02 
        41  1.798620000E-02 -2.246380000E-02  0.000000000E+00  1.913533280E-03  7.150699794E+02 
        42  1.658840000E-02 -2.163240000E-02  0.000000000E+00  2.420093680E-03  7.148199196E+02 
        43  8.422680000E-01 -2.142990000E-02  0.000000000E+00  1.078167349E-01 -1.284322590E+01 
        44  1.534410000E-02 -2.085740000E-02  0.000000000E+00  6.525350204E-03  7.121158250E+02 
        45  1.423520000E-02 -2.013570000E-02  0.000000000E+00  1.060913753E-02  7.071431897E+02 
        46  1.324330000E-02 -1.946240000E-02  0.000000000E+00  1.457866413E-02  7.000464338E+02 
        47  1.235150000E-02 -1.883240000E-02  0.000000000E+00  1.845383364E-02  6.909391057E+02 
        48  1.154480000E-02 -1.823990000E-02  0.000000000E+00  2.223670445E-02  6.799867126E+02 
        49  1.080970000E-02 -1.767950000E-02  0.000000000E+00  2.594099810E-02  6.672863190E+02 
        50  1.013530000E-02 -1.714630000E-02  0.000000000E+00  2.958179328E-02  6.529067553E+02 
        51  9.512770000E-03 -1.663650000E-02  0.000000000E+00  3.317430926E-02  6.368717108E+02 
        52  8.831260000E-01 -1.655780000E-02  0.000000000E+00  1.074468436E-01 -2.131723313E+01 
        53  8.934960000E-03 -1.614650000E-02  0.000000000E+00  3.672949319E-02  6.191963871E+02 
        54  8.396050000E-03 -1.567350000E-02  0.000000000E+00  4.025566129E-02  5.998910121E+02 
        55  7.891340000E-03 -1.521510000E-02  0.000000000E+00  4.376214039E-02  5.789418487E+02 
        56  7.416920000E-03 -1.476940000E-02  0.000000000E+00  4.725828079E-02  5.563178164E+02 
        57  6.969580000E-03 -1.433470000E-02  0.000000000E+00  5.075097047E-02  5.319733936E+02 
        58  6.546680000E-03 -1.390960000E-02  0.000000000E+00  5.424576220E-02  5.058834814E+02 
        59  6.145950000E-03 -1.349290000E-02  0.000000000E+00  5.774891236E-02  4.779865402E+02 
        60  5.765510000E-03 -1.308350000E-02  0.000000000E+00  6.126313109E-02  4.482406006E+02 
        61  5.403770000E-03 -1.268050000E-02  0.000000000E+00  6.479034128E-02  4.166178998E+02 
        62  5.059350000E-03 -1.228310000E-02  0.000000000E+00  6.833428331E-02  3.830641329E+02 
        63  4.731050000E-03 -1.189060000E-02  0.000000000E+00  7.189877573E-02  3.475152748E+02 
        64  4.417880000E-03 -1.150240000E-02  0.000000000E+00  7.548497730E-02  3.099174573E+02 
        65  9.239540000E-01 -1.145240000E-02  0.000000000E+00  1.073516583E-01 -3.073470722E+01 
        66  4.118940000E-03 -1.111790000E-02  0.000000000E+00  7.909235937E-02  2.702404968E+02 
        67  3.833450000E-03 -1.073660000E-02  0.000000000E+00  8.272455539E-02  2.284210809E+02 
        68  3.560760000E-03 -1.035810000E-02  0.000000000E+00  8.639718128E-02  1.843386472E+02 
        69  3.300300000E-03 -9.982020000E-03  0.000000000E+00  9.011449136E-02  1.378063411E+02 
        70  3.051570000E-03 -9.607960000E-03  0.000000000E+00  9.384292912E-02  8.906979736E+01 
        71  2.814130000E-03 -9.235600000E-03  0.000000000E+00  9.757361254E-02  3.824416919E+01 
        72  2.587600000E-03 -8.864650000E-03  0.000000000E+00  1.013237278E-01 -1.490322328E+01 
        73  9.440400000E-01 -8.849910000E-03  0.000000000E+00  1.078951806E-01 -4.025453227E+01 
        74  2.371660000E-03 -8.494850000E-03  0.000000000E+00  1.050928323E-01 -7.035950558E+01 
        75  2.166020000E-03 -8.125940000E-03  0.000000000E+00  1.088792781E-01 -1.281148485E+02 
        76  1.970430000E-03 -7.757700000E-03  0.000000000E+00  1.126827667E-01 -1.881486360E+02 
        77  1.784670000E-03 -7.389930000E-03  0.000000000E+00  1.164934874E-01 -2.504554824E+02 
        78  1.608580000E-03 -7.022470000E-03  0.000000000E+00  1.203021224E-01 -3.146364108E+02 
        79  1.442010000E-03 -6.655140000E-03  0.000000000E+00  1.241211325E-01 -3.807391556E+02 
        80  1.284830000E-03 -6.287810000E-03  0.000000000E+00  1.279565249E-01 -4.492492987E+02 
        81  9.641170000E-01 -6.185660000E-03  0.000000000E+00  1.089025970E-01 -5.142955122E+01 
        82  1.136960000E-03 -5.920410000E-03  0.000000000E+00  1.317960623E-01 -5.200278042E+02 
        83  9.983180000E-04 -5.552820000E-03  0.000000000E+00  1.356277337E-01 -5.927811459E+02 
        84  8.688460000E-04 -5.184960000E-03  0.000000000E+00  1.394436636E-01 -6.672948372E+02 
        85  7.484850000E-04 -4.816800000E-03  0.000000000E+00  1.432409524E-01 -7.434560286E+02 
        86  6.371860000E-04 -4.448310000E-03  0.000000000E+00  1.470158412E-01 -8.211926540E+02 
        87  5.349210000E-04 -4.079440000E-03  0.000000000E+00  1.507594320E-01 -9.002899532E+02 
        88  4.416670000E-04 -3.710190000E-03  0.000000000E+00  1.544649866E-01 -9.805075302E+02 
        89  3.573920000E-04 -3.340560000E-03  0.000000000E+00  1.581294615E-01 -1.061723027E+03 
        90  2.820800000E-04 -2.970550000E-03  0.000000000E+00  1.617455088E-01 -1.143744340E+03 
        91  9.885790000E-01 -2.851310000E-03  0.000000000E+00  1.113795283E-01 -6.897531862E+01 
        92  2.157290000E-04 -2.600180000E-03  0.000000000E+00  1.653019186E-01 -1.226243710E+03 
        93  1.583190000E-04 -2.229460000E-03  0.000000000E+00  1.687932247E-01 -1.308940538E+03 
        94  1.098120000E-04 -1.858440000E-03  0.000000000E+00  1.722203083E-01 -1.391765204E+03 
        95  7.018710000E-05 -1.487150000E-03  0.000000000E+00  1.755785267E-01 -1.474587946E+03 
        96  3.943250000E-05 -1.115630000E-03  0.000000000E+00  1.788596204E-01 -1.557076230E+03 
        97  1.750970000E-05 -7.438980000E-04  0.000000000E+00  1.820643418E-01 -1.639086374E+03 
        98  4.374780000E-06 -3.720100000E-04  0.000000000E+00  1.851995194E-01 -1.720711131E+03 
        99  0.000000000E+00  0.000000000E+00  0.000000000E+00  1.882692169E-01 -1.801970264E+03 
       100  1.008950000E+00  0.000000000E+00  0.000000000E+00  8.319733494E-02 -1.576621026E+02 
       101  4.374780000E-06  3.720100000E-04  0.000000000E+00  1.912725774E-01 -1.882760205E+03 
       102  1.750970000E-05  7.438980000E-04  0.000000000E+00  1.942031860E-01 -1.962827597E+03 
       103  3.943250000E-05  1.115630000E-03  0.000000000E+00  1.970492749E-01 -2.041781024E+03 
       104  7.018710000E-05  1.487150000E-03  0.000000000E+00  1.997953618E-01 -2.119120669E+03 
       105  1.098120000E-04  1.858440000E-03  0.000000000E+00  2.024307589E-01 -2.194360834E+03 
       106  1.583190000E-04  2.229460000E-03  0.000000000E+00  2.049548904E-01 -2.267315344E+03 
       107  2.157290000E-04  2.600180000E-03  0.000000000E+00  2.073643428E-01 -2.337876297E+03 
       108  9.885790000E-01  2.851310000E-03  0.000000000E+00  1.784616669E-02 -1.719529991E+02 
       109  2.820800000E-04  2.970550000E-03  0.000000000E+00  2.096475195E-01 -2.405602928E+03 
       110  3.573920000E-04  3.340560000E-03  0.000000000E+00  2.117999472E-01 -2.470140726E+03 
       111  4.416670000E-04  3.710190000E-03  0.000000000E+00  2.138255440E-01 -2.531522443E+03 
       112  5.349210000E-04  4.079440000E-03  0.000000000E+00  2.157245888E-01 -2.589726284E+03 
       113  6.371860000E-04  4.448310000E-03  0.000000000E+00  2.174929460E-01 -2.644515755E+03 
       114  7.484850000E-04  4.816800000E-03  0.000000000E+00  2.191309966E-01 -2.695701870E+03 
       115  8.688460000E-04  5.184960000E-03  0.000000000E+00  2.206441436E-01 -2.743373091E+03 
       116  9.983180000E-04  5.552820000E-03  0.000000000E+00  2.220307096E-01 -2.787490778E+03 
       117  1.136960000E-03  5.920410000E-03  0.000000000E+00  2.232869407E-01 -2.827750422E+03 
       118  9.641170000E-01  6.185660000E-03  0.000000000E+00  2.269041107E-02 -1.344573935E+02 
       119  1.284830000E-03  6.287810000E-03  0.000000000E+00  2.244180641E-01 -2.864177719E+03 
       120  1.442010000E-03  6.655140000E-03  0.000000000E+00  2.254317525E-01 -2.897018365E+03 
       121  1.608580000E-03  7.022470000E-03  0.000000000E+00  2.263303660E-01 -2.926354134E+03 
       122  1.784670000E-03  7.389930000E-03  0.000000000E+00  2.271144927E-01 -2.952104804E+03 
       123  1.970430000E-03  7.757700000E-03  0.000000000E+00  2.277906168E-01 -2.974348040E+03 
       124  2.166020000E-03  8.125940000E-03  0.000000000E+00  2.283661213E-01 -2.993350816E+03 
       125  2.371660000E-03  8.494850000E-03  0.000000000E+00  2.288421748E-01 -3.009127214E+03 
       126  9.440400000E-01  8.849910000E-03  0.000000000E+00  3.266058632E-02 -1.183226182E+02 
       127  2.587600000E-03  8.864650000E-03  0.000000000E+00  2.292205295E-01 -3.021641774E+03 
       128  2.814130000E-03  9.235600000E-03  0.000000000E+00  2.295075988E-01 -3.031049006E+03 
       129  3.051570000E-03  9.607960000E-03  0.000000000E+00  2.297095450E-01 -3.037531747E+03 
       130  3.300300000E-03  9.982020000E-03  0.000000000E+00  2.298281405E-01 -3.041176526E+03 
       131  3.560760000E-03  1.035810000E-02  0.000000000E+00  2.298670364E-01 -3.041968070E+03 
       132  3.833450000E-03  1.073660000E-02  0.000000000E+00  2.298372167E-01 -3.040215280E+03 
       133  4.118940000E-03  1.111790000E-02  0.000000000E+00  2.297435261E-01 -3.036158074E+03 
       134  9.239540000E-01  1.145240000E-02  0.000000000E+00  2.864090890E-02 -1.051501831E+02 
       135  4.417880000E-03  1.150240000E-02  0.000000000E+00  2.295824482E-01 -3.029637961E+03 
       136  4.731050000E-03  1.189060000E-02  0.000000000E+00  2.293552808E-01 -3.020600008E+03 
       137  5.059350000E-03  1.228310000E-02  0.000000000E+00  2.290711281E-01 -3.009255005E+03 
       138  5.403770000E-03  1.268050000E-02  0.000000000E+00  2.287365431E-01 -2.995872706E+03 
       139  5.765510000E-03  1.308350000E-02  0.000000000E+00  2.283501110E-01 -2.980367960E+03 
       140  6.145950000E-03  1.349290000E-02  0.000000000E+00  2.279117642E-01 -2.962664129E+03 
       141  6.546680000E-03  1.390960000E-02  0.000000000E+00  2.274296684E-01 -2.942847610E+03 
       142  6.969580000E-03  1.433470000E-02  0.000000000E+00  2.269142447E-01 -2.921304979E+03 
       143  7.416920000E-03  1.476940000E-02  0.000000000E+00  2.263639546E-01 -2.897968592E+03 
       144  7.891340000E-03  1.521510000E-02  0.000000000E+00  2.257808914E-01 -2.872579045E+03 
       145  8.396050000E-03  1.567350000E-02  0.000000000E+00  2.251700724E-01 -2.845436695E+03 
       146  8.934960000E-03  1.614650000E-02  0.000000000E+00  2.245230826E-01 -2.815998515E+03 
       147  8.831260000E-01  1.655780000E-02  0.000000000E+00  2.558015592E-02 -1.386912694E+02 
       148  9.512770000E-03  1.663650000E-02  0.000000000E+00  2.238399444E-01 -2.784192864E+03 
       149  1.013530000E-02  1.714630000E-02  0.000000000E+00  2.231359155E-01 -2.749958687E+03 
       150  1.080970000E-02  1.767950000E-02  0.000000000E+00  2.224270623E-01 -2.713840892E+03 
       151  1.154480000E-02  1.823990000E-02  0.000000000E+00  2.217073254E-01 -2.675302873E+03 
       152  1.235150000E-02  1.883240000E-02  0.000000000E+00  2.209711545E-01 -2.633779413E+03 
       153  1.324330000E-02  1.946240000E-02  0.000000000E+00  2.202247575E-01 -2.588886843E+03 
       154  1.423520000E-02  2.013570000E-02  0.000000000E+00  2.194863442E-01 -2.540864079E+03 
       155  1.534410000E-02  2.085740000E-02  0.000000000E+00  2.187604407E-01 -2.489815952E+03 
       156  8.422680000E-01  2.142990000E-02  0.000000000E+00  2.681394218E-02 -2.170143067E+02 
       157  1.658840000E-02  2.163240000E-02  0.000000000E+00  2.180403204E-01 -2.434796554E+03 
       158  1.798620000E-02  2.246380000E-02  0.000000000E+00  2.173356023E-01 -2.376310905E+03 
       159  1.955240000E-02  2.335180000E-02  0.000000000E+00  2.166549386E-01 -2.314771219E+03 
       160  2.129310000E-02  2.429080000E-02  0.000000000E+00  2.159145696E-01 -2.251291091E+03 
       161  2.320170000E-02  2.526890000E-02  0.000000000E+00  2.150642925E-01 -2.186147271E+03 
       162  8.013850000E-01  2.607760000E-02  0.000000000E+00  2.931720331E-02 -2.578059240E+02 
       163  2.525940000E-02  2.627060000E-02  0.000000000E+00  2.140843788E-01 -2.120889346E+03 
       164  2.744820000E-02  2.728280000E-02  0.000000000E+00  2.127978307E-01 -2.057075687E+03 
       165  2.977200000E-02  2.830400000E-02  0.000000000E+00  2.110535263E-01 -1.994324724E+03 
       166  3.226880000E-02  2.934670000E-02  0.000000000E+00  2.087764915E-01 -1.931747891E+03 
       167  3.499280000E-02  3.042700000E-02  0.000000000E+00  2.058372661E-01 -1.869981432E+03 
       168  7.604770000E-01  3.050500000E-02  0.000000000E+00  3.104335370E-02 -1.979900823E+02 
       169  3.801710000E-02  3.156400000E-02  0.000000000E+00  2.019836567E-01 -1.807723077E+03 
       170  4.143780000E-02  3.277970000E-02  0.000000000E+00  1.971899336E-01 -1.743450030E+03 
       171  4.536520000E-02  3.409410000E-02  0.000000000E+00  1.915761991E-01 -1.677641814E+03 
       172  7.195460000E-01  3.471110000E-02  0.000000000E+00  3.222903527E-02 -1.516106389E+02 
       173  4.987280000E-02  3.550830000E-02  0.000000000E+00  1.854871623E-01 -1.610069375E+03 
       174  5.497740000E-02  3.700280000E-02  0.000000000E+00  1.797120440E-01 -1.541961386E+03 
       175  6.066690000E-02  3.855140000E-02  0.000000000E+00  1.744441355E-01 -1.474198127E+03 
       176  6.785920000E-01  3.868960000E-02  0.000000000E+00  3.259445510E-02 -1.916559878E+02 
       177  6.701180000E-02  4.015110000E-02  0.000000000E+00  1.698228666E-01 -1.407024935E+03 
       178  7.419740000E-02  4.182110000E-02  0.000000000E+00  1.655828420E-01 -1.340023663E+03 
       179  6.376150000E-01  4.242870000E-02  0.000000000E+00  2.700926498E-02 -2.212406620E+02 
       180  8.241830000E-02  4.357030000E-02  0.000000000E+00  1.606448203E-01 -1.272657287E+03 
       181  9.180020000E-02  4.538360000E-02  0.000000000E+00  1.549787332E-01 -1.205512958E+03 
       182  5.966160000E-01  4.591080000E-02  0.000000000E+00  1.956800740E-02 -1.995763395E+02 
       183  1.024830000E-01  4.724140000E-02  0.000000000E+00  1.490042889E-01 -1.139005835E+03 
       184  5.555940000E-01  4.911140000E-02  0.000000000E+00  1.306728244E-02 -1.738797553E+02 
       185  1.147010000E-01  4.913170000E-02  0.000000000E+00  1.451668126E-01 -1.071644591E+03 
       186  1.286980000E-01  5.102990000E-02  0.000000000E+00  1.421386284E-01 -1.003932587E+03 
       187  5.145480000E-01  5.199920000E-02  0.000000000E+00  8.188124167E-03 -1.583499483E+02 
       188  1.447430000E-01  5.290180000E-02  0.000000000E+00  1.350956581E-01 -9.369032362E+02 
       189  4.734800000E-01  5.453490000E-02  0.000000000E+00  2.093238515E-02 -1.715053520E+02 
       190  1.631610000E-01  5.470320000E-02  0.000000000E+00  1.283469514E-01 -8.689625375E+02 
       191  1.843370000E-01  5.637740000E-02  0.000000000E+00  1.226328352E-01 -8.001429189E+02 
       192  4.323880000E-01  5.666940000E-02  0.000000000E+00  4.733411399E-02 -2.394561684E+02 
       193  2.087650000E-01  5.785310000E-02  0.000000000E+00  1.121591794E-01 -7.297957534E+02 
       194  3.912760000E-01  5.834330000E-02  0.000000000E+00  6.491620386E-02 -3.304762972E+02 
       195  2.371580000E-01  5.904050000E-02  0.000000000E+00  9.580063571E-02 -6.583659729E+02 
       196  3.501450000E-01  5.948320000E-02  0.000000000E+00  7.114986208E-02 -4.177108528E+02 
       197  2.702430000E-01  5.981060000E-02  0.000000000E+00  8.443190721E-02 -5.819577850E+02 
       198  3.090020000E-01  5.999850000E-02  0.000000000E+00  7.755751143E-02 -5.005923945E+02 
       199  3.090020000E-01 -5.999850000E-02  1.666670000E-01  1.004580232E-01  9.826782893E+01 
       200  2.702430000E-01 -5.981060000E-02  1.666670000E-01  9.913340352E-02  1.212205353E+02 
       201  3.501450000E-01 -5.948320000E-02  1.666670000E-01  1.031287502E-01  7.920589873E+01 
       202  2.371580000E-01 -5.904050000E-02  1.666670000E-01  9.490237809E-02  1.461321816E+02 
       203  3.912760000E-01 -5.834330000E-02  1.666670000E-01  1.040840039E-01  6.394522826E+01 
       204  2.087650000E-01 -5.785310000E-02  1.666670000E-01  8.851718399E-02  1.722385126E+02 
       205  4.323880000E-01 -5.666940000E-02  1.666670000E-01  1.036897740E-01  5.201608896E+01 
       206  1.843370000E-01 -5.637740000E-02  1.666670000E-01  8.489007533E-02  2.001304064E+02 
       207  1.631610000E-01 -5.470320000E-02  1.666670000E-01  8.279113107E-02  2.292348158E+02 
       208  4.734800000E-01 -5.453490000E-02  1.666670000E-01  1.042203491E-01  4.234787913E+01 
       209  1.447430000E-01 -5.290180000E-02  1.666670000E-01  7.968790143E-02  2.591090858E+02 
       210  5.145480000E-01 -5.199920000E-02  1.666670000E-01  1.043181507E-01  3.417008392E+01 
       211  1.286980000E-01 -5.102990000E-02  1.666670000E-01  7.545906505E-02  2.894345177E+02 
       212  1.147010000E-01 -4.913170000E-02  1.666670000E-01  7.193688070E-02  3.202319134E+02 
       213  5.555940000E-01 -4.911140000E-02  1.666670000E-01  1.041438969E-01  2.734768753E+01 
       214  1.024830000E-01 -4.724140000E-02  1.666670000E-01  6.893175536E-02  3.511025515E+02 
       215  5.966160000E-01 -4.591080000E-02  1.666670000E-01  1.049427312E-01  2.138069578E+01 
       216  9.180020000E-02 -4.538360000E-02  1.666670000E-01  6.611755231E-02  3.817416649E+02 
       217  8.241830000E-02 -4.357030000E-02  1.666670000E-01  6.359208253E-02  4.119829778E+02 
       218  6.376150000E-01 -4.242870000E-02  1.666670000E-01  1.072010686E-01  1.547928916E+01 
       219  7.419740000E-02 -4.182110000E-02  1.666670000E-01  6.126095164E-02  4.415334516E+02 
       220  6.701180000E-02 -4.015110000E-02  1.666670000E-01  5.875418682E-02  4.700871065E+02 
       221  6.785920000E-01 -3.868960000E-02  1.666670000E-01  1.084004167E-01  1.043948991E+01 
       222  6.066690000E-02 -3.855140000E-02  1.666670000E-01  5.588867810E-02  4.976196429E+02 
       223  5.497740000E-02 -3.700280000E-02  1.666670000E-01  5.257293892E-02  5.243113744E+02 
       224  4.987280000E-02 -3.550830000E-02  1.666670000E-01  4.888297885E-02  5.499940495E+02 
       225  7.195460000E-01 -3.471110000E-02  1.666670000E-01  1.079534939E-01  5.676634565E+00 
       226  4.536520000E-02 -3.409410000E-02  1.666670000E-01  4.501817365E-02  5.740889990E+02 
       227  4.143780000E-02 -3.277970000E-02  1.666670000E-01  4.115358388E-02  5.961960010E+02 
       228  3.801710000E-02 -3.156400000E-02  1.666670000E-01  3.734992435E-02  6.161968407E+02 
       229  7.604770000E-01 -3.050500000E-02  1.666670000E-01  1.070737741E-01  7.253777831E-01 
       230  3.499280000E-02 -3.042700000E-02  1.666670000E-01  3.359468707E-02  6.342632515E+02 
       231  3.226880000E-02 -2.934670000E-02  1.666670000E-01  2.985157373E-02  6.506228411E+02 
       232  2.977200000E-02 -2.830400000E-02  1.666670000E-01  2.606982947E-02  6.654273427E+02 
       233  2.744820000E-02 -2.728280000E-02  1.666670000E-01  2.220133843E-02  6.787312479E+02 
       234  2.525940000E-02 -2.627060000E-02  1.666670000E-01  1.820287851E-02  6.904264823E+02 
       235  8.013850000E-01 -2.607760000E-02  1.666670000E-01  1.071877679E-01 -4.092668509E+00 
       236  2.320170000E-02 -2.526890000E-02  1.666670000E-01  1.406154496E-02  7.002257498E+02 
       237  2.129310000E-02 -2.429080000E-02  1.666670000E-01  9.827766438E-03  7.077039420E+02 
       238  1.955240000E-02 -2.335180000E-02  1.666670000E-01  5.551561924E-03  7.126665146E+02 
       239  1.798620000E-02 -2.246380000E-02  1.666670000E-01  1.929392343E-03  7.150275951E+02 
       240  1.658840000E-02 -2.163240000E-02  1.666670000E-01  2.469024483E-03  7.147668933E+02 
       241  8.422680000E-01 -2.142990000E-02  1.666670000E-01  1.078423913E-01 -1.044291844E+01 
       242  1.534410000E-02 -2.085740000E-02  1.666670000E-01  6.554067967E-03  7.120505817E+02 
       243  1.423520000E-02 -2.013570000E-02  1.666670000E-01  1.063043077E-02  7.070647760E+02 
       244  1.324330000E-02 -1.946240000E-02  1.666670000E-01  1.459792271E-02  6.999548859E+02 
       245  1.235150000E-02 -1.883240000E-02  1.666670000E-01  1.847313211E-02  6.908330038E+02 
       246  1.154480000E-02 -1.823990000E-02  1.666670000E-01  2.225658676E-02  6.798652881E+02 
       247  1.080970000E-02 -1.767950000E-02  1.666670000E-01  2.596155125E-02  6.671488496E+02 
       248  1.013530000E-02 -1.714630000E-02  1.666670000E-01  2.960295666E-02  6.527526098E+02 
       249  9.512770000E-03 -1.663650000E-02  1.666670000E-01  3.319599436E-02  6.367002842E+02 
       250  8.831260000E-01 -1.655780000E-02  1.666670000E-01  1.074708698E-01 -1.796744927E+01 
       251  8.934960000E-03 -1.614650000E-02  1.666670000E-01  3.675161909E-02  6.190071057E+02 
       252  8.396050000E-03 -1.567350000E-02  1.666670000E-01  4.027815978E-02  5.996833365E+02 
       253  7.891340000E-03 -1.521510000E-02  1.666670000E-01  4.378496128E-02  5.787152540E+02 
       254  7.416920000E-03 -1.476940000E-02  1.666670000E-01  4.728138733E-02  5.560717748E+02 
       255  6.969580000E-03 -1.433470000E-02  1.666670000E-01  5.077433471E-02  5.317073712E+02 
       256  6.546680000E-03 -1.390960000E-02  1.666670000E-01  5.426936363E-02  5.055969691E+02 
       257  6.145950000E-03 -1.349290000E-02  1.666670000E-01  5.777273460E-02  4.776790104E+02 
       258  5.765510000E-03 -1.308350000E-02  1.666670000E-01  6.128716116E-02  4.479115413E+02 
       259  5.403770000E-03 -1.268050000E-02  1.666670000E-01  6.481456850E-02  4.162668202E+02 
       260  5.059350000E-03 -1.228310000E-02  1.666670000E-01  6.835869677E-02  3.826905495E+02 
       261  4.731050000E-03 -1.189060000E-02  1.666670000E-01  7.192336576E-02  3.471187086E+02 
       262  4.417880000E-03 -1.150240000E-02  1.666670000E-01  7.550973601E-02  3.094974276E+02 
       263  9.239540000E-01 -1.145240000E-02  1.666670000E-01  1.073893028E-01 -2.633116170E+01 
       264  4.118940000E-03 -1.111790000E-02  1.666670000E-01  7.911728036E-02  2.697965589E+02 
       265  3.833450000E-03 -1.073660000E-02  1.666670000E-01  8.274962479E-02  2.279528174E+02 
       266  3.560760000E-03 -1.035810000E-02  1.666670000E-01  8.642236690E-02  1.838456884E+02 
       267  3.300300000E-03 -9.982020000E-03  1.666670000E-01  9.013980604E-02  1.372882015E+02 
       268  3.051570000E-03 -9.607960000E-03  1.666670000E-01  9.386843944E-02  8.852525516E+01 
       269  2.814130000E-03 -9.235600000E-03  1.666670000E-01  9.759929179E-02  3.767289927E+01 
       270  2.587600000E-03 -8.864650000E-03  1.666670000E-01  1.013495072E-01 -1.550088354E+01 
       271  9.440400000E-01 -8.849910000E-03  1.666670000E-01  1.079310703E-01 -3.500834102E+01 
       272  2.371660000E-03 -8.494850000E-03  1.666670000E-01  1.051186950E-01 -7.098389945E+01 
       273  2.166020000E-03 -8.125940000E-03  1.666670000E-01  1.089052105E-01 -1.287661867E+02 
       274  1.970430000E-03 -7.757700000E-03  1.666670000E-01  1.127087598E-01 -1.888270305E+02 
       275  1.784670000E-03 -7.389930000E-03  1.666670000E-01  1.165194876E-01 -2.511610227E+02 
       276  1.608580000E-03 -7.022470000E-03  1.666670000E-01  1.203281060E-01 -3.153671601E+02 
       277  1.442010000E-03 -6.655140000E-03  1.666670000E-01  1.241471675E-01 -3.814960096E+02 
       278  1.284830000E-03 -6.287810000E-03  1.666670000E-01  1.279826200E-01 -4.500347676E+02 
       279  9.641170000E-01 -6.185660000E-03  1.666670000E-01  1.089626965E-01 -4.499844165E+01 
       280  1.136960000E-03 -5.920410000E-03  1.666670000E-01  1.318221695E-01 -5.208411029E+02 
       281  9.983180000E-04 -5.552820000E-03  1.666670000E-01  1.356538277E-01 -5.936217113E+02 
       282  8.688460000E-04 -5.184960000E-03  1.666670000E-01  1.394697238E-01 -6.681624418E+02 
       283  7.484850000E-04 -4.816800000E-03  1.666670000E-01  1.432669573E-01 -7.443503787E+02 
       284  6.371860000E-04 -4.448310000E-03  1.666670000E-01  1.470417694E-01 -8.221133350E+02 
       285  5.349210000E-04 -4.079440000E-03  1.666670000E-01  1.507852623E-01 -9.012365398E+02 
       286  4.416670000E-04 -3.710190000E-03  1.666670000E-01  1.544906968E-01 -9.814794731E+02 
       287  3.573920000E-04 -3.340560000E-03  1.666670000E-01  1.581550301E-01 -1.062719726E+03 
       288  2.820800000E-04 -2.970550000E-03  1.666670000E-01  1.617709139E-01 -1.144765128E+03 
       289  9.885790000E-01 -2.851310000E-03  1.666670000E-01  1.115795642E-01 -5.936340024E+01 
       290  2.157290000E-04 -2.600180000E-03  1.666670000E-01  1.653271371E-01 -1.227287803E+03 
       291  1.583190000E-04 -2.229460000E-03  1.666670000E-01  1.688182334E-01 -1.310007056E+03 
       292  1.098120000E-04 -1.858440000E-03  1.666670000E-01  1.722450855E-01 -1.392853247E+03 
       293  7.018710000E-05 -1.487150000E-03  1.666670000E-01  1.756030520E-01 -1.475696588E+03 
       294  3.943250000E-05 -1.115630000E-03  1.666670000E-01  1.788838733E-01 -1.558204468E+03 
       295  1.750970000E-05 -7.438980000E-04  1.666670000E-01  1.820883032E-01 -1.640233175E+03 
       296  4.374780000E-06 -3.720100000E-04  1.666670000E-01  1.852231732E-01 -1.721875505E+03 
       297  0.000000000E+00  0.000000000E+00  1.666670000E-01  1.882925495E-01 -1.803151239E+03 
       298  1.008950000E+00  0.000000000E+00  1.666670000E-01  7.061766069E-02 -1.487055218E+02 
       299  4.374780000E-06  3.720100000E-04  1.666670000E-01  1.912955763E-01 -1.883956794E+03 
       300  1.750970000E-05  7.438980000E-04  1.666670000E-01  1.942258387E-01 -1.964038768E+03 
       301  3.943250000E-05  1.115630000E-03  1.666670000E-01  1.970715679E-01 -2.043005663E+03 
       302  7.018710000E-05  1.487150000E-03  1.666670000E-01  1.998172804E-01 -2.120357543E+03 
       303  1.098120000E-04  1.858440000E-03  1.666670000E-01  2.024522871E-01 -2.195608633E+03 
       304  1.583190000E-04  2.229460000E-03  1.666670000E-01  2.049760125E-01 -2.268572703E+03 
       305  2.157290000E-04  2.600180000E-03  1.666670000E-01  2.073850455E-01 -2.339141875E+03 
       306  9.885790000E-01  2.851310000E-03  1.666670000E-01  1.843384858E-02 -1.755063469E+02 
       307  2.820800000E-04  2.970550000E-03  1.666670000E-01  2.096677911E-01 -2.406875420E+03 
       308  3.573920000E-04  3.340560000E-03  1.666670000E-01  2.118197759E-01 -2.471418749E+03 
       309  4.416670000E-04  3.710190000E-03  1.666670000E-01  2.138449207E-01 -2.532804616E+03 
       310  5.349210000E-04  4.079440000E-03  1.666670000E-01  2.157435014E-01 -2.591011340E+03 
       311  6.371860000E-04  4.448310000E-03  1.666670000E-01  2.175113804E-01 -2.645802436E+03 
       312  7.484850000E-04  4.816800000E-03  1.666670000E-01  2.191489445E-01 -2.696988921E+03 
       313  8.688460000E-04  5.184960000E-03  1.666670000E-01  2.206616010E-01 -2.744659364E+03 
       314  9.983180000E-04  5.552820000E-03  1.666670000E-01  2.220476753E-01 -2.788775190E+03 
       315  1.136960000E-03  5.920410000E-03  1.666670000E-01  2.233034211E-01 -2.829031724E+03 
       316  9.641170000E-01  6.185660000E-03  1.666670000E-01  1.423675861E-02 -9.184489197E+01 
       317  1.284830000E-03  6.287810000E-03  1.666670000E-01  2.244340635E-01 -2.865454899E+03 
       318  1.442010000E-03  6.655140000E-03  1.666670000E-01  2.254472695E-01 -2.898290712E+03 
       319  1.608580000E-03  7.022470000E-03  1.666670000E-01  2.263454038E-01 -2.927620875E+03 
       320  1.784670000E-03  7.389930000E-03  1.666670000E-01  2.271290563E-01 -2.953365217E+03 
       321  1.970430000E-03  7.757700000E-03  1.666670000E-01  2.278047136E-01 -2.975601420E+03 
       322  2.166020000E-03  8.125940000E-03  1.666670000E-01  2.283797621E-01 -2.994596641E+03 
       323  2.371660000E-03  8.494850000E-03  1.666670000E-01  2.288553729E-01 -3.010365087E+03 
       324  9.440400000E-01  8.849910000E-03  1.666670000E-01  1.998176100E-02 -4.363143730E+01 
       325  2.587600000E-03  8.864650000E-03  1.666670000E-01  2.292332994E-01 -3.022871334E+03 
       326  2.814130000E-03  9.235600000E-03  1.666670000E-01  2.295199561E-01 -3.032270000E+03 
       327  3.051570000E-03  9.607960000E-03  1.666670000E-01  2.297215022E-01 -3.038743956E+03 
       328  3.300300000E-03  9.982020000E-03  1.666670000E-01  2.298397101E-01 -3.042379836E+03 
       329  3.560760000E-03  1.035810000E-02  1.666670000E-01  2.298782331E-01 -3.043162498E+03 
       330  3.833450000E-03  1.073660000E-02  1.666670000E-01  2.298480542E-01 -3.041400870E+03 
       331  4.118940000E-03  1.111790000E-02  1.666670000E-01  2.297540183E-01 -3.037334967E+03 
       332  9.239540000E-01  1.145240000E-02  1.666670000E-01  2.107240852E-02 -6.623451757E+01 
       333  4.417880000E-03  1.150240000E-02  1.666670000E-01  2.295926077E-01 -3.030806354E+03 
       334  4.731050000E-03  1.189060000E-02  1.666670000E-01  2.293651171E-01 -3.021760158E+03 
       335  5.059350000E-03  1.228310000E-02  1.666670000E-01  2.290806478E-01 -3.010407255E+03 
       336  5.403770000E-03  1.268050000E-02  1.666670000E-01  2.287457493E-01 -2.997017424E+03 
       337  5.765510000E-03  1.308350000E-02  1.666670000E-01  2.283590020E-01 -2.981505522E+03 
       338  6.145950000E-03  1.349290000E-02  1.666670000E-01  2.279203314E-01 -2.963794960E+03 
       339  6.546680000E-03  1.390960000E-02  1.666670000E-01  2.274378967E-01 -2.943972220E+03 
       340  6.969580000E-03  1.433470000E-02  1.666670000E-01  2.269221103E-01 -2.922423910E+03 
       341  7.416920000E-03  1.476940000E-02  1.666670000E-01  2.263714218E-01 -2.899082423E+03 
       342  7.891340000E-03  1.521510000E-02  1.666670000E-01  2.257879115E-01 -2.873688329E+03 
       343  8.396050000E-03  1.567350000E-02  1.666670000E-01  2.251765811E-01 -2.846541997E+03 
       344  8.934960000E-03  1.614650000E-02  1.666670000E-01  2.245289980E-01 -2.817100436E+03 
       345  8.831260000E-01  1.655780000E-02  1.666670000E-01  2.179889985E-02 -1.639616611E+02 
       346  9.512770000E-03  1.663650000E-02  1.666670000E-01  2.238451692E-01 -2.785291971E+03 
       347  1.013530000E-02  1.714630000E-02  1.666670000E-01  2.231403255E-01 -2.751055738E+03 
       348  1.080970000E-02  1.767950000E-02  1.666670000E-01  2.224304886E-01 -2.714936646E+03 
       349  1.154480000E-02  1.823990000E-02  1.666670000E-01  2.217095510E-01 -2.676397715E+03 
       350  1.235150000E-02  1.883240000E-02  1.666670000E-01  2.209719322E-01 -2.634873802E+03 
       351  1.324330000E-02  1.946240000E-02  1.666670000E-01  2.202238037E-01 -2.589981512E+03 
       352  1.423520000E-02  2.013570000E-02  1.666670000E-01  2.194833397E-01 -2.541959683E+03 
       353  1.534410000E-02  2.085740000E-02  1.666670000E-01  2.187550353E-01 -2.490913074E+03 
       354  8.422680000E-01  2.142990000E-02  1.666670000E-01  2.348595929E-02 -2.474880437E+02 
       355  1.658840000E-02  2.163240000E-02  1.666670000E-01  2.180321688E-01 -2.435895904E+03 
       356  1.798620000E-02  2.246380000E-02  1.666670000E-01  2.173244342E-01 -2.377413276E+03 
       357  1.955240000E-02  2.335180000E-02  1.666670000E-01  2.166406006E-01 -2.315877922E+03 
       358  2.129310000E-02  2.429080000E-02  1.666670000E-01  2.158972724E-01 -2.252403199E+03 
       359  2.320170000E-02  2.526890000E-02  1.666670000E-01  2.150445360E-01 -2.187266085E+03 
       360  8.013850000E-01  2.607760000E-02  1.666670000E-01  2.615510430E-02 -2.562301408E+02 
       361  2.525940000E-02  2.627060000E-02  1.666670000E-01  2.140628772E-01 -2.122016326E+03 
       362  2.744820000E-02  2.728280000E-02  1.666670000E-01  2.127756346E-01 -2.058212279E+03 
       363  2.977200000E-02  2.830400000E-02  1.666670000E-01  2.110318936E-01 -1.995471558E+03 
       364  3.226880000E-02  2.934670000E-02  1.666670000E-01  2.087563543E-01 -1.932915135E+03 
       365  3.499280000E-02  3.042700000E-02  1.666670000E-01  2.058188554E-01 -1.871157633E+03 
       366  7.604770000E-01  3.050500000E-02  1.666670000E-01  2.678284712E-02 -2.050068543E+02 
       367  3.801710000E-02  3.156400000E-02  1.666670000E-01  2.019676142E-01 -1.808908511E+03 
       368  4.143780000E-02  3.277970000E-02  1.666670000E-01  1.971764011E-01 -1.744663532E+03 
       369  4.536520000E-02  3.409410000E-02  1.666670000E-01  1.915650270E-01 -1.678872169E+03 
       370  7.195460000E-01  3.471110000E-02  1.666670000E-01  2.823059158E-02 -1.832151132E+02 
       371  4.987280000E-02  3.550830000E-02  1.666670000E-01  1.854786000E-01 -1.611332067E+03 
       372  5.497740000E-02  3.700280000E-02  1.666670000E-01  1.797053876E-01 -1.543257372E+03 
       373  6.066690000E-02  3.855140000E-02  1.666670000E-01  1.744376011E-01 -1.475526839E+03 
       374  6.785920000E-01  3.868960000E-02  1.666670000E-01  3.055378834E-02 -2.114639845E+02 
       375  6.701180000E-02  4.015110000E-02  1.666670000E-01  1.698139419E-01 -1.408402606E+03 
       376  7.419740000E-02  4.182110000E-02  1.666670000E-01  1.655690839E-01 -1.341457025E+03 
       377  6.376150000E-01  4.242870000E-02  1.666670000E-01  2.772844926E-02 -2.262246951E+02 
       378  8.241830000E-02  4.357030000E-02  1.666670000E-01  1.606241936E-01 -1.274163854E+03 
       379  9.180020000E-02  4.538360000E-02  1.666670000E-01  1.549522706E-01 -1.207107318E+03 
       380  5.966160000E-01  4.591080000E-02  1.666670000E-01  2.045322205E-02 -2.117657766E+02 
       381  1.024830000E-01  4.724140000E-02  1.666670000E-01  1.489778927E-01 -1.140712139E+03 
       382  5.555940000E-01  4.911140000E-02  1.666670000E-01  1.149062666E-02 -1.945899118E+02 
       383  1.147010000E-01  4.913170000E-02  1.666670000E-01  1.451477337E-01 -1.073492777E+03 
       384  1.286980000E-01  5.102990000E-02  1.666670000E-01  1.421413494E-01 -1.005960331E+03 
       385  5.145480000E-01  5.199920000E-02  1.666670000E-01  9.169856844E-03 -1.844282968E+02 
       386  1.447430000E-01  5.290180000E-02  1.666670000E-01  1.351337982E-01 -9.391623728E+02 
       387  4.734800000E-01  5.453490000E-02  1.666670000E-01  2.558283712E-02 -2.035506752E+02 
       388  1.631610000E-01  5.470320000E-02  1.666670000E-01  1.283987000E-01 -8.715381152E+02 
       389  1.843370000E-01  5.637740000E-02  1.666670000E-01  1.226825160E-01 -8.031559006E+02 
       390  4.323880000E-01  5.666940000E-02  1.666670000E-01  5.059894951E-02 -2.677605450E+02 
       391  2.087650000E-01  5.785310000E-02  1.666670000E-01  1.122194592E-01 -7.334367184E+02 
       392  3.912760000E-01  5.834330000E-02  1.666670000E-01  6.598467142E-02 -3.499569721E+02 
       393  2.371580000E-01  5.904050000E-02  1.666670000E-01  9.588976939E-02 -6.629651547E+02 
       394  3.501450000E-01  5.948320000E-02  1.666670000E-01  7.162770320E-02 -4.306914580E+02 
       395  2.702430000E-01  5.981060000E-02  1.666670000E-01  8.458536996E-02 -5.881204321E+02 
       396  3.090020000E-01  5.999850000E-02  1.666670000E-01  7.787203098E-02 -5.092917073E+02 
       397  3.090020000E-01 -5.999850000E-02  3.333330000E-01  1.004579579E-01  9.833889778E+01 
       398  2.702430000E-01 -5.981060000E-02  3.333330000E-01  9.913238222E-02  1.212822603E+02 
       399  3.501450000E-01 -5.948320000E-02  3.333330000E-01  1.031302365E-01  7.928845729E+01 
       400  2.371580000E-01 -5.904050000E-02  3.333330000E-01  9.490104055E-02  1.461872750E+02 
       401  3.912760000E-01 -5.834330000E-02  3.333330000E-01  1.040865443E-01  6.404150542E+01 
       402  2.087650000E-01 -5.785310000E-02  3.333330000E-01  8.851696730E-02  1.722898242E+02 
       403  4.323880000E-01 -5.666940000E-02  3.333330000E-01  1.036933526E-01  5.212946046E+01 
       404  1.843370000E-01 -5.637740000E-02  3.333330000E-01  8.489124244E-02  2.001799599E+02 
       405  1.631610000E-01 -5.470320000E-02  3.333330000E-01  8.279301643E-02  2.292842838E+02 
       406  4.734800000E-01 -5.453490000E-02  3.333330000E-01  1.042255229E-01  4.248547393E+01 
       407  1.447430000E-01 -5.290180000E-02  3.333330000E-01  7.969085625E-02  2.591597707E+02 
       408  5.145480000E-01 -5.199920000E-02  3.333330000E-01  1.043244321E-01  3.434424032E+01 
       409  1.286980000E-01 -5.102990000E-02  3.333330000E-01  7.546293788E-02  2.894873256E+02 
       410  1.147010000E-01 -4.913170000E-02  3.333330000E-01  7.194076214E-02  3.202871132E+02 
       411  5.555940000E-01 -4.911140000E-02  3.333330000E-01  1.041525429E-01  2.757742483E+01 
       412  1.024830000E-01 -4.724140000E-02  3.333330000E-01  6.893657345E-02  3.511603966E+02 
       413  5.966160000E-01 -4.591080000E-02  3.333330000E-01  1.049539400E-01  2.169294605E+01 
       414  9.180020000E-02 -4.538360000E-02  3.333330000E-01  6.612393377E-02  3.818023202E+02 
       415  8.241830000E-02 -4.357030000E-02  3.333330000E-01  6.359854921E-02  4.120456626E+02 
       416  6.376150000E-01 -4.242870000E-02  3.333330000E-01  1.072151506E-01  1.591651692E+01 
       417  7.419740000E-02 -4.182110000E-02  3.333330000E-01  6.126586794E-02  4.415975340E+02 
       418  6.701180000E-02 -4.015110000E-02  3.333330000E-01  5.875670209E-02  4.701520281E+02 
       419  6.785920000E-01 -3.868960000E-02  3.333330000E-01  1.084231238E-01  1.105385081E+01 
       420  6.066690000E-02 -3.855140000E-02  3.333330000E-01  5.588925573E-02  4.976848170E+02 
       421  5.497740000E-02 -3.700280000E-02  3.333330000E-01  5.257290378E-02  5.243757193E+02 
       422  4.987280000E-02 -3.550830000E-02  3.333330000E-01  4.888320820E-02  5.500561939E+02 
       423  7.195460000E-01 -3.471110000E-02  3.333330000E-01  1.079836192E-01  6.538782297E+00 
       424  4.536520000E-02 -3.409410000E-02  3.333330000E-01  4.501846364E-02  5.741477058E+02 
       425  4.143780000E-02 -3.277970000E-02  3.333330000E-01  4.115313249E-02  5.962498935E+02 
       426  3.801710000E-02 -3.156400000E-02  3.333330000E-01  3.734800846E-02  6.162445852E+02 
       427  7.604770000E-01 -3.050500000E-02  3.333330000E-01  1.070899688E-01  1.954415610E+00 
       428  3.499280000E-02 -3.042700000E-02  3.333330000E-01  3.359092202E-02  6.343035737E+02 
       429  3.226880000E-02 -2.934670000E-02  3.333330000E-01  2.984569233E-02  6.506543983E+02 
       430  2.977200000E-02 -2.830400000E-02  3.333330000E-01  2.606144714E-02  6.654486011E+02 
       431  2.744820000E-02 -2.728280000E-02  3.333330000E-01  2.219003594E-02  6.787404486E+02 
       432  2.525940000E-02 -2.627060000E-02  3.333330000E-01  1.818819100E-02  6.904216184E+02 
       433  8.013850000E-01 -2.607760000E-02  3.333330000E-01  1.072244272E-01 -2.372752096E+00 
       434  2.320170000E-02 -2.526890000E-02  3.333330000E-01  1.404284236E-02  7.002044046E+02 
       435  2.129310000E-02 -2.429080000E-02  3.333330000E-01  9.803384642E-03  7.076641660E+02 
       436  1.955240000E-02 -2.335180000E-02  3.333330000E-01  5.516694386E-03  7.126059689E+02 
       437  1.798620000E-02 -2.246380000E-02  3.333330000E-01  1.941001232E-03  7.149458263E+02 
       438  1.658840000E-02 -2.163240000E-02  3.333330000E-01  2.523156414E-03  7.146661776E+02 
       439  8.422680000E-01 -2.142990000E-02  3.333330000E-01  1.079117774E-01 -8.166540218E+00 
       440  1.534410000E-02 -2.085740000E-02  3.333330000E-01  6.592933856E-03  7.119298230E+02 
       441  1.423520000E-02 -2.013570000E-02  3.333330000E-01  1.066401638E-02  7.069218411E+02 
       442  1.324330000E-02 -1.946240000E-02  3.333330000E-01  1.463077950E-02  6.997885664E+02 
       443  1.235150000E-02 -1.883240000E-02  3.333330000E-01  1.850671433E-02  6.906414719E+02 
       444  1.154480000E-02 -1.823990000E-02  3.333330000E-01  2.229112808E-02  6.796473024E+02 
       445  1.080970000E-02 -1.767950000E-02  3.333330000E-01  2.599695519E-02  6.669033083E+02 
       446  1.013530000E-02 -1.714630000E-02  3.333330000E-01  2.963905642E-02  6.524785253E+02 
       447  9.512770000E-03 -1.663650000E-02  3.333330000E-01  3.323263822E-02  6.363967195E+02 
       448  8.831260000E-01 -1.655780000E-02  3.333330000E-01  1.075502710E-01 -1.514350939E+01 
       449  8.934960000E-03 -1.614650000E-02  3.333330000E-01  3.678868819E-02  6.186731820E+02 
       450  8.396050000E-03 -1.567350000E-02  3.333330000E-01  4.031556075E-02  5.993182437E+02 
       451  7.891340000E-03 -1.521510000E-02  3.333330000E-01  4.382262990E-02  5.783182183E+02 
       452  7.416920000E-03 -1.476940000E-02  3.333330000E-01  4.731927908E-02  5.556420311E+02 
       453  6.969580000E-03 -1.433470000E-02  3.333330000E-01  5.081241690E-02  5.312441595E+02 
       454  6.546680000E-03 -1.390960000E-02  3.333330000E-01  5.430761328E-02  5.050995855E+02 
       455  6.145950000E-03 -1.349290000E-02  3.333330000E-01  5.781113252E-02  4.771467357E+02 
       456  5.765510000E-03 -1.308350000E-02  3.333330000E-01  6.132569154E-02  4.473436993E+02 
       457  5.403770000E-03 -1.268050000E-02  3.333330000E-01  6.485321704E-02  4.156627856E+02 
       458  5.059350000E-03 -1.228310000E-02  3.333330000E-01  6.839744593E-02  3.820497301E+02 
       459  4.731050000E-03 -1.189060000E-02  3.333330000E-01  7.196219832E-02  3.464405391E+02 
       460  4.417880000E-03 -1.150240000E-02  3.333330000E-01  7.554863707E-02  3.087813564E+02 
       461  9.239540000E-01 -1.145240000E-02  3.333330000E-01  1.075260064E-01 -2.313222413E+01 
       462  4.118940000E-03 -1.111790000E-02  3.333330000E-01  7.915623676E-02  2.690421133E+02 
       463  3.833450000E-03 -1.073660000E-02  3.333330000E-01  8.278860623E-02  2.271596006E+02 
       464  3.560760000E-03 -1.035810000E-02  3.333330000E-01  8.646130038E-02  1.830134426E+02 
       465  3.300300000E-03 -9.982020000E-03  3.333330000E-01  9.017870962E-02  1.364165110E+02 
       466  3.051570000E-03 -9.607960000E-03  3.333330000E-01  9.390745285E-02  8.761206299E+01 
       467  2.814130000E-03 -9.235600000E-03  3.333330000E-01  9.763836358E-02  3.671794941E+01 
       468  2.587600000E-03 -8.864650000E-03  3.333330000E-01  1.013884924E-01 -1.649636664E+01 
       469  9.440400000E-01 -8.849910000E-03  3.333330000E-01  1.081271490E-01 -3.164704013E+01 
       470  2.371660000E-03 -8.494850000E-03  3.333330000E-01  1.051575558E-01 -7.202011619E+01 
       471  2.166020000E-03 -8.125940000E-03  3.333330000E-01  1.089439166E-01 -1.298430622E+02 
       472  1.970430000E-03 -7.757700000E-03  3.333330000E-01  1.127472893E-01 -1.899443066E+02 
       473  1.784670000E-03 -7.389930000E-03  3.333330000E-01  1.165577357E-01 -2.523183893E+02 
       474  1.608580000E-03 -7.022470000E-03  3.333330000E-01  1.203660229E-01 -3.165605600E+02 
       475  1.442010000E-03 -6.655140000E-03  3.333330000E-01  1.241848750E-01 -3.827266434E+02 
       476  1.284830000E-03 -6.287810000E-03  3.333330000E-01  1.280201307E-01 -4.513067982E+02 
       477  9.641170000E-01 -6.185660000E-03  3.333330000E-01  1.091982929E-01 -4.142666218E+01 
       478  1.136960000E-03 -5.920410000E-03  3.333330000E-01  1.318593911E-01 -5.221525963E+02 
       479  9.983180000E-04 -5.552820000E-03  3.333330000E-01  1.356907101E-01 -5.949712184E+02 
       480  8.688460000E-04 -5.184960000E-03  3.333330000E-01  1.395062246E-01 -6.695490519E+02 
       481  7.484850000E-04 -4.816800000E-03  3.333330000E-01  1.433030335E-01 -7.457730953E+02 
       482  6.371860000E-04 -4.448310000E-03  3.333330000E-01  1.470773786E-01 -8.235710302E+02 
       483  5.349210000E-04 -4.079440000E-03  3.333330000E-01  1.508203623E-01 -9.027280308E+02 
       484  4.416670000E-04 -3.710190000E-03  3.333330000E-01  1.545252439E-01 -9.830033928E+02 
       485  3.573920000E-04 -3.340560000E-03  3.333330000E-01  1.581889819E-01 -1.064274637E+03 
       486  2.820800000E-04 -2.970550000E-03  3.333330000E-01  1.618042275E-01 -1.146349493E+03 
       487  9.885790000E-01 -2.851310000E-03  3.333330000E-01  1.119151728E-01 -5.461992327E+01 
       488  2.157290000E-04 -2.600180000E-03  3.333330000E-01  1.653597680E-01 -1.228899926E+03 
       489  1.583190000E-04 -2.229460000E-03  3.333330000E-01  1.688501372E-01 -1.311645114E+03 
       490  1.098120000E-04 -1.858440000E-03  3.333330000E-01  1.722762210E-01 -1.394515400E+03 
       491  7.018710000E-05 -1.487150000E-03  3.333330000E-01  1.756333796E-01 -1.477380974E+03 
       492  3.943250000E-05 -1.115630000E-03  3.333330000E-01  1.789133544E-01 -1.559909138E+03 
       493  1.750970000E-05 -7.438980000E-04  3.333330000E-01  1.821169020E-01 -1.641956162E+03 
       494  4.374780000E-06 -3.720100000E-04  3.333330000E-01  1.852508584E-01 -1.723614912E+03 
       495  0.000000000E+00  0.000000000E+00  3.333330000E-01  1.883192946E-01 -1.804905212E+03 
       496  1.008950000E+00  0.000000000E+00  3.333330000E-01  7.194211068E-02 -1.495387498E+02 
       497  4.374780000E-06  3.720100000E-04  3.333330000E-01  1.913213570E-01 -1.885723481E+03 
       498  1.750970000E-05  7.438980000E-04  3.333330000E-01  1.942506315E-01 -1.965816285E+03 
       499  3.943250000E-05  1.115630000E-03  3.333330000E-01  1.970953488E-01 -2.044792057E+03 
       500  7.018710000E-05  1.487150000E-03  3.333330000E-01  1.998400241E-01 -2.122150733E+03 
       501  1.098120000E-04  1.858440000E-03  3.333330000E-01  2.024739678E-01 -2.197406495E+03 
       502  1.583190000E-04  2.229460000E-03  3.333330000E-01  2.049966035E-01 -2.270373041E+03 
       503  2.157290000E-04  2.600180000E-03  3.333330000E-01  2.074045261E-01 -2.340942563E+03 
       504  9.885790000E-01  2.851310000E-03  3.333330000E-01  1.717235095E-02 -1.791650839E+02 
       505  2.820800000E-04  2.970550000E-03  3.333330000E-01  2.096861455E-01 -2.408674529E+03 
       506  3.573920000E-04  3.340560000E-03  3.333330000E-01  2.118369888E-01 -2.473214283E+03 
       507  4.416670000E-04  3.710190000E-03  3.333330000E-01  2.138609820E-01 -2.534594559E+03 
       508  5.349210000E-04  4.079440000E-03  3.333330000E-01  2.157583936E-01 -2.592793917E+03 
       509  6.371860000E-04  4.448310000E-03  3.333330000E-01  2.175250815E-01 -2.647575945E+03 
       510  7.484850000E-04  4.816800000E-03  3.333330000E-01  2.191614446E-01 -2.698751706E+03 
       511  8.688460000E-04  5.184960000E-03  3.333330000E-01  2.206728984E-01 -2.746409964E+03 
       512  9.983180000E-04  5.552820000E-03  3.333330000E-01  2.220577740E-01 -2.790512288E+03 
       513  1.136960000E-03  5.920410000E-03  3.333330000E-01  2.233123430E-01 -2.830753688E+03 
       514  9.641170000E-01  6.185660000E-03  3.333330000E-01  7.005694139E-03 -8.373382341E+01 
       515  1.284830000E-03  6.287810000E-03  3.333330000E-01  2.244418244E-01 -2.867160599E+03 
       516  1.442010000E-03  6.655140000E-03  3.333330000E-01  2.254538714E-01 -2.899979596E+03 
       517  1.608580000E-03  7.022470000E-03  3.333330000E-01  2.263508579E-01 -2.929292228E+03 
       518  1.784670000E-03  7.389930000E-03  3.333330000E-01  2.271333774E-01 -2.955018421E+03 
       519  1.970430000E-03  7.757700000E-03  3.333330000E-01  2.278079192E-01 -2.977235831E+03 
       520  2.166020000E-03  8.125940000E-03  3.333330000E-01  2.283818760E-01 -2.996211936E+03 
       521  2.371660000E-03  8.494850000E-03  3.333330000E-01  2.288564218E-01 -3.011961216E+03 
       522  9.440400000E-01  8.849910000E-03  3.333330000E-01  1.081878996E-02 -2.639728098E+01 
       523  2.587600000E-03  8.864650000E-03  3.333330000E-01  2.292333099E-01 -3.024448357E+03 
       524  2.814130000E-03  9.235600000E-03  3.333330000E-01  2.295189558E-01 -3.033828012E+03 
       525  3.051570000E-03  9.607960000E-03  3.333330000E-01  2.297195211E-01 -3.040283136E+03 
       526  3.300300000E-03  9.982020000E-03  3.333330000E-01  2.298367791E-01 -3.043900556E+03 
       527  3.560760000E-03  1.035810000E-02  3.333330000E-01  2.298743802E-01 -3.044665297E+03 
       528  3.833450000E-03  1.073660000E-02  3.333330000E-01  2.298433035E-01 -3.042886408E+03 
       529  4.118940000E-03  1.111790000E-02  3.333330000E-01  2.297483948E-01 -3.038803832E+03 
       530  9.239540000E-01  1.145240000E-02  3.333330000E-01  1.545817802E-02 -6.190021693E+01 
       531  4.417880000E-03  1.150240000E-02  3.333330000E-01  2.295861354E-01 -3.032259340E+03 
       532  4.731050000E-03  1.189060000E-02  3.333330000E-01  2.293578124E-01 -3.023198283E+03 
       533  5.059350000E-03  1.228310000E-02  3.333330000E-01  2.290725197E-01 -3.011831521E+03 
       534  5.403770000E-03  1.268050000E-02  3.333330000E-01  2.287368013E-01 -2.998428837E+03 
       535  5.765510000E-03  1.308350000E-02  3.333330000E-01  2.283492283E-01 -2.982905107E+03 
       536  6.145950000E-03  1.349290000E-02  3.333330000E-01  2.279097142E-01 -2.965183813E+03 
       537  6.546680000E-03  1.390960000E-02  3.333330000E-01  2.274264043E-01 -2.945351563E+03 
       538  6.969580000E-03  1.433470000E-02  3.333330000E-01  2.269096933E-01 -2.923794949E+03 
       539  7.416920000E-03  1.476940000E-02  3.333330000E-01  2.263580071E-01 -2.900446440E+03 
       540  7.891340000E-03  1.521510000E-02  3.333330000E-01  2.257734008E-01 -2.875046588E+03 
       541  8.396050000E-03  1.567350000E-02  3.333330000E-01  2.251608463E-01 -2.847895635E+03 
       542  8.934960000E-03  1.614650000E-02  3.333330000E-01  2.245118796E-01 -2.818450720E+03 
       543  8.831260000E-01  1.655780000E-02  3.333330000E-01  1.975550822E-02 -1.852085335E+02 
       544  9.512770000E-03  1.663650000E-02  3.333330000E-01  2.238264798E-01 -2.786640108E+03 
       545  1.013530000E-02  1.714630000E-02  3.333330000E-01  2.231198223E-01 -2.752403380E+03 
       546  1.080970000E-02  1.767950000E-02  3.333330000E-01  2.224078401E-01 -2.716285229E+03 
       547  1.154480000E-02  1.823990000E-02  3.333330000E-01  2.216843389E-01 -2.677747808E+03 
       548  1.235150000E-02  1.883240000E-02  3.333330000E-01  2.209436909E-01 -2.636226321E+03 
       549  1.324330000E-02  1.946240000E-02  3.333330000E-01  2.201920022E-01 -2.591338094E+03 
       550  1.423520000E-02  2.013570000E-02  3.333330000E-01  2.194473816E-01 -2.543321457E+03 
       551  1.534410000E-02  2.085740000E-02  3.333330000E-01  2.187142854E-01 -2.492280835E+03 
       552  8.422680000E-01  2.142990000E-02  3.333330000E-01  2.275718973E-02 -2.574554351E+02 
       553  1.658840000E-02  2.163240000E-02  3.333330000E-01  2.179860290E-01 -2.437270927E+03 
       554  1.798620000E-02  2.246380000E-02  3.333330000E-01  2.172724765E-01 -2.378796860E+03 
       555  1.955240000E-02  2.335180000E-02  3.333330000E-01  2.165826509E-01 -2.317272054E+03 
       556  2.129310000E-02  2.429080000E-02  3.333330000E-01  2.158338841E-01 -2.253809223E+03 
       557  2.320170000E-02  2.526890000E-02  3.333330000E-01  2.149769084E-01 -2.188686072E+03 
       558  8.013850000E-01  2.607760000E-02  3.333330000E-01  2.664507249E-02 -2.288909493E+02 
       559  2.525940000E-02  2.627060000E-02  3.333330000E-01  2.139927201E-01 -2.123452010E+03 
       560  2.744820000E-02  2.728280000E-02  3.333330000E-01  2.127052018E-01 -2.059665149E+03 
       561  2.977200000E-02  2.830400000E-02  3.333330000E-01  2.109636387E-01 -1.996941442E+03 
       562  3.226880000E-02  2.934670000E-02  3.333330000E-01  2.086918282E-01 -1.934425342E+03 
       563  3.499280000E-02  3.042700000E-02  3.333330000E-01  2.057581857E-01 -1.872679538E+03 
       564  7.604770000E-01  3.050500000E-02  3.333330000E-01  2.797322900E-02 -1.928035044E+02 
       565  3.801710000E-02  3.156400000E-02  3.333330000E-01  2.019121944E-01 -1.810436574E+03 
       566  4.143780000E-02  3.277970000E-02  3.333330000E-01  1.971263955E-01 -1.746237073E+03 
       567  4.536520000E-02  3.409410000E-02  3.333330000E-01  1.915197714E-01 -1.680462841E+03 
       568  7.195460000E-01  3.471110000E-02  3.333330000E-01  2.946747137E-02 -2.059101819E+02 
       569  4.987280000E-02  3.550830000E-02  3.333330000E-01  1.854383071E-01 -1.612972859E+03 
       570  5.497740000E-02  3.700280000E-02  3.333330000E-01  1.796683076E-01 -1.544939764E+03 
       571  6.066690000E-02  3.855140000E-02  3.333330000E-01  1.744001431E-01 -1.477242118E+03 
       572  6.785920000E-01  3.868960000E-02  3.333330000E-01  3.107586153E-02 -2.210825279E+02 
       573  6.701180000E-02  4.015110000E-02  3.333330000E-01  1.697711220E-01 -1.410178261E+03 
       574  7.419740000E-02  4.182110000E-02  3.333330000E-01  1.655156397E-01 -1.343293462E+03 
       575  6.376150000E-01  4.242870000E-02  3.333330000E-01  2.736721807E-02 -2.155262653E+02 
       576  8.241830000E-02  4.357030000E-02  3.333330000E-01  1.605547838E-01 -1.276085231E+03 
       577  9.180020000E-02  4.538360000E-02  3.333330000E-01  1.548672655E-01 -1.209116612E+03 
       578  5.966160000E-01  4.591080000E-02  3.333330000E-01  1.880172969E-02 -2.103638550E+02 
       579  1.024830000E-01  4.724140000E-02  3.333330000E-01  1.488895973E-01 -1.142842531E+03 
       580  5.555940000E-01  4.911140000E-02  3.333330000E-01  1.019849190E-02 -2.074728196E+02 
       581  1.147010000E-01  4.913170000E-02  3.333330000E-01  1.450708062E-01 -1.075778521E+03 
       582  1.286980000E-01  5.102990000E-02  3.333330000E-01  1.421023298E-01 -1.008432587E+03 
       583  5.145480000E-01  5.199920000E-02  3.333330000E-01  9.247784582E-03 -2.055085911E+02 
       584  1.447430000E-01  5.290180000E-02  3.333330000E-01  1.351535769E-01 -9.418653881E+02 
       585  4.734800000E-01  5.453490000E-02  3.333330000E-01  2.648252156E-02 -2.312873368E+02 
       586  1.631610000E-01  5.470320000E-02  3.333330000E-01  1.284230356E-01 -8.745574210E+02 
       587  1.843370000E-01  5.637740000E-02  3.333330000E-01  1.226759199E-01 -8.065963191E+02 
       588  4.323880000E-01  5.666940000E-02  3.333330000E-01  5.128850211E-02 -2.918314815E+02 
       589  2.087650000E-01  5.785310000E-02  3.333330000E-01  1.121794484E-01 -7.374555600E+02 
       590  3.912760000E-01  5.834330000E-02  3.333330000E-01  6.561435796E-02 -3.662232401E+02 
       591  2.371580000E-01  5.904050000E-02  3.333330000E-01  9.577420984E-02 -6.678483083E+02 
       592  3.501450000E-01  5.948320000E-02  3.333330000E-01  7.116591763E-02 -4.420383205E+02 
       593  2.702430000E-01  5.981060000E-02  3.333330000E-01  8.439265831E-02 -5.943198416E+02 
       594  3.090020000E-01  5.999850000E-02  3.333330000E-01  7.758186115E-02 -5.174985325E+02 
       595  3.090020000E-01 -5.999850000E-02  5.000000000E-01  1.004579869E-01  9.836930842E+01 
       596  2.702430000E-01 -5.981060000E-02  5.000000000E-01  9.913193948E-02  1.213091193E+02 
       597  3.501450000E-01 -5.948320000E-02  5.000000000E-01  1.031310896E-01  7.932263065E+01 
       598  2.371580000E-01 -5.904050000E-02  5.000000000E-01  9.490042518E-02  1.462113831E+02 
       599  3.912760000E-01 -5.834330000E-02  5.000000000E-01  1.040880427E-01  6.407935515E+01 
       600  2.087650000E-01 -5.785310000E-02  5.000000000E-01  8.851680874E-02  1.723122614E+02 
       601  4.323880000E-01 -5.666940000E-02  5.000000000E-01  1.036955548E-01  5.217081492E+01 
       602  1.843370000E-01 -5.637740000E-02  5.000000000E-01  8.489161624E-02  2.002015162E+02 
       603  1.631610000E-01 -5.470320000E-02  5.000000000E-01  8.279349127E-02  2.293056322E+02 
       604  4.734800000E-01 -5.453490000E-02  5.000000000E-01  1.042286355E-01  4.253107349E+01 
       605  1.447430000E-01 -5.290180000E-02  5.000000000E-01  7.969190521E-02  2.591815081E+02 
       606  5.145480000E-01 -5.199920000E-02  5.000000000E-01  1.043282112E-01  3.439607370E+01 
       607  1.286980000E-01 -5.102990000E-02  5.000000000E-01  7.546479109E-02  2.895098655E+02 
       608  1.147010000E-01 -4.913170000E-02  5.000000000E-01  7.194276834E-02  3.203104891E+02 
       609  5.555940000E-01 -4.911140000E-02  5.000000000E-01  1.041580682E-01  2.763763664E+01 
       610  1.024830000E-01 -4.724140000E-02  5.000000000E-01  6.893912418E-02  3.511847199E+02 
       611  5.966160000E-01 -4.591080000E-02  5.000000000E-01  1.049615203E-01  2.176442429E+01 
       612  9.180020000E-02 -4.538360000E-02  5.000000000E-01  6.612739588E-02  3.818276850E+02 
       613  8.241830000E-02 -4.357030000E-02  5.000000000E-01  6.360217159E-02  4.120716795E+02 
       614  6.376150000E-01 -4.242870000E-02  5.000000000E-01  1.072247690E-01  1.600394956E+01 
       615  7.419740000E-02 -4.182110000E-02  5.000000000E-01  6.126881119E-02  4.416239096E+02 
       616  6.701180000E-02 -4.015110000E-02  5.000000000E-01  5.875851824E-02  4.701785069E+02 
       617  6.785920000E-01 -3.868960000E-02  5.000000000E-01  1.084378577E-01  1.115581099E+01 
       618  6.066690000E-02 -3.855140000E-02  5.000000000E-01  5.589019379E-02  4.977110646E+02 
       619  5.497740000E-02 -3.700280000E-02  5.000000000E-01  5.257362413E-02  5.244013335E+02 
       620  4.987280000E-02 -3.550830000E-02  5.000000000E-01  4.888410363E-02  5.500806489E+02 
       621  7.195460000E-01 -3.471110000E-02  5.000000000E-01  1.080057567E-01  6.645562924E+00 
       622  4.536520000E-02 -3.409410000E-02  5.000000000E-01  4.501940390E-02  5.741704015E+02 
       623  4.143780000E-02 -3.277970000E-02  5.000000000E-01  4.115373569E-02  5.962702570E+02 
       624  3.801710000E-02 -3.156400000E-02  5.000000000E-01  3.734795710E-02  6.162620547E+02 
       625  7.604770000E-01 -3.050500000E-02  5.000000000E-01  1.071133204E-01  2.053935321E+00 
       626  3.499280000E-02 -3.042700000E-02  5.000000000E-01  3.359002309E-02  6.343176070E+02 
       627  3.226880000E-02 -2.934670000E-02  5.000000000E-01  2.984373584E-02  6.506644217E+02 
       628  2.977200000E-02 -2.830400000E-02  5.000000000E-01  2.605811643E-02  6.654539634E+02 
       629  2.744820000E-02 -2.728280000E-02  5.000000000E-01  2.218499894E-02  6.787404112E+02 
       630  2.525940000E-02 -2.627060000E-02  5.000000000E-01  1.818121130E-02  6.904153126E+02 
       631  8.013850000E-01 -2.607760000E-02  5.000000000E-01  1.072571763E-01 -2.323710966E+00 
       632  2.320170000E-02 -2.526890000E-02  5.000000000E-01  1.403394918E-02  7.001908164E+02 
       633  2.129310000E-02 -2.429080000E-02  5.000000000E-01  9.793252232E-03  7.076419720E+02 
       634  1.955240000E-02 -2.335180000E-02  5.000000000E-01  5.506443207E-03  7.125750417E+02 
       635  1.798620000E-02 -2.246380000E-02  5.000000000E-01  1.936751128E-03  7.149064412E+02 
       636  1.658840000E-02 -2.163240000E-02  5.000000000E-01  2.528357868E-03  7.146184875E+02 
       637  8.422680000E-01 -2.142990000E-02  5.000000000E-01  1.079555076E-01 -8.290455553E+00 
       638  1.534410000E-02 -2.085740000E-02  5.000000000E-01  6.603082215E-03  7.118743068E+02 
       639  1.423520000E-02 -2.013570000E-02  5.000000000E-01  1.067630895E-02  7.068573189E+02 
       640  1.324330000E-02 -1.946240000E-02  5.000000000E-01  1.464437789E-02  6.997137937E+02 
       641  1.235150000E-02 -1.883240000E-02  5.000000000E-01  1.852099829E-02  6.905560408E+02 
       642  1.154480000E-02 -1.823990000E-02  5.000000000E-01  2.230578730E-02  6.795507400E+02 
       643  1.080970000E-02 -1.767950000E-02  5.000000000E-01  2.601180620E-02  6.667952349E+02 
       644  1.013530000E-02 -1.714630000E-02  5.000000000E-01  2.965399300E-02  6.523585846E+02 
       645  9.512770000E-03 -1.663650000E-02  5.000000000E-01  3.324759720E-02  6.362645796E+02 
       646  8.831260000E-01 -1.655780000E-02  5.000000000E-01  1.076056463E-01 -1.566933792E+01 
       647  8.934960000E-03 -1.614650000E-02  5.000000000E-01  3.680363163E-02  6.185285376E+02 
       648  8.396050000E-03 -1.567350000E-02  5.000000000E-01  4.033046345E-02  5.991608243E+02 
       649  7.891340000E-03 -1.521510000E-02  5.000000000E-01  4.383747785E-02  5.781477749E+02 
       650  7.416920000E-03 -1.476940000E-02  5.000000000E-01  4.733406451E-02  5.554583265E+02 
       651  6.969580000E-03 -1.433470000E-02  5.000000000E-01  5.082713507E-02  5.310469674E+02 
       652  6.546680000E-03 -1.390960000E-02  5.000000000E-01  5.432226172E-02  5.048887113E+02 
       653  6.145950000E-03 -1.349290000E-02  5.000000000E-01  5.782570844E-02  4.769219875E+02 
       654  5.765510000E-03 -1.308350000E-02  5.000000000E-01  6.134019207E-02  4.471049132E+02 
       655  5.403770000E-03 -1.268050000E-02  5.000000000E-01  6.486763859E-02  4.154098269E+02 
       656  5.059350000E-03 -1.228310000E-02  5.000000000E-01  6.841178185E-02  3.817824903E+02 
       657  4.731050000E-03 -1.189060000E-02  5.000000000E-01  7.197644109E-02  3.461589316E+02 
       658  4.417880000E-03 -1.150240000E-02  5.000000000E-01  7.556277964E-02  3.084853106E+02 
       659  9.239540000E-01 -1.145240000E-02  5.000000000E-01  1.076250661E-01 -2.433681409E+01 
       660  4.118940000E-03 -1.111790000E-02  5.000000000E-01  7.917027239E-02  2.687316009E+02 
       661  3.833450000E-03 -1.073660000E-02  5.000000000E-01  8.280251851E-02  2.268346424E+02 
       662  3.560760000E-03 -1.035810000E-02  5.000000000E-01  8.647504846E-02  1.826741506E+02 
       663  3.300300000E-03 -9.982020000E-03  5.000000000E-01  9.019229875E-02  1.360629551E+02 
       664  3.051570000E-03 -9.607960000E-03  5.000000000E-01  9.392095617E-02  8.724340753E+01 
       665  2.814130000E-03 -9.235600000E-03  5.000000000E-01  9.765175636E-02  3.633426373E+01 
       666  2.587600000E-03 -8.864650000E-03  5.000000000E-01  1.014016984E-01 -1.689419544E+01 
       667  9.440400000E-01 -8.849910000E-03  5.000000000E-01  1.082873393E-01 -3.353191058E+01 
       668  2.371660000E-03 -8.494850000E-03  5.000000000E-01  1.051705542E-01 -7.243194526E+01 
       669  2.166020000E-03 -8.125940000E-03  5.000000000E-01  1.089566905E-01 -1.302686059E+02 
       670  1.970430000E-03 -7.757700000E-03  5.000000000E-01  1.127598260E-01 -1.903831948E+02 
       671  1.784670000E-03 -7.389930000E-03  5.000000000E-01  1.165699837E-01 -2.527702227E+02 
       672  1.608580000E-03 -7.022470000E-03  5.000000000E-01  1.203779564E-01 -3.170232178E+02 
       673  1.442010000E-03 -6.655140000E-03  5.000000000E-01  1.241965478E-01 -3.832004306E+02 
       674  1.284830000E-03 -6.287810000E-03  5.000000000E-01  1.280315466E-01 -4.517933677E+02 
       675  9.641170000E-01 -6.185660000E-03  5.000000000E-01  1.093737913E-01 -4.428597118E+01 
       676  1.136960000E-03 -5.920410000E-03  5.000000000E-01  1.318705058E-01 -5.226507990E+02 
       677  9.983180000E-04 -5.552820000E-03  5.000000000E-01  1.357014988E-01 -5.954801682E+02 
       678  8.688460000E-04 -5.184960000E-03  5.000000000E-01  1.395166654E-01 -6.700680657E+02 
       679  7.484850000E-04 -4.816800000E-03  5.000000000E-01  1.433131049E-01 -7.463014704E+02 
       680  6.371860000E-04 -4.448310000E-03  5.000000000E-01  1.470870599E-01 -8.241080531E+02 
       681  5.349210000E-04 -4.079440000E-03  5.000000000E-01  1.508296322E-01 -9.032729440E+02 
       682  4.416670000E-04 -3.710190000E-03  5.000000000E-01  1.545340810E-01 -9.835553787E+02 
       683  3.573920000E-04 -3.340560000E-03  5.000000000E-01  1.581973653E-01 -1.064832857E+03 
       684  2.820800000E-04 -2.970550000E-03  5.000000000E-01  1.618121362E-01 -1.146913080E+03 
       685  9.885790000E-01 -2.851310000E-03  5.000000000E-01  1.120507471E-01 -5.948834207E+01 
       686  2.157290000E-04 -2.600180000E-03  5.000000000E-01  1.653671805E-01 -1.229467966E+03 
       687  1.583190000E-04 -2.229460000E-03  5.000000000E-01  1.688570326E-01 -1.312216664E+03 
       688  1.098120000E-04 -1.858440000E-03  5.000000000E-01  1.722825793E-01 -1.395089520E+03 
       689  7.018710000E-05 -1.487150000E-03  5.000000000E-01  1.756391821E-01 -1.477956728E+03 
       690  3.943250000E-05 -1.115630000E-03  5.000000000E-01  1.789185828E-01 -1.560485582E+03 
       691  1.750970000E-05 -7.438980000E-04  5.000000000E-01  1.821215394E-01 -1.642532357E+03 
       692  4.374780000E-06 -3.720100000E-04  5.000000000E-01  1.852548900E-01 -1.724189954E+03 
       693  0.000000000E+00  0.000000000E+00  5.000000000E-01  1.883227072E-01 -1.805478220E+03 
       694  1.008950000E+00  0.000000000E+00  5.000000000E-01  8.480613952E-02 -1.627134027E+02 
       695  4.374780000E-06  3.720100000E-04  5.000000000E-01  1.913241390E-01 -1.886293589E+03 
       696  1.750970000E-05  7.438980000E-04  5.000000000E-01  1.942527719E-01 -1.966382643E+03 
       697  3.943250000E-05  1.115630000E-03  5.000000000E-01  1.970968367E-01 -2.045353823E+03 
       698  7.018710000E-05  1.487150000E-03  5.000000000E-01  1.998408494E-01 -2.122707061E+03 
       699  1.098120000E-04  1.858440000E-03  5.000000000E-01  2.024741202E-01 -2.197956570E+03 
       700  1.583190000E-04  2.229460000E-03  5.000000000E-01  2.049960724E-01 -2.270916032E+03 
       701  2.157290000E-04  2.600180000E-03  5.000000000E-01  2.074033039E-01 -2.341477684E+03 
       702  9.885790000E-01  2.851310000E-03  5.000000000E-01  1.532314556E-02 -1.792704748E+02 
       703  2.820800000E-04  2.970550000E-03  5.000000000E-01  2.096842283E-01 -2.409201157E+03 
       704  3.573920000E-04  3.340560000E-03  5.000000000E-01  2.118343731E-01 -2.473731806E+03 
       705  4.416670000E-04  3.710190000E-03  5.000000000E-01  2.138576667E-01 -2.535102339E+03 
       706  5.349210000E-04  4.079440000E-03  5.000000000E-01  2.157543734E-01 -2.593291449E+03 
       707  6.371860000E-04  4.448310000E-03  5.000000000E-01  2.175203484E-01 -2.648062783E+03 
       708  7.484850000E-04  4.816800000E-03  5.000000000E-01  2.191559969E-01 -2.699227449E+03 
       709  8.688460000E-04  5.184960000E-03  5.000000000E-01  2.206667384E-01 -2.746874303E+03 
       710  9.983180000E-04  5.552820000E-03  5.000000000E-01  2.220509072E-01 -2.790964985E+03 
       711  1.136960000E-03  5.920410000E-03  5.000000000E-01  2.233047845E-01 -2.831194362E+03 
       712  9.641170000E-01  6.185660000E-03  5.000000000E-01  8.228240127E-03 -1.182352106E+02 
       713  1.284830000E-03  6.287810000E-03  5.000000000E-01  2.244335860E-01 -2.867589129E+03 
       714  1.442010000E-03  6.655140000E-03  5.000000000E-01  2.254449563E-01 -2.900396143E+03 
       715  1.608580000E-03  7.022470000E-03  5.000000000E-01  2.263412742E-01 -2.929696850E+03 
       716  1.784670000E-03  7.389930000E-03  5.000000000E-01  2.271231348E-01 -2.955411222E+03 
       717  1.970430000E-03  7.757700000E-03  5.000000000E-01  2.277970281E-01 -2.977616872E+03 
       718  2.166020000E-03  8.125940000E-03  5.000000000E-01  2.283703491E-01 -2.996581415E+03 
       719  2.371660000E-03  8.494850000E-03  5.000000000E-01  2.288442726E-01 -3.012319482E+03 
       720  9.440400000E-01  8.849910000E-03  5.000000000E-01  1.433458969E-02 -8.385420450E+01 
       721  2.587600000E-03  8.864650000E-03  5.000000000E-01  2.292205505E-01 -3.024795830E+03 
       722  2.814130000E-03  9.235600000E-03  5.000000000E-01  2.295055982E-01 -3.034165039E+03 
       723  3.051570000E-03  9.607960000E-03  5.000000000E-01  2.297055827E-01 -3.040610116E+03 
       724  3.300300000E-03  9.982020000E-03  5.000000000E-01  2.298222784E-01 -3.044217974E+03 
       725  3.560760000E-03  1.035810000E-02  5.000000000E-01  2.298593306E-01 -3.044973677E+03 
       726  3.833450000E-03  1.073660000E-02  5.000000000E-01  2.298277154E-01 -3.043186365E+03 
       727  4.118940000E-03  1.111790000E-02  5.000000000E-01  2.297322792E-01 -3.039095812E+03 
       728  9.239540000E-01  1.145240000E-02  5.000000000E-01  1.741242938E-02 -9.648162151E+01 
       729  4.417880000E-03  1.150240000E-02  5.000000000E-01  2.295695035E-01 -3.032543943E+03 
       730  4.731050000E-03  1.189060000E-02  5.000000000E-01  2.293406713E-01 -3.023476266E+03 
       731  5.059350000E-03  1.228310000E-02  5.000000000E-01  2.290548719E-01 -3.012103545E+03 
       732  5.403770000E-03  1.268050000E-02  5.000000000E-01  2.287186470E-01 -2.998695539E+03 
       733  5.765510000E-03  1.308350000E-02  5.000000000E-01  2.283305637E-01 -2.983167137E+03 
       734  6.145950000E-03  1.349290000E-02  5.000000000E-01  2.278905297E-01 -2.965441844E+03 
       735  6.546680000E-03  1.390960000E-02  5.000000000E-01  2.274066836E-01 -2.945606305E+03 
       736  6.969580000E-03  1.433470000E-02  5.000000000E-01  2.268894107E-01 -2.924047065E+03 
       737  7.416920000E-03  1.476940000E-02  5.000000000E-01  2.263371251E-01 -2.900696633E+03 
       738  7.891340000E-03  1.521510000E-02  5.000000000E-01  2.257518700E-01 -2.875295571E+03 
       739  8.396050000E-03  1.567350000E-02  5.000000000E-01  2.251386027E-01 -2.848143980E+03 
       740  8.934960000E-03  1.614650000E-02  5.000000000E-01  2.244888457E-01 -2.818699091E+03 
       741  8.831260000E-01  1.655780000E-02  5.000000000E-01  2.149336201E-02 -1.811851559E+02 
       742  9.512770000E-03  1.663650000E-02  5.000000000E-01  2.238025655E-01 -2.786889144E+03 
       743  1.013530000E-02  1.714630000E-02  5.000000000E-01  2.230949091E-01 -2.752653979E+03 
       744  1.080970000E-02  1.767950000E-02  5.000000000E-01  2.223817653E-01 -2.716538065E+03 
       745  1.154480000E-02  1.823990000E-02  5.000000000E-01  2.216569010E-01 -2.678003067E+03 
       746  1.235150000E-02  1.883240000E-02  5.000000000E-01  2.209146717E-01 -2.636484459E+03 
       747  1.324330000E-02  1.946240000E-02  5.000000000E-01  2.201611542E-01 -2.591600014E+03 
       748  1.423520000E-02  2.013570000E-02  5.000000000E-01  2.194144277E-01 -2.543587635E+03 
       749  1.534410000E-02  2.085740000E-02  5.000000000E-01  2.186789405E-01 -2.492551483E+03 
       750  8.422680000E-01  2.142990000E-02  5.000000000E-01  2.535639590E-02 -2.369492270E+02 
       751  1.658840000E-02  2.163240000E-02  5.000000000E-01  2.179480405E-01 -2.437546607E+03 
       752  1.798620000E-02  2.246380000E-02  5.000000000E-01  2.172316866E-01 -2.379078082E+03 
       753  1.955240000E-02  2.335180000E-02  5.000000000E-01  2.165390388E-01 -2.317559491E+03 
       754  2.129310000E-02  2.429080000E-02  5.000000000E-01  2.157877927E-01 -2.254103147E+03 
       755  2.320170000E-02  2.526890000E-02  5.000000000E-01  2.149290369E-01 -2.188987255E+03 
       756  8.013850000E-01  2.607760000E-02  5.000000000E-01  3.029714418E-02 -2.031273195E+02 
       757  2.525940000E-02  2.627060000E-02  5.000000000E-01  2.139440641E-01 -2.123760723E+03 
       758  2.744820000E-02  2.728280000E-02  5.000000000E-01  2.126569647E-01 -2.059981436E+03 
       759  2.977200000E-02  2.830400000E-02  5.000000000E-01  2.109170160E-01 -1.997264502E+03 
       760  3.226880000E-02  2.934670000E-02  5.000000000E-01  2.086474388E-01 -1.934768315E+03 
       761  3.499280000E-02  3.042700000E-02  5.000000000E-01  2.057159265E-01 -1.873025252E+03 
       762  7.604770000E-01  3.050500000E-02  5.000000000E-01  3.342412536E-02 -1.735834210E+02 
       763  3.801710000E-02  3.156400000E-02  5.000000000E-01  2.018728169E-01 -1.810779212E+03 
       764  4.143780000E-02  3.277970000E-02  5.000000000E-01  1.970899221E-01 -1.746597121E+03 
       765  4.536520000E-02  3.409410000E-02  5.000000000E-01  1.914856877E-01 -1.680823166E+03 
       766  7.195460000E-01  3.471110000E-02  5.000000000E-01  3.470280207E-02 -1.970009005E+02 
       767  4.987280000E-02  3.550830000E-02  5.000000000E-01  1.854065763E-01 -1.613350969E+03 
       768  5.497740000E-02  3.700280000E-02  5.000000000E-01  1.796378838E-01 -1.545326181E+03 
       769  6.066690000E-02  3.855140000E-02  5.000000000E-01  1.743692194E-01 -1.477628697E+03 
       770  6.785920000E-01  3.868960000E-02  5.000000000E-01  3.363860663E-02 -2.108932194E+02 
       771  6.701180000E-02  4.015110000E-02  5.000000000E-01  1.697372266E-01 -1.410576255E+03 
       772  7.419740000E-02  4.182110000E-02  5.000000000E-01  1.654759532E-01 -1.343696549E+03 
       773  6.376150000E-01  4.242870000E-02  5.000000000E-01  2.628680130E-02 -1.998437459E+02 
       774  8.241830000E-02  4.357030000E-02  5.000000000E-01  1.605060002E-01 -1.276500053E+03 
       775  9.180020000E-02  4.538360000E-02  5.000000000E-01  1.548087225E-01 -1.209531558E+03 
       776  5.966160000E-01  4.591080000E-02  5.000000000E-01  1.626501445E-02 -1.967724735E+02 
       777  1.024830000E-01  4.724140000E-02  5.000000000E-01  1.488276975E-01 -1.143266630E+03 
       778  5.555940000E-01  4.911140000E-02  5.000000000E-01  1.048299918E-02 -1.996456294E+02 
       779  1.147010000E-01  4.913170000E-02  5.000000000E-01  1.450129573E-01 -1.076216093E+03 
       780  1.286980000E-01  5.102990000E-02  5.000000000E-01  1.420605890E-01 -1.008877113E+03 
       781  5.145480000E-01  5.199920000E-02  5.000000000E-01  8.343980318E-03 -2.005106637E+02 
       782  1.447430000E-01  5.290180000E-02  5.000000000E-01  1.351352155E-01 -9.423092829E+02 
       783  4.734800000E-01  5.453490000E-02  5.000000000E-01  2.273175965E-02 -2.269788330E+02 
       784  1.631610000E-01  5.470320000E-02  5.000000000E-01  1.283956229E-01 -8.750011670E+02 
       785  1.843370000E-01  5.637740000E-02  5.000000000E-01  1.226196428E-01 -8.070237759E+02 
       786  4.323880000E-01  5.666940000E-02  5.000000000E-01  4.871322171E-02 -2.875981698E+02 
       787  2.087650000E-01  5.785310000E-02  5.000000000E-01  1.120791575E-01 -7.378334596E+02 
       788  3.912760000E-01  5.834330000E-02  5.000000000E-01  6.417557473E-02 -3.630089235E+02 
       789  2.371580000E-01  5.904050000E-02  5.000000000E-01  9.556951589E-02 -6.681323090E+02 
       790  3.501450000E-01  5.948320000E-02  5.000000000E-01  7.022628819E-02 -4.404046445E+02 
       791  2.702430000E-01  5.981060000E-02  5.000000000E-01  8.404648274E-02 -5.943566411E+02 
       792  3.090020000E-01  5.999850000E-02  5.000000000E-01  7.697717022E-02 -5.170060898E+02 
