nodenumber     x-coordinate     y-coordinate     z-coordinate      mach-number         pressure 
         1  2.883190000E-01 -5.998690000E-02  0.000000000E+00  2.567294489E-02 -5.577917773E+02 
         2  3.294650000E-01 -5.982680000E-02  0.000000000E+00  2.516814262E-02 -5.527335200E+02 
         3  2.471780000E-01 -5.933890000E-02  0.000000000E+00  2.645034405E-02 -5.646531813E+02 
         4  3.706030000E-01 -5.898830000E-02  0.000000000E+00  2.502302485E-02 -5.499670280E+02 
         5  2.060650000E-01 -5.771190000E-02  0.000000000E+00  2.759325864E-02 -5.740233234E+02 
         6  4.117260000E-01 -5.757270000E-02  0.000000000E+00  2.521216911E-02 -5.490469807E+02 
         7  4.528280000E-01 -5.566140000E-02  0.000000000E+00  2.557561871E-02 -5.494301007E+02 
         8  1.650180000E-01 -5.486620000E-02  0.000000000E+00  2.926136398E-02 -5.897332587E+02 
         9  4.939080000E-01 -5.332060000E-02  0.000000000E+00  2.597630493E-02 -5.504674810E+02 
        10  5.349650000E-01 -5.060440000E-02  0.000000000E+00  2.630718203E-02 -5.516988007E+02 
        11  1.241140000E-01 -5.043730000E-02  0.000000000E+00  3.066018204E-02 -6.269633658E+02 
        12  5.759990000E-01 -4.755650000E-02  0.000000000E+00  2.649117567E-02 -5.528614063E+02 
        13  6.170090000E-01 -4.421250000E-02  0.000000000E+00  2.650695543E-02 -5.540171422E+02 
        14  8.351470000E-02 -4.379180000E-02  0.000000000E+00  2.732393138E-02 -7.134897756E+02 
        15  6.579970000E-01 -4.059990000E-02  0.000000000E+00  2.638347520E-02 -5.554829132E+02 
        16  5.488770000E-02 -3.697740000E-02  0.000000000E+00  1.658142999E-02 -8.583275320E+02 
        17  6.989630000E-01 -3.673990000E-02  0.000000000E+00  2.616311789E-02 -5.576180259E+02 
        18  7.399050000E-01 -3.264710000E-02  0.000000000E+00  2.585559439E-02 -5.607136952E+02 
        19  3.777470000E-02 -3.147510000E-02  0.000000000E+00  4.238224913E-02 -1.108989884E+03 
        20  7.808250000E-01 -2.833060000E-02  0.000000000E+00  2.548495809E-02 -5.648167649E+02 
        21  2.634450000E-02 -2.677890000E-02  0.000000000E+00  9.837328217E-02 -1.549796898E+03 
        22  8.159680000E-01 -2.444550000E-02  0.000000000E+00  2.498982935E-02 -5.692308531E+02 
        23  1.821900000E-02 -2.259850000E-02  0.000000000E+00  1.411607001E-01 -2.125921301E+03 
        24  8.510930000E-01 -2.039720000E-02  0.000000000E+00  2.419734535E-02 -5.740495175E+02 
        25  1.318260000E-02 -1.942040000E-02  0.000000000E+00  1.716596532E-01 -2.688897144E+03 
        26  8.782860000E-01 -1.714700000E-02  0.000000000E+00  2.316419171E-02 -5.784171745E+02 
        27  9.850590000E-03 -1.691540000E-02  0.000000000E+00  1.958711232E-01 -3.197720830E+03 
        28  7.411530000E-03 -1.476420000E-02  0.000000000E+00  2.168098542E-01 -3.632408323E+03 
        29  9.009380000E-01 -1.436040000E-02  0.000000000E+00  2.179838513E-02 -5.824263571E+02 
        30  5.510960000E-03 -1.280140000E-02  0.000000000E+00  2.323561513E-01 -3.941055068E+03 
        31  9.198070000E-01 -1.198220000E-02  0.000000000E+00  2.005324279E-02 -5.862747048E+02 
        32  3.983540000E-03 -1.093890000E-02  0.000000000E+00  2.421200592E-01 -4.167469757E+03 
        33  9.355260000E-01 -9.960600000E-03  0.000000000E+00  1.794671973E-02 -5.903675241E+02 
        34  2.745270000E-03 -9.124550000E-03  0.000000000E+00  2.494017974E-01 -4.354320203E+03 
        35  9.486220000E-01 -8.247430000E-03  0.000000000E+00  1.550800113E-02 -5.947678075E+02 
        36  1.752850000E-03 -7.324960000E-03  0.000000000E+00  2.547566194E-01 -4.471661900E+03 
        37  9.595320000E-01 -6.799650000E-03  0.000000000E+00  1.272358384E-02 -5.994626807E+02 
        38  9.686220000E-01 -5.578890000E-03  0.000000000E+00  9.593291707E-03 -6.049310243E+02 
        39  9.860190000E-04 -5.518970000E-03  0.000000000E+00  2.573304858E-01 -4.487775886E+03 
        40  9.761960000E-01 -4.551510000E-03  0.000000000E+00  6.175499376E-03 -6.116538274E+02 
        41  4.384000000E-04 -3.696570000E-03  0.000000000E+00  2.574264180E-01 -4.366039002E+03 
        42  9.825070000E-01 -3.688230000E-03  0.000000000E+00  2.637009634E-03 -6.200331292E+02 
        43  9.877650000E-01 -2.963870000E-03  0.000000000E+00  2.001173090E-03 -6.301710107E+02 
        44  9.921460000E-01 -2.356690000E-03  0.000000000E+00  4.905716049E-03 -6.420765063E+02 
        45  1.095110000E-04 -1.855900000E-03  0.000000000E+00  2.556813199E-01 -4.102815162E+03 
        46  9.957970000E-01 -1.848260000E-03  0.000000000E+00  8.215534208E-03 -6.550972046E+02 
        47  9.988390000E-01 -1.422790000E-03  0.000000000E+00  1.086998498E-02 -6.674894081E+02 
        48  1.001370000E+00 -1.062990000E-03  0.000000000E+00  1.251274159E-02 -6.774440320E+02 
        49  1.003480000E+00 -7.543150000E-04  0.000000000E+00  1.279028267E-02 -6.833052226E+02 
        50  1.005240000E+00 -4.991700000E-04  0.000000000E+00  1.122647564E-02 -6.839472197E+02 
        51  1.006710000E+00 -2.932730000E-04  0.000000000E+00  7.881363915E-03 -6.809730184E+02 
        52  1.007930000E+00 -1.294160000E-04  0.000000000E+00  6.787381448E-03 -6.802898612E+02 
        53  0.000000000E+00  0.000000000E+00  0.000000000E+00  2.507123136E-01 -3.761526719E+03 
        54  1.008950000E+00  0.000000000E+00  0.000000000E+00  1.389185712E-02 -6.721912972E+02 
        55  1.008950000E+00  1.204820000E-03  0.000000000E+00  1.646846811E-02 -6.673556286E+02 
        56  1.095110000E-04  1.855900000E-03  0.000000000E+00  2.407678148E-01 -3.371083491E+03 
        57  1.008950000E+00  2.409640000E-03  0.000000000E+00  1.492447589E-02 -6.706919800E+02 
        58  1.008950000E+00  3.614460000E-03  0.000000000E+00  1.391363008E-02 -6.727728610E+02 
        59  9.825070000E-01  3.688230000E-03  0.000000000E+00  6.399382670E-04  7.512584745E+02 
        60  4.384000000E-04  3.696570000E-03  0.000000000E+00  2.270010541E-01 -2.889039751E+03 
        61  9.761960000E-01  4.551510000E-03  0.000000000E+00  3.445725189E-03  7.518478864E+02 
        62  1.008950000E+00  4.819280000E-03  0.000000000E+00  1.325434297E-02 -6.754753569E+02 
        63  9.860190000E-04  5.518970000E-03  0.000000000E+00  2.109994922E-01 -2.341097973E+03 
        64  9.686220000E-01  5.578890000E-03  0.000000000E+00  7.844389762E-03  7.466235792E+02 
        65  1.008950000E+00  6.024100000E-03  0.000000000E+00  1.289491456E-02 -6.784641333E+02 
        66  9.595320000E-01  6.799650000E-03  0.000000000E+00  9.501050007E-03  7.407696873E+02 
        67  1.008950000E+00  7.228920000E-03  0.000000000E+00  1.276332960E-02 -6.816805435E+02 
        68  1.752850000E-03  7.324960000E-03  0.000000000E+00  1.934344153E-01 -1.791710989E+03 
        69  9.486220000E-01  8.247430000E-03  0.000000000E+00  7.833364574E-03  7.384257155E+02 
        70  1.008950000E+00  8.433730000E-03  0.000000000E+00  1.281007301E-02 -6.850442773E+02 
        71  2.745270000E-03  9.124550000E-03  0.000000000E+00  1.746011696E-01 -1.258121060E+03 
        72  1.008950000E+00  9.638550000E-03  0.000000000E+00  1.299362244E-02 -6.885227742E+02 
        73  9.355260000E-01  9.960600000E-03  0.000000000E+00  5.723429483E-03  7.387896393E+02 
        74  1.008950000E+00  1.084340000E-02  0.000000000E+00  1.327989640E-02 -6.921146279E+02 
        75  3.983540000E-03  1.093890000E-02  0.000000000E+00  1.553286803E-01 -7.592369848E+02 
        76  9.198070000E-01  1.198220000E-02  0.000000000E+00  5.141470687E-03  7.380848146E+02 
        77  1.008950000E+00  1.204820000E-02  0.000000000E+00  1.364420460E-02 -6.958002308E+02 
        78  5.510960000E-03  1.280140000E-02  0.000000000E+00  1.369272217E-01 -3.447042678E+02 
        79  1.008950000E+00  1.325300000E-02  0.000000000E+00  1.406461829E-02 -6.995398505E+02 
        80  9.009380000E-01  1.436040000E-02  0.000000000E+00  5.039750176E-03  7.342563251E+02 
        81  1.008950000E+00  1.445780000E-02  0.000000000E+00  1.452207999E-02 -7.033187666E+02 
        82  7.411530000E-03  1.476420000E-02  0.000000000E+00  1.193202896E-01 -9.815642900E+00 
        83  1.008950000E+00  1.566270000E-02  0.000000000E+00  1.500213556E-02 -7.071154704E+02 
        84  1.008950000E+00  1.686750000E-02  0.000000000E+00  1.549295178E-02 -7.109127439E+02 
        85  9.850590000E-03  1.691540000E-02  0.000000000E+00  1.013006674E-01  2.901324544E+02 
        86  8.782860000E-01  1.714700000E-02  0.000000000E+00  2.673717960E-03  7.246358447E+02 
        87  1.008950000E+00  1.807230000E-02  0.000000000E+00  1.598509558E-02 -7.146942332E+02 
        88  9.877650000E-01  1.820810000E-02  0.000000000E+00  4.976257032E-04  7.540515877E+02 
        89  1.008950000E+00  1.927710000E-02  0.000000000E+00  1.647105647E-02 -7.184445155E+02 
        90  1.318260000E-02  1.942040000E-02  0.000000000E+00  8.169336682E-02  5.630346917E+02 
        91  8.510930000E-01  2.039720000E-02  0.000000000E+00  5.205860737E-03  7.047525466E+02 
        92  1.008950000E+00  2.048190000E-02  0.000000000E+00  1.694480265E-02 -7.221495254E+02 
        93  1.008950000E+00  2.168670000E-02  0.000000000E+00  1.740150783E-02 -7.257965365E+02 
        94  1.821900000E-02  2.259850000E-02  0.000000000E+00  5.993806623E-02  7.922136836E+02 
        95  1.008950000E+00  2.289160000E-02  0.000000000E+00  1.783731021E-02 -7.293738683E+02 
        96  1.008950000E+00  2.409640000E-02  0.000000000E+00  1.824912068E-02 -7.328707568E+02 
        97  8.159680000E-01  2.444550000E-02  0.000000000E+00  1.747048149E-02  6.722288323E+02 
        98  1.008950000E+00  2.530120000E-02  0.000000000E+00  1.863449982E-02 -7.362771710E+02 
        99  1.008950000E+00  2.650600000E-02  0.000000000E+00  1.899159373E-02 -7.395842092E+02 
       100  2.634450000E-02  2.677890000E-02  0.000000000E+00  3.717249004E-02  9.531641856E+02 
       101  1.008950000E+00  2.771080000E-02  0.000000000E+00  1.931915355E-02 -7.427846977E+02 
       102  7.808250000E-01  2.833060000E-02  0.000000000E+00  2.911805281E-02  6.366847871E+02 
       103  1.008950000E+00  2.891570000E-02  0.000000000E+00  1.961578611E-02 -7.458626993E+02 
       104  1.008950000E+00  3.012050000E-02  0.000000000E+00  1.988011987E-02 -7.488129120E+02 
       105  1.008950000E+00  3.132530000E-02  0.000000000E+00  2.011163128E-02 -7.516350474E+02 
       106  3.777470000E-02  3.147510000E-02  0.000000000E+00  1.594501534E-02  1.034888100E+03 
       107  1.008950000E+00  3.253010000E-02  0.000000000E+00  2.030999646E-02 -7.543204132E+02 
       108  7.399050000E-01  3.264710000E-02  0.000000000E+00  3.715118873E-02  6.042211584E+02 
       109  1.008950000E+00  3.373490000E-02  0.000000000E+00  2.047554882E-02 -7.568686616E+02 
       110  1.008950000E+00  3.493980000E-02  0.000000000E+00  2.061117605E-02 -7.592975947E+02 
       111  9.921460000E-01  3.512580000E-02  0.000000000E+00  1.320424828E-03  7.718308238E+02 
       112  1.008950000E+00  3.614460000E-02  0.000000000E+00  2.072139939E-02 -7.616239643E+02 
       113  6.989630000E-01  3.673990000E-02  0.000000000E+00  4.185167847E-02  5.827787607E+02 
       114  5.488770000E-02  3.697740000E-02  0.000000000E+00  8.373587750E-03  1.048384853E+03 
       115  1.008950000E+00  3.734940000E-02  0.000000000E+00  2.080833591E-02 -7.638461318E+02 
       116  1.008950000E+00  3.855420000E-02  0.000000000E+00  2.087059063E-02 -7.659438025E+02 
       117  1.008950000E+00  3.975900000E-02  0.000000000E+00  2.090682829E-02 -7.679116259E+02 
       118  6.579970000E-01  4.059990000E-02  0.000000000E+00  4.493147510E-02  5.709022256E+02 
       119  1.008950000E+00  4.096390000E-02  0.000000000E+00  2.091802073E-02 -7.697637417E+02 
       120  1.008950000E+00  4.216870000E-02  0.000000000E+00  2.090566038E-02 -7.715026586E+02 
       121  1.008950000E+00  4.337350000E-02  0.000000000E+00  2.087056494E-02 -7.731322435E+02 
       122  8.351470000E-02  4.379180000E-02  0.000000000E+00  1.936019854E-02  1.006366642E+03 
       123  6.170090000E-01  4.421250000E-02  0.000000000E+00  4.702789730E-02  5.668135937E+02 
       124  1.008950000E+00  4.457830000E-02  0.000000000E+00  2.081340983E-02 -7.746563079E+02 
       125  1.008950000E+00  4.578310000E-02  0.000000000E+00  2.073492430E-02 -7.760793159E+02 
       126  1.008950000E+00  4.698800000E-02  0.000000000E+00  2.063571846E-02 -7.774044453E+02 
       127  5.759990000E-01  4.755650000E-02  0.000000000E+00  4.855233941E-02  5.689296021E+02 
       128  1.008950000E+00  4.819280000E-02  0.000000000E+00  2.051595122E-02 -7.786325009E+02 
       129  9.957970000E-01  4.922010000E-02  0.000000000E+00  3.730192135E-03  7.856895188E+02 
       130  1.008950000E+00  4.939760000E-02  0.000000000E+00  2.037554388E-02 -7.797638225E+02 
       131  1.241140000E-01  5.043730000E-02  0.000000000E+00  3.428408690E-02  9.291825769E+02 
       132  1.008950000E+00  5.060240000E-02  0.000000000E+00  2.021509391E-02 -7.808063564E+02 
       133  5.349650000E-01  5.060440000E-02  0.000000000E+00  4.977209675E-02  5.754750352E+02 
       134  1.008950000E+00  5.180720000E-02  0.000000000E+00  2.003579092E-02 -7.817682611E+02 
       135  1.008950000E+00  5.301200000E-02  0.000000000E+00  1.983808428E-02 -7.826507694E+02 
       136  4.939080000E-01  5.332060000E-02  0.000000000E+00  5.062848853E-02  5.860817173E+02 
       137  1.008950000E+00  5.421690000E-02  0.000000000E+00  1.962149492E-02 -7.834557291E+02 
       138  1.650180000E-01  5.486620000E-02  0.000000000E+00  4.322051928E-02  8.548303685E+02 
       139  1.008950000E+00  5.542170000E-02  0.000000000E+00  1.938526823E-02 -7.841852113E+02 
       140  4.528280000E-01  5.566140000E-02  0.000000000E+00  5.124312839E-02  6.007501701E+02 
       141  1.008950000E+00  5.662650000E-02  0.000000000E+00  1.912855518E-02 -7.848413244E+02 
       142  4.117260000E-01  5.757270000E-02  0.000000000E+00  5.167338766E-02  6.194524220E+02 
       143  2.060650000E-01  5.771190000E-02  0.000000000E+00  4.793708557E-02  7.934323297E+02 
       144  1.008950000E+00  5.783130000E-02  0.000000000E+00  1.885048075E-02 -7.854269955E+02 
       145  3.706030000E-01  5.898830000E-02  0.000000000E+00  5.192576093E-02  6.424658409E+02 
       146  1.008950000E+00  5.903610000E-02  0.000000000E+00  1.855016719E-02 -7.859461937E+02 
       147  2.471780000E-01  5.933890000E-02  0.000000000E+00  5.032733941E-02  7.443537282E+02 
       148  3.294650000E-01  5.982680000E-02  0.000000000E+00  5.191789904E-02  6.702956423E+02 
       149  2.883190000E-01  5.998690000E-02  0.000000000E+00  5.149227448E-02  7.038737327E+02 
       150  1.008950000E+00  6.024100000E-02  0.000000000E+00  1.822657113E-02 -7.864020106E+02 
       151  9.988390000E-01  6.096260000E-02  0.000000000E+00  7.421206009E-03  7.855297524E+02 
       152  1.008950000E+00  6.144580000E-02  0.000000000E+00  1.787825006E-02 -7.867943647E+02 
       153  1.008950000E+00  6.265060000E-02  0.000000000E+00  1.750344128E-02 -7.871246465E+02 
       154  1.008950000E+00  6.385540000E-02  0.000000000E+00  1.710029278E-02 -7.873967847E+02 
       155  1.008950000E+00  6.506020000E-02  0.000000000E+00  1.666683685E-02 -7.876143127E+02 
       156  1.008950000E+00  6.626510000E-02  0.000000000E+00  1.620100514E-02 -7.877815769E+02 
       157  1.008950000E+00  6.746990000E-02  0.000000000E+00  1.570073640E-02 -7.879037574E+02 
       158  1.008950000E+00  6.867470000E-02  0.000000000E+00  1.516398218E-02 -7.879865039E+02 
       159  1.008950000E+00  6.987950000E-02  0.000000000E+00  1.458863610E-02 -7.880371454E+02 
       160  1.001370000E+00  7.073980000E-02  0.000000000E+00  1.061487356E-02  7.776885366E+02 
       161  1.008950000E+00  7.108430000E-02  0.000000000E+00  1.397252482E-02 -7.880661805E+02 
       162  1.008950000E+00  7.228920000E-02  0.000000000E+00  1.331347934E-02 -7.880845962E+02 
       163  1.008950000E+00  7.349400000E-02  0.000000000E+00  1.260918060E-02 -7.881030484E+02 
       164  1.008950000E+00  7.469880000E-02  0.000000000E+00  1.185723042E-02 -7.881328707E+02 
       165  1.008950000E+00  7.590360000E-02  0.000000000E+00  1.105493849E-02 -7.881881001E+02 
       166  1.008950000E+00  7.710840000E-02  0.000000000E+00  1.019959590E-02 -7.882854020E+02 
       167  1.008950000E+00  7.831330000E-02  0.000000000E+00  9.289451548E-03 -7.884390342E+02 
       168  1.003480000E+00  7.887370000E-02  0.000000000E+00  1.232880078E-02  7.696009498E+02 
       169  1.008950000E+00  7.951810000E-02  0.000000000E+00  8.323542908E-03 -7.886631548E+02 
       170  1.008950000E+00  8.072290000E-02  0.000000000E+00  7.301275484E-03 -7.889755458E+02 
       171  1.008950000E+00  8.192770000E-02  0.000000000E+00  6.222435481E-03 -7.894040241E+02 
       172  1.008950000E+00  8.313250000E-02  0.000000000E+00  5.087612627E-03 -7.899878305E+02 
       173  1.008950000E+00  8.433730000E-02  0.000000000E+00  3.898604968E-03 -7.907616938E+02 
       174  1.008950000E+00  8.554220000E-02  0.000000000E+00  2.663598077E-03 -7.917621791E+02 
       175  1.005240000E+00  8.565510000E-02  0.000000000E+00  1.338297821E-02  7.714948551E+02 
       176  1.008950000E+00  8.674700000E-02  0.000000000E+00  1.455324308E-03 -7.930346007E+02 
       177  1.008950000E+00  8.795180000E-02  0.000000000E+00  1.005599497E-03 -7.946322642E+02 
       178  1.008950000E+00  8.915660000E-02  0.000000000E+00  1.846145739E-03 -7.966283443E+02 
       179  1.008950000E+00  9.036140000E-02  0.000000000E+00  3.376910560E-03 -7.991326539E+02 
       180  1.006710000E+00  9.131690000E-02  0.000000000E+00  2.638994242E-02  7.917472509E+02 
       181  1.008950000E+00  9.156630000E-02  0.000000000E+00  5.117577137E-03 -8.023153569E+02 
       182  1.008950000E+00  9.277110000E-02  0.000000000E+00  7.090781760E-03 -8.064737935E+02 
       183  1.008950000E+00  9.397590000E-02  0.000000000E+00  9.406481000E-03 -8.121902886E+02 
       184  1.008950000E+00  9.518070000E-02  0.000000000E+00  1.227811674E-02 -8.203442539E+02 
       185  1.007930000E+00  9.604710000E-02  0.000000000E+00  6.767836662E-02  7.217674882E+02 
       186  1.008950000E+00  9.638550000E-02  0.000000000E+00  1.597564578E-02 -8.335096326E+02 
       187  1.008950000E+00  9.759040000E-02  0.000000000E+00  2.112109807E-02 -8.493873635E+02 
       188  1.008950000E+00  9.879520000E-02  0.000000000E+00  2.574763176E-02 -9.143439259E+02 
       189  1.008950000E+00  1.000000000E-01  0.000000000E+00  6.703238935E-02 -2.690855959E+02 
       190  2.883190000E-01 -5.998690000E-02  3.333330000E-02  2.567358419E-02 -5.577919887E+02 
       191  3.294650000E-01 -5.982680000E-02  3.333330000E-02  2.516884930E-02 -5.527336987E+02 
       192  2.471780000E-01 -5.933890000E-02  3.333330000E-02  2.645091193E-02 -5.646533043E+02 
       193  3.706030000E-01 -5.898830000E-02  3.333330000E-02  2.502377669E-02 -5.499671422E+02 
       194  2.060650000E-01 -5.771190000E-02  3.333330000E-02  2.759379185E-02 -5.740233599E+02 
       195  4.117260000E-01 -5.757270000E-02  3.333330000E-02  2.521295161E-02 -5.490470534E+02 
       196  4.528280000E-01 -5.566140000E-02  3.333330000E-02  2.557642284E-02 -5.494301783E+02 
       197  1.650180000E-01 -5.486620000E-02  3.333330000E-02  2.926181849E-02 -5.897330470E+02 
       198  4.939080000E-01 -5.332060000E-02  3.333330000E-02  2.597711046E-02 -5.504675965E+02 
       199  5.349650000E-01 -5.060440000E-02  3.333330000E-02  2.630797017E-02 -5.516989642E+02 
       200  1.241140000E-01 -5.043730000E-02  3.333330000E-02  3.066045964E-02 -6.269627107E+02 
       201  5.759990000E-01 -4.755650000E-02  3.333330000E-02  2.649194513E-02 -5.528614580E+02 
       202  6.170090000E-01 -4.421250000E-02  3.333330000E-02  2.650770348E-02 -5.540172332E+02 
       203  8.351470000E-02 -4.379180000E-02  3.333330000E-02  2.732368986E-02 -7.134893632E+02 
       204  6.579970000E-01 -4.059990000E-02  3.333330000E-02  2.638419110E-02 -5.554831935E+02 
       205  5.488770000E-02 -3.697740000E-02  3.333330000E-02  1.658126255E-02 -8.583301074E+02 
       206  6.989630000E-01 -3.673990000E-02  3.333330000E-02  2.616377998E-02 -5.576182939E+02 
       207  7.399050000E-01 -3.264710000E-02  3.333330000E-02  2.585613100E-02 -5.607139542E+02 
       208  3.777470000E-02 -3.147510000E-02  3.333330000E-02  4.238387733E-02 -1.108997099E+03 
       209  7.808250000E-01 -2.833060000E-02  3.333330000E-02  2.548523881E-02 -5.648172416E+02 
       210  2.634450000E-02 -2.677890000E-02  3.333330000E-02  9.837370596E-02 -1.549803011E+03 
       211  8.159680000E-01 -2.444550000E-02  3.333330000E-02  2.498971336E-02 -5.692315979E+02 
       212  1.821900000E-02 -2.259850000E-02  3.333330000E-02  1.411608825E-01 -2.125925407E+03 
       213  8.510930000E-01 -2.039720000E-02  3.333330000E-02  2.419658373E-02 -5.740504793E+02 
       214  1.318260000E-02 -1.942040000E-02  3.333330000E-02  1.716600466E-01 -2.688905839E+03 
       215  8.782860000E-01 -1.714700000E-02  3.333330000E-02  2.316259417E-02 -5.784185763E+02 
       216  9.850590000E-03 -1.691540000E-02  3.333330000E-02  1.958716549E-01 -3.197732886E+03 
       217  7.411530000E-03 -1.476420000E-02  3.333330000E-02  2.168103187E-01 -3.632417328E+03 
       218  9.009380000E-01 -1.436040000E-02  3.333330000E-02  2.179575473E-02 -5.824286215E+02 
       219  5.510960000E-03 -1.280140000E-02  3.333330000E-02  2.323563564E-01 -3.941058778E+03 
       220  9.198070000E-01 -1.198220000E-02  3.333330000E-02  2.004940693E-02 -5.862780272E+02 
       221  3.983540000E-03 -1.093890000E-02  3.333330000E-02  2.421201519E-01 -4.167472511E+03 
       222  9.355260000E-01 -9.960600000E-03  3.333330000E-02  1.794146941E-02 -5.903723478E+02 
       223  2.745270000E-03 -9.124550000E-03  3.333330000E-02  2.494018445E-01 -4.354320952E+03 
       224  9.486220000E-01 -8.247430000E-03  3.333330000E-02  1.550094754E-02 -5.947741914E+02 
       225  1.752850000E-03 -7.324960000E-03  3.333330000E-02  2.547566077E-01 -4.471661107E+03 
       226  9.595320000E-01 -6.799650000E-03  3.333330000E-02  1.271412657E-02 -5.994714389E+02 
       227  9.686220000E-01 -5.578890000E-03  3.333330000E-02  9.580878672E-03 -6.049441111E+02 
       228  9.860190000E-04 -5.518970000E-03  3.333330000E-02  2.573304429E-01 -4.487774056E+03 
       229  9.761960000E-01 -4.551510000E-03  3.333330000E-02  6.159894137E-03 -6.116736324E+02 
       230  4.384000000E-04 -3.696570000E-03  3.333330000E-02  2.574263688E-01 -4.366037013E+03 
       231  9.825070000E-01 -3.688230000E-03  3.333330000E-02  2.620487536E-03 -6.200612036E+02 
       232  9.877650000E-01 -2.963870000E-03  3.333330000E-02  2.004963290E-03 -6.302092629E+02 
       233  9.921460000E-01 -2.356690000E-03  3.333330000E-02  4.930233925E-03 -6.421254436E+02 
       234  1.095110000E-04 -1.855900000E-03  3.333330000E-02  2.556812733E-01 -4.102813677E+03 
       235  9.957970000E-01 -1.848260000E-03  3.333330000E-02  8.240925610E-03 -6.551541793E+02 
       236  9.988390000E-01 -1.422790000E-03  3.333330000E-02  1.089336475E-02 -6.675443720E+02 
       237  1.001370000E+00 -1.062990000E-03  3.333330000E-02  1.253227056E-02 -6.774839900E+02 
       238  1.003480000E+00 -7.543150000E-04  3.333330000E-02  1.280653157E-02 -6.833269185E+02 
       239  1.005240000E+00 -4.991700000E-04  3.333330000E-02  1.123940879E-02 -6.839570594E+02 
       240  1.006710000E+00 -2.932730000E-04  3.333330000E-02  7.891199132E-03 -6.809687435E+02 
       241  1.007930000E+00 -1.294160000E-04  3.333330000E-02  6.786938745E-03 -6.802759283E+02 
       242  0.000000000E+00  0.000000000E+00  3.333330000E-02  2.507122730E-01 -3.761525615E+03 
       243  1.008950000E+00  0.000000000E+00  3.333330000E-02  1.256546716E-02 -6.731819972E+02 
       244  1.008950000E+00  1.204820000E-03  3.333330000E-02  1.647573633E-02 -6.673727225E+02 
       245  1.095110000E-04  1.855900000E-03  3.333330000E-02  2.407677921E-01 -3.371082852E+03 
       246  1.008950000E+00  2.409640000E-03  3.333330000E-02  1.493210635E-02 -6.706988621E+02 
       247  1.008950000E+00  3.614460000E-03  3.333330000E-02  1.392127631E-02 -6.727784462E+02 
       248  9.825070000E-01  3.688230000E-03  3.333330000E-02  6.319672434E-04  7.512123085E+02 
       249  4.384000000E-04  3.696570000E-03  3.333330000E-02  2.270010693E-01 -2.889040527E+03 
       250  9.761960000E-01  4.551510000E-03  3.333330000E-02  3.426835886E-03  7.518213173E+02 
       251  1.008950000E+00  4.819280000E-03  3.333330000E-02  1.326228032E-02 -6.754805256E+02 
       252  9.860190000E-04  5.518970000E-03  3.333330000E-02  2.109995722E-01 -2.341100775E+03 
       253  9.686220000E-01  5.578890000E-03  3.333330000E-02  7.819800219E-03  7.466226628E+02 
       254  1.008950000E+00  6.024100000E-03  3.333330000E-02  1.290328059E-02 -6.784699251E+02 
       255  9.595320000E-01  6.799650000E-03  3.333330000E-02  9.481470635E-03  7.407799566E+02 
       256  1.008950000E+00  7.228920000E-03  3.333330000E-02  1.277221564E-02 -6.816874063E+02 
       257  1.752850000E-03  7.324960000E-03  3.333330000E-02  1.934345871E-01 -1.791716207E+03 
       258  9.486220000E-01  8.247430000E-03  3.333330000E-02  7.822057122E-03  7.384309467E+02 
       259  1.008950000E+00  8.433730000E-03  3.333330000E-02  1.281954556E-02 -6.850524848E+02 
       260  2.745270000E-03  9.124550000E-03  3.333330000E-02  1.746014652E-01 -1.258129144E+03 
       261  1.008950000E+00  9.638550000E-03  3.333330000E-02  1.300372009E-02 -6.885327134E+02 
       262  9.355260000E-01  9.960600000E-03  3.333330000E-02  5.718729299E-03  7.387899734E+02 
       263  1.008950000E+00  1.084340000E-02  3.333330000E-02  1.329063324E-02 -6.921263485E+02 
       264  3.983540000E-03  1.093890000E-02  3.333330000E-02  1.553290783E-01 -7.592469111E+02 
       265  9.198070000E-01  1.198220000E-02  3.333330000E-02  5.139945031E-03  7.380839215E+02 
       266  1.008950000E+00  1.204820000E-02  3.333330000E-02  1.365557010E-02 -6.958136196E+02 
       267  5.510960000E-03  1.280140000E-02  3.333330000E-02  1.369276774E-01 -3.447135195E+02 
       268  1.008950000E+00  1.325300000E-02  3.333330000E-02  1.407658517E-02 -6.995550050E+02 
       269  9.009380000E-01  1.436040000E-02  3.333330000E-02  5.039488676E-03  7.342558358E+02 
       270  1.008950000E+00  1.445780000E-02  3.333330000E-02  1.453462280E-02 -7.033356692E+02 
       271  7.411530000E-03  1.476420000E-02  3.333330000E-02  1.193207829E-01 -9.824433839E+00 
       272  1.008950000E+00  1.566270000E-02  3.333330000E-02  1.501522697E-02 -7.071340512E+02 
       273  1.008950000E+00  1.686750000E-02  3.333330000E-02  1.550656207E-02 -7.109329160E+02 
       274  9.850590000E-03  1.691540000E-02  3.333330000E-02  1.013011724E-01  2.901245871E+02 
       275  8.782860000E-01  1.714700000E-02  3.333330000E-02  2.673615117E-03  7.246357430E+02 
       276  1.008950000E+00  1.807230000E-02  3.333330000E-02  1.599919412E-02 -7.147158938E+02 
       277  9.877650000E-01  1.820810000E-02  3.333330000E-02  5.023737165E-04  7.540794139E+02 
       278  1.008950000E+00  1.927710000E-02  3.333330000E-02  1.648561234E-02 -7.184675505E+02 
       279  1.318260000E-02  1.942040000E-02  3.333330000E-02  8.169375405E-02  5.630298740E+02 
       280  8.510930000E-01  2.039720000E-02  3.333330000E-02  5.205733951E-03  7.047527625E+02 
       281  1.008950000E+00  2.048190000E-02  3.333330000E-02  1.695978542E-02 -7.221738096E+02 
       282  1.008950000E+00  2.168670000E-02  3.333330000E-02  1.741688855E-02 -7.258219332E+02 
       283  1.821900000E-02  2.259850000E-02  3.333330000E-02  5.993824843E-02  7.922120899E+02 
       284  1.008950000E+00  2.289160000E-02  3.333330000E-02  1.785306251E-02 -7.294002288E+02 
       285  1.008950000E+00  2.409640000E-02  3.333330000E-02  1.826522155E-02 -7.328979230E+02 
       286  8.159680000E-01  2.444550000E-02  3.333330000E-02  1.747053894E-02  6.722287575E+02 
       287  1.008950000E+00  2.530120000E-02  3.333330000E-02  1.865092981E-02 -7.363049858E+02 
       288  1.008950000E+00  2.650600000E-02  3.333330000E-02  1.900833615E-02 -7.396125161E+02 
       289  2.634450000E-02  2.677890000E-02  3.333330000E-02  3.717270237E-02  9.531630785E+02 
       290  1.008950000E+00  2.771080000E-02  3.333330000E-02  1.933619933E-02 -7.428134057E+02 
       291  7.808250000E-01  2.833060000E-02  3.333330000E-02  2.911800402E-02  6.366849771E+02 
       292  1.008950000E+00  2.891570000E-02  3.333330000E-02  1.963312545E-02 -7.458917289E+02 
       293  1.008950000E+00  3.012050000E-02  3.333330000E-02  1.989772608E-02 -7.488421483E+02 
       294  1.008950000E+00  3.132530000E-02  3.333330000E-02  2.012944286E-02 -7.516641776E+02 
       295  3.777470000E-02  3.147510000E-02  3.333330000E-02  1.594542689E-02  1.034887215E+03 
       296  1.008950000E+00  3.253010000E-02  3.333330000E-02  2.032789390E-02 -7.543489270E+02 
       297  7.399050000E-01  3.264710000E-02  3.333330000E-02  3.715119060E-02  6.042211407E+02 
       298  1.008950000E+00  3.373490000E-02  3.333330000E-02  2.049339068E-02 -7.568959050E+02 
       299  1.008950000E+00  3.493980000E-02  3.333330000E-02  2.062891826E-02 -7.593233613E+02 
       300  9.921460000E-01  3.512580000E-02  3.333330000E-02  1.329217847E-03  7.720425167E+02 
       301  1.008950000E+00  3.614460000E-02  3.333330000E-02  2.073909737E-02 -7.616482998E+02 
       302  6.989630000E-01  3.673990000E-02  3.333330000E-02  4.185167584E-02  5.827787682E+02 
       303  5.488770000E-02  3.697740000E-02  3.333330000E-02  8.373408840E-03  1.048385437E+03 
       304  1.008950000E+00  3.734940000E-02  3.333330000E-02  2.082603720E-02 -7.638690955E+02 
       305  1.008950000E+00  3.855420000E-02  3.333330000E-02  2.088831208E-02 -7.659653123E+02 
       306  1.008950000E+00  3.975900000E-02  3.333330000E-02  2.092454753E-02 -7.679312816E+02 
       307  6.579970000E-01  4.059990000E-02  3.333330000E-02  4.493147577E-02  5.709022193E+02 
       308  1.008950000E+00  4.096390000E-02  3.333330000E-02  2.093569331E-02 -7.697813129E+02 
       309  1.008950000E+00  4.216870000E-02  3.333330000E-02  2.092325425E-02 -7.715178853E+02 
       310  1.008950000E+00  4.337350000E-02  3.333330000E-02  2.088805623E-02 -7.731448616E+02 
       311  8.351470000E-02  4.379180000E-02  3.333330000E-02  1.935983892E-02  1.006368120E+03 
       312  6.170090000E-01  4.421250000E-02  3.333330000E-02  4.702789786E-02  5.668135874E+02 
       313  1.008950000E+00  4.457830000E-02  3.333330000E-02  2.083077966E-02 -7.746660591E+02 
       314  1.008950000E+00  4.578310000E-02  3.333330000E-02  2.075215374E-02 -7.760859402E+02 
       315  1.008950000E+00  4.698800000E-02  3.333330000E-02  2.065278147E-02 -7.774076330E+02 
       316  5.759990000E-01  4.755650000E-02  3.333330000E-02  4.855234000E-02  5.689295993E+02 
       317  1.008950000E+00  4.819280000E-02  3.333330000E-02  2.053280834E-02 -7.786318341E+02 
       318  9.957970000E-01  4.922010000E-02  3.333330000E-02  3.709418978E-03  7.859217898E+02 
       319  1.008950000E+00  4.939760000E-02  3.333330000E-02  2.039216659E-02 -7.797590440E+02 
       320  1.241140000E-01  5.043730000E-02  3.333330000E-02  3.428402216E-02  9.291830293E+02 
       321  1.008950000E+00  5.060240000E-02  3.333330000E-02  2.023148706E-02 -7.807972510E+02 
       322  5.349650000E-01  5.060440000E-02  3.333330000E-02  4.977209659E-02  5.754750351E+02 
       323  1.008950000E+00  5.180720000E-02  3.333330000E-02  2.005195962E-02 -7.817544579E+02 
       324  1.008950000E+00  5.301200000E-02  3.333330000E-02  1.985401757E-02 -7.826319338E+02 
       325  4.939080000E-01  5.332060000E-02  3.333330000E-02  5.062848748E-02  5.860817155E+02 
       326  1.008950000E+00  5.421690000E-02  3.333330000E-02  1.963718312E-02 -7.834315202E+02 
       327  1.650180000E-01  5.486620000E-02  3.333330000E-02  4.322049194E-02  8.548306647E+02 
       328  1.008950000E+00  5.542170000E-02  3.333330000E-02  1.940070929E-02 -7.841552791E+02 
       329  4.528280000E-01  5.566140000E-02  3.333330000E-02  5.124312742E-02  6.007501879E+02 
       330  1.008950000E+00  5.662650000E-02  3.333330000E-02  1.914375769E-02 -7.848053282E+02 
       331  4.117260000E-01  5.757270000E-02  3.333330000E-02  5.167338620E-02  6.194524464E+02 
       332  2.060650000E-01  5.771190000E-02  3.333330000E-02  4.793707819E-02  7.934324407E+02 
       333  1.008950000E+00  5.783130000E-02  3.333330000E-02  1.886547015E-02 -7.853846866E+02 
       334  3.706030000E-01  5.898830000E-02  3.333330000E-02  5.192575894E-02  6.424658520E+02 
       335  1.008950000E+00  5.903610000E-02  3.333330000E-02  1.856498064E-02 -7.858973840E+02 
       336  2.471780000E-01  5.933890000E-02  3.333330000E-02  5.032733505E-02  7.443538063E+02 
       337  3.294650000E-01  5.982680000E-02  3.333330000E-02  5.191789717E-02  6.702956183E+02 
       338  2.883190000E-01  5.998690000E-02  3.333330000E-02  5.149227232E-02  7.038737521E+02 
       339  1.008950000E+00  6.024100000E-02  3.333330000E-02  1.824122756E-02 -7.863460056E+02 
       340  9.988390000E-01  6.096260000E-02  3.333330000E-02  7.402637142E-03  7.857169279E+02 
       341  1.008950000E+00  6.144580000E-02  3.333330000E-02  1.789275064E-02 -7.867305549E+02 
       342  1.008950000E+00  6.265060000E-02  3.333330000E-02  1.751781298E-02 -7.870528140E+02 
       343  1.008950000E+00  6.385540000E-02  3.333330000E-02  1.711458653E-02 -7.873165346E+02 
       344  1.008950000E+00  6.506020000E-02  3.333330000E-02  1.668110512E-02 -7.875252368E+02 
       345  1.008950000E+00  6.626510000E-02  3.333330000E-02  1.621530242E-02 -7.876832259E+02 
       346  1.008950000E+00  6.746990000E-02  3.333330000E-02  1.571511079E-02 -7.877955970E+02 
       347  1.008950000E+00  6.867470000E-02  3.333330000E-02  1.517846906E-02 -7.878681287E+02 
       348  1.008950000E+00  6.987950000E-02  3.333330000E-02  1.460331161E-02 -7.879082261E+02 
       349  1.001370000E+00  7.073980000E-02  3.333330000E-02  1.063164604E-02  7.776150006E+02 
       350  1.008950000E+00  7.108430000E-02  3.333330000E-02  1.398755960E-02 -7.879259619E+02 
       351  1.008950000E+00  7.228920000E-02  3.333330000E-02  1.332911103E-02 -7.879325562E+02 
       352  1.008950000E+00  7.349400000E-02  3.333330000E-02  1.262565679E-02 -7.879389645E+02 
       353  1.008950000E+00  7.469880000E-02  3.333330000E-02  1.187464005E-02 -7.879555479E+02 
       354  1.008950000E+00  7.590360000E-02  3.333330000E-02  1.107335385E-02 -7.879957709E+02 
       355  1.008950000E+00  7.710840000E-02  3.333330000E-02  1.021914669E-02 -7.880760854E+02 
       356  1.008950000E+00  7.831330000E-02  3.333330000E-02  9.309981406E-03 -7.882117315E+02 
       357  1.003480000E+00  7.887370000E-02  3.333330000E-02  1.232946748E-02  7.689432596E+02 
       358  1.008950000E+00  7.951810000E-02  3.333330000E-02  8.344659441E-03 -7.884195632E+02 
       359  1.008950000E+00  8.072290000E-02  3.333330000E-02  7.322791664E-03 -7.887176783E+02 
       360  1.008950000E+00  8.192770000E-02  3.333330000E-02  6.244568462E-03 -7.891322408E+02 
       361  1.008950000E+00  8.313250000E-02  3.333330000E-02  5.110617954E-03 -7.897009017E+02 
       362  1.008950000E+00  8.433730000E-02  3.333330000E-02  3.922616474E-03 -7.904590712E+02 
       363  1.008950000E+00  8.554220000E-02  3.333330000E-02  2.688503505E-03 -7.914433732E+02 
       364  1.005240000E+00  8.565510000E-02  3.333330000E-02  1.364443643E-02  7.708141845E+02 
       365  1.008950000E+00  8.674700000E-02  3.333330000E-02  1.477291336E-03 -7.926980656E+02 
       366  1.008950000E+00  8.795180000E-02  3.333330000E-02  1.003351046E-03 -7.942769065E+02 
       367  1.008950000E+00  8.915660000E-02  3.333330000E-02  1.819414609E-03 -7.962528986E+02 
       368  1.008950000E+00  9.036140000E-02  3.333330000E-02  3.345370812E-03 -7.987354937E+02 
       369  1.006710000E+00  9.131690000E-02  3.333330000E-02  2.672140181E-02  7.917750838E+02 
       370  1.008950000E+00  9.156630000E-02  3.333330000E-02  5.083860889E-03 -8.018948573E+02 
       371  1.008950000E+00  9.277110000E-02  3.333330000E-02  7.055436649E-03 -8.060277143E+02 
       372  1.008950000E+00  9.397590000E-02  3.333330000E-02  9.370082446E-03 -8.117162126E+02 
       373  1.008950000E+00  9.518070000E-02  3.333330000E-02  1.224162955E-02 -8.198381211E+02 
       374  1.007930000E+00  9.604710000E-02  3.333330000E-02  6.774876929E-02  7.202538056E+02 
       375  1.008950000E+00  9.638550000E-02  3.333330000E-02  1.593986557E-02 -8.329659860E+02 
       376  1.008950000E+00  9.759040000E-02  3.333330000E-02  2.108618589E-02 -8.488145399E+02 
       377  1.008950000E+00  9.879520000E-02  3.333330000E-02  2.572069493E-02 -9.136434078E+02 
       378  1.008950000E+00  1.000000000E-01  3.333330000E-02  6.185838444E-02 -1.718817894E+02 
       379  2.883190000E-01 -5.998690000E-02  6.666670000E-02  2.567407721E-02 -5.577922763E+02 
       380  3.294650000E-01 -5.982680000E-02  6.666670000E-02  2.516935341E-02 -5.527338878E+02 
       381  2.471780000E-01 -5.933890000E-02  6.666670000E-02  2.645138575E-02 -5.646535236E+02 
       382  3.706030000E-01 -5.898830000E-02  6.666670000E-02  2.502427264E-02 -5.499672288E+02 
       383  2.060650000E-01 -5.771190000E-02  6.666670000E-02  2.759426991E-02 -5.740234718E+02 
       384  4.117260000E-01 -5.757270000E-02  6.666670000E-02  2.521343184E-02 -5.490471026E+02 
       385  4.528280000E-01 -5.566140000E-02  6.666670000E-02  2.557688283E-02 -5.494302245E+02 
       386  1.650180000E-01 -5.486620000E-02  6.666670000E-02  2.926223527E-02 -5.897328458E+02 
       387  4.939080000E-01 -5.332060000E-02  6.666670000E-02  2.597753629E-02 -5.504676495E+02 
       388  5.349650000E-01 -5.060440000E-02  6.666670000E-02  2.630835309E-02 -5.516990375E+02 
       389  1.241140000E-01 -5.043730000E-02  6.666670000E-02  3.066077422E-02 -6.269619006E+02 
       390  5.759990000E-01 -4.755650000E-02  6.666670000E-02  2.649229131E-02 -5.528614599E+02 
       391  6.170090000E-01 -4.421250000E-02  6.666670000E-02  2.650801589E-02 -5.540172628E+02 
       392  8.351470000E-02 -4.379180000E-02  6.666670000E-02  2.732395785E-02 -7.134871523E+02 
       393  6.579970000E-01 -4.059990000E-02  6.666670000E-02  2.638446734E-02 -5.554833389E+02 
       394  5.488770000E-02 -3.697740000E-02  6.666670000E-02  1.658128709E-02 -8.583271185E+02 
       395  6.989630000E-01 -3.673990000E-02  6.666670000E-02  2.616401760E-02 -5.576184310E+02 
       396  7.399050000E-01 -3.264710000E-02  6.666670000E-02  2.585631062E-02 -5.607140815E+02 
       397  3.777470000E-02 -3.147510000E-02  6.666670000E-02  4.238356436E-02 -1.108994545E+03 
       398  7.808250000E-01 -2.833060000E-02  6.666670000E-02  2.548533354E-02 -5.648174514E+02 
       399  2.634450000E-02 -2.677890000E-02  6.666670000E-02  9.837335273E-02 -1.549800075E+03 
       400  8.159680000E-01 -2.444550000E-02  6.666670000E-02  2.498971261E-02 -5.692319009E+02 
       401  1.821900000E-02 -2.259850000E-02  6.666670000E-02  1.411606629E-01 -2.125921912E+03 
       402  8.510930000E-01 -2.039720000E-02  6.666670000E-02  2.419647346E-02 -5.740508505E+02 
       403  1.318260000E-02 -1.942040000E-02  6.666670000E-02  1.716598858E-01 -2.688902464E+03 
       404  8.782860000E-01 -1.714700000E-02  6.666670000E-02  2.316237957E-02 -5.784190476E+02 
       405  9.850590000E-03 -1.691540000E-02  6.666670000E-02  1.958715178E-01 -3.197729562E+03 
       406  7.411530000E-03 -1.476420000E-02  6.666670000E-02  2.168101978E-01 -3.632414276E+03 
       407  9.009380000E-01 -1.436040000E-02  6.666670000E-02  2.179543609E-02 -5.824292331E+02 
       408  5.510960000E-03 -1.280140000E-02  6.666670000E-02  2.323562592E-01 -3.941056093E+03 
       409  9.198070000E-01 -1.198220000E-02  6.666670000E-02  2.004897537E-02 -5.862788004E+02 
       410  3.983540000E-03 -1.093890000E-02  6.666670000E-02  2.421200728E-01 -4.167470028E+03 
       411  9.355260000E-01 -9.960600000E-03  6.666670000E-02  1.794089394E-02 -5.903732555E+02 
       412  2.745270000E-03 -9.124550000E-03  6.666670000E-02  2.494017720E-01 -4.354318617E+03 
       413  9.486220000E-01 -8.247430000E-03  6.666670000E-02  1.550016463E-02 -5.947752138E+02 
       414  1.752850000E-03 -7.324960000E-03  6.666670000E-02  2.547565408E-01 -4.471658905E+03 
       415  9.595320000E-01 -6.799650000E-03  6.666670000E-02  1.271305486E-02 -5.994726935E+02 
       416  9.686220000E-01 -5.578890000E-03  6.666670000E-02  9.579446211E-03 -6.049458327E+02 
       417  9.860190000E-04 -5.518970000E-03  6.666670000E-02  2.573303819E-01 -4.487772023E+03 
       418  9.761960000E-01 -4.551510000E-03  6.666670000E-02  6.158066303E-03 -6.116761500E+02 
       419  4.384000000E-04 -3.696570000E-03  6.666670000E-02  2.574263130E-01 -4.366035202E+03 
       420  9.825070000E-01 -3.688230000E-03  6.666670000E-02  2.618520369E-03 -6.200647543E+02 
       421  9.877650000E-01 -2.963870000E-03  6.666670000E-02  2.005396105E-03 -6.302141688E+02 
       422  9.921460000E-01 -2.356690000E-03  6.666670000E-02  4.933138135E-03 -6.421318888E+02 
       423  1.095110000E-04 -1.855900000E-03  6.666670000E-02  2.556812220E-01 -4.102812107E+03 
       424  9.957970000E-01 -1.848260000E-03  6.666670000E-02  8.243944274E-03 -6.551619573E+02 
       425  9.988390000E-01 -1.422790000E-03  6.666670000E-02  1.089615984E-02 -6.675523860E+02 
       426  1.001370000E+00 -1.062990000E-03  6.666670000E-02  1.253458251E-02 -6.774906176E+02 
       427  1.003480000E+00 -7.543150000E-04  6.666670000E-02  1.280837933E-02 -6.833314643E+02 
       428  1.005240000E+00 -4.991700000E-04  6.666670000E-02  1.124078950E-02 -6.839601253E+02 
       429  1.006710000E+00 -2.932730000E-04  6.666670000E-02  7.892193804E-03 -6.809702414E+02 
       430  1.007930000E+00 -1.294160000E-04  6.666670000E-02  6.786999399E-03 -6.802765135E+02 
       431  0.000000000E+00  0.000000000E+00  6.666670000E-02  2.507122273E-01 -3.761524193E+03 
       432  1.008950000E+00  0.000000000E+00  6.666670000E-02  1.256572291E-02 -6.731836059E+02 
       433  1.008950000E+00  1.204820000E-03  6.666670000E-02  1.647701181E-02 -6.673741597E+02 
       434  1.095110000E-04  1.855900000E-03  6.666670000E-02  2.407677522E-01 -3.371081581E+03 
       435  1.008950000E+00  2.409640000E-03  6.666670000E-02  1.493331189E-02 -6.706990686E+02 
       436  1.008950000E+00  3.614460000E-03  6.666670000E-02  1.392238212E-02 -6.727781809E+02 
       437  9.825070000E-01  3.688230000E-03  6.666670000E-02  6.319637100E-04  7.512125877E+02 
       438  4.384000000E-04  3.696570000E-03  6.666670000E-02  2.270010338E-01 -2.889039477E+03 
       439  9.761960000E-01  4.551510000E-03  6.666670000E-02  3.426825820E-03  7.518216392E+02 
       440  1.008950000E+00  4.819280000E-03  6.666670000E-02  1.326332042E-02 -6.754799876E+02 
       441  9.860190000E-04  5.518970000E-03  6.666670000E-02  2.109995410E-01 -2.341099916E+03 
       442  9.686220000E-01  5.578890000E-03  6.666670000E-02  7.819872929E-03  7.466229113E+02 
       443  1.008950000E+00  6.024100000E-03  6.666670000E-02  1.290427925E-02 -6.784692815E+02 
       444  9.595320000E-01  6.799650000E-03  6.666670000E-02  9.481637461E-03  7.407800303E+02 
       445  1.008950000E+00  7.228920000E-03  6.666670000E-02  1.277318782E-02 -6.816867495E+02 
       446  1.752850000E-03  7.324960000E-03  6.666670000E-02  1.934345599E-01 -1.791715517E+03 
       447  9.486220000E-01  8.247430000E-03  6.666670000E-02  7.822212513E-03  7.384309299E+02 
       448  1.008950000E+00  8.433730000E-03  6.666670000E-02  1.282050131E-02 -6.850518614E+02 
       449  2.745270000E-03  9.124550000E-03  6.666670000E-02  1.746014416E-01 -1.258128606E+03 
       450  1.008950000E+00  9.638550000E-03  6.666670000E-02  1.300466757E-02 -6.885321457E+02 
       451  9.355260000E-01  9.960600000E-03  6.666670000E-02  5.718808448E-03  7.387900063E+02 
       452  1.008950000E+00  1.084340000E-02  6.666670000E-02  1.329157877E-02 -6.921258486E+02 
       453  3.983540000E-03  1.093890000E-02  6.666670000E-02  1.553290585E-01 -7.592465200E+02 
       454  9.198070000E-01  1.198220000E-02  6.666670000E-02  5.139967063E-03  7.380840071E+02 
       455  1.008950000E+00  1.204820000E-02  6.666670000E-02  1.365651718E-02 -6.958131941E+02 
       456  5.510960000E-03  1.280140000E-02  6.666670000E-02  1.369276608E-01 -3.447132305E+02 
       457  1.008950000E+00  1.325300000E-02  6.666670000E-02  1.407753618E-02 -6.995546523E+02 
       458  9.009380000E-01  1.436040000E-02  6.666670000E-02  5.039483496E-03  7.342559233E+02 
       459  1.008950000E+00  1.445780000E-02  6.666670000E-02  1.453557907E-02 -7.033353838E+02 
       460  7.411530000E-03  1.476420000E-02  6.666670000E-02  1.193207684E-01 -9.824205586E+00 
       461  1.008950000E+00  1.566270000E-02  6.666670000E-02  1.501618887E-02 -7.071338319E+02 
       462  1.008950000E+00  1.686750000E-02  6.666670000E-02  1.550753048E-02 -7.109327594E+02 
       463  9.850590000E-03  1.691540000E-02  6.666670000E-02  1.013011598E-01  2.901247538E+02 
       464  8.782860000E-01  1.714700000E-02  6.666670000E-02  2.673587446E-03  7.246357810E+02 
       465  1.008950000E+00  1.807230000E-02  6.666670000E-02  1.600017089E-02 -7.147157920E+02 
       466  9.877650000E-01  1.820810000E-02  6.666670000E-02  5.024388875E-04  7.540798841E+02 
       467  1.008950000E+00  1.927710000E-02  6.666670000E-02  1.648659959E-02 -7.184674949E+02 
       468  1.318260000E-02  1.942040000E-02  6.666670000E-02  8.169374358E-02  5.630299851E+02 
       469  8.510930000E-01  2.039720000E-02  6.666670000E-02  5.205741197E-03  7.047527466E+02 
       470  1.008950000E+00  2.048190000E-02  6.666670000E-02  1.696078535E-02 -7.221737934E+02 
       471  1.008950000E+00  2.168670000E-02  6.666670000E-02  1.741790353E-02 -7.258219508E+02 
       472  1.821900000E-02  2.259850000E-02  6.666670000E-02  5.993824011E-02  7.922121533E+02 
       473  1.008950000E+00  2.289160000E-02  6.666670000E-02  1.785409538E-02 -7.294002761E+02 
       474  1.008950000E+00  2.409640000E-02  6.666670000E-02  1.826627622E-02 -7.328979987E+02 
       475  8.159680000E-01  2.444550000E-02  6.666670000E-02  1.747059229E-02  6.722287177E+02 
       476  1.008950000E+00  2.530120000E-02  6.666670000E-02  1.865201179E-02 -7.363050938E+02 
       477  1.008950000E+00  2.650600000E-02  6.666670000E-02  1.900945283E-02 -7.396126693E+02 
       478  2.634450000E-02  2.677890000E-02  6.666670000E-02  3.717269607E-02  9.531631070E+02 
       479  1.008950000E+00  2.771080000E-02  6.666670000E-02  1.933736013E-02 -7.428136379E+02 
       480  7.808250000E-01  2.833060000E-02  6.666670000E-02  2.911803761E-02  6.366849464E+02 
       481  1.008950000E+00  2.891570000E-02  6.666670000E-02  1.963433896E-02 -7.458920792E+02 
       482  1.008950000E+00  3.012050000E-02  6.666670000E-02  1.989899792E-02 -7.488426525E+02 
       483  1.008950000E+00  3.132530000E-02  6.666670000E-02  2.013077661E-02 -7.516648348E+02 
       484  3.777470000E-02  3.147510000E-02  6.666670000E-02  1.594542273E-02  1.034887221E+03 
       485  1.008950000E+00  3.253010000E-02  6.666670000E-02  2.032927769E-02 -7.543495926E+02 
       486  7.399050000E-01  3.264710000E-02  6.666670000E-02  3.715120959E-02  6.042211292E+02 
       487  1.008950000E+00  3.373490000E-02  6.666670000E-02  2.049479320E-02 -7.568963743E+02 
       488  1.008950000E+00  3.493980000E-02  6.666670000E-02  2.063032102E-02 -7.593236102E+02 
       489  9.921460000E-01  3.512580000E-02  6.666670000E-02  1.329253311E-03  7.720437547E+02 
       490  1.008950000E+00  3.614460000E-02  6.666670000E-02  2.074051316E-02 -7.616484964E+02 
       491  6.989630000E-01  3.673990000E-02  6.666670000E-02  4.185169047E-02  5.827787683E+02 
       492  5.488770000E-02  3.697740000E-02  6.666670000E-02  8.373408262E-03  1.048385430E+03 
       493  1.008950000E+00  3.734940000E-02  6.666670000E-02  2.082749376E-02 -7.638693720E+02 
       494  1.008950000E+00  3.855420000E-02  6.666670000E-02  2.088982866E-02 -7.659656457E+02 
       495  1.008950000E+00  3.975900000E-02  6.666670000E-02  2.092612530E-02 -7.679316213E+02 
       496  6.579970000E-01  4.059990000E-02  6.666670000E-02  4.493148912E-02  5.709022243E+02 
       497  1.008950000E+00  4.096390000E-02  6.666670000E-02  2.093732608E-02 -7.697816415E+02 
       498  1.008950000E+00  4.216870000E-02  6.666670000E-02  2.092493703E-02 -7.715181809E+02 
       499  1.008950000E+00  4.337350000E-02  6.666670000E-02  2.088978487E-02 -7.731451078E+02 
       500  8.351470000E-02  4.379180000E-02  6.666670000E-02  1.935984019E-02  1.006368112E+03 
       501  6.170090000E-01  4.421250000E-02  6.666670000E-02  4.702791045E-02  5.668135934E+02 
       502  1.008950000E+00  4.457830000E-02  6.666670000E-02  2.083255051E-02 -7.746662420E+02 
       503  1.008950000E+00  4.578310000E-02  6.666670000E-02  2.075396313E-02 -7.760860474E+02 
       504  1.008950000E+00  4.698800000E-02  6.666670000E-02  2.065462522E-02 -7.774076515E+02 
       505  5.759990000E-01  4.755650000E-02  6.666670000E-02  4.855235168E-02  5.689296053E+02 
       506  1.008950000E+00  4.819280000E-02  6.666670000E-02  2.053468123E-02 -7.786317485E+02 
       507  9.957970000E-01  4.922010000E-02  6.666670000E-02  3.709380068E-03  7.859230751E+02 
       508  1.008950000E+00  4.939760000E-02  6.666670000E-02  2.039406268E-02 -7.797588410E+02 
       509  1.241140000E-01  5.043730000E-02  6.666670000E-02  3.428402171E-02  9.291830260E+02 
       510  1.008950000E+00  5.060240000E-02  6.666670000E-02  2.023340027E-02 -7.807969181E+02 
       511  5.349650000E-01  5.060440000E-02  6.666670000E-02  4.977210639E-02  5.754750416E+02 
       512  1.008950000E+00  5.180720000E-02  6.666670000E-02  2.005388340E-02 -7.817539802E+02 
       513  1.008950000E+00  5.301200000E-02  6.666670000E-02  1.985594482E-02 -7.826312975E+02 
       514  4.939080000E-01  5.332060000E-02  6.666670000E-02  5.062849458E-02  5.860817232E+02 
       515  1.008950000E+00  5.421690000E-02  6.666670000E-02  1.963910668E-02 -7.834307117E+02 
       516  1.650180000E-01  5.486620000E-02  6.666670000E-02  4.322049054E-02  8.548306670E+02 
       517  1.008950000E+00  5.542170000E-02  6.666670000E-02  1.940262229E-02 -7.841542835E+02 
       518  4.528280000E-01  5.566140000E-02  6.666670000E-02  5.124313254E-02  6.007501966E+02 
       519  1.008950000E+00  5.662650000E-02  6.666670000E-02  1.914565368E-02 -7.848041303E+02 
       520  4.117260000E-01  5.757270000E-02  6.666670000E-02  5.167339026E-02  6.194524558E+02 
       521  2.060650000E-01  5.771190000E-02  6.666670000E-02  4.793707669E-02  7.934324474E+02 
       522  1.008950000E+00  5.783130000E-02  6.666670000E-02  1.886734336E-02 -7.853832750E+02 
       523  3.706030000E-01  5.898830000E-02  6.666670000E-02  5.192576163E-02  6.424658620E+02 
       524  1.008950000E+00  5.903610000E-02  6.666670000E-02  1.856682592E-02 -7.858957512E+02 
       525  2.471780000E-01  5.933890000E-02  6.666670000E-02  5.032733413E-02  7.443538149E+02 
       526  3.294650000E-01  5.982680000E-02  6.666670000E-02  5.191789836E-02  6.702956284E+02 
       527  2.883190000E-01  5.998690000E-02  6.666670000E-02  5.149227230E-02  7.038737618E+02 
       528  1.008950000E+00  6.024100000E-02  6.666670000E-02  1.824303957E-02 -7.863441281E+02 
       529  9.988390000E-01  6.096260000E-02  6.666670000E-02  7.402566214E-03  7.857186921E+02 
       530  1.008950000E+00  6.144580000E-02  6.666670000E-02  1.789452380E-02 -7.867284112E+02 
       531  1.008950000E+00  6.265060000E-02  6.666670000E-02  1.751954291E-02 -7.870503973E+02 
       532  1.008950000E+00  6.385540000E-02  6.666670000E-02  1.711627016E-02 -7.873138369E+02 
       533  1.008950000E+00  6.506020000E-02  6.666670000E-02  1.668273992E-02 -7.875222514E+02 
       534  1.008950000E+00  6.626510000E-02  6.666670000E-02  1.621688600E-02 -7.876799440E+02 
       535  1.008950000E+00  6.746990000E-02  6.666670000E-02  1.571663849E-02 -7.877919925E+02 
       536  1.008950000E+00  6.867470000E-02  6.666670000E-02  1.517994084E-02 -7.878643070E+02 
       537  1.008950000E+00  6.987950000E-02  6.666670000E-02  1.460473971E-02 -7.879040838E+02 
       538  1.001370000E+00  7.073980000E-02  6.666670000E-02  1.063172931E-02  7.776177471E+02 
       539  1.008950000E+00  7.108430000E-02  6.666670000E-02  1.398895351E-02 -7.879213107E+02 
       540  1.008950000E+00  7.228920000E-02  6.666670000E-02  1.333046822E-02 -7.879274711E+02 
       541  1.008950000E+00  7.349400000E-02  6.666670000E-02  1.262697376E-02 -7.879335071E+02 
       542  1.008950000E+00  7.469880000E-02  6.666670000E-02  1.187590960E-02 -7.879497812E+02 
       543  1.008950000E+00  7.590360000E-02  6.666670000E-02  1.107456424E-02 -7.879897442E+02 
       544  1.008950000E+00  7.710840000E-02  6.666670000E-02  1.022029115E-02 -7.880697961E+02 
       545  1.008950000E+00  7.831330000E-02  6.666670000E-02  9.311054603E-03 -7.882051795E+02 
       546  1.003480000E+00  7.887370000E-02  6.666670000E-02  1.233017852E-02  7.689454923E+02 
       547  1.008950000E+00  7.951810000E-02  6.666670000E-02  8.345647657E-03 -7.884127921E+02 
       548  1.008950000E+00  8.072290000E-02  6.666670000E-02  7.323682897E-03 -7.887107080E+02 
       549  1.008950000E+00  8.192770000E-02  6.666670000E-02  6.245367256E-03 -7.891250661E+02 
       550  1.008950000E+00  8.313250000E-02  6.666670000E-02  5.111337581E-03 -7.896934778E+02 
       551  1.008950000E+00  8.433730000E-02  6.666670000E-02  3.923268550E-03 -7.904515974E+02 
       552  1.008950000E+00  8.554220000E-02  6.666670000E-02  2.689089948E-03 -7.914360682E+02 
       553  1.005240000E+00  8.565510000E-02  6.666670000E-02  1.364696905E-02  7.708180620E+02 
       554  1.008950000E+00  8.674700000E-02  6.666670000E-02  1.477747020E-03 -7.926908096E+02 
       555  1.008950000E+00  8.795180000E-02  6.666670000E-02  1.003347247E-03 -7.942696246E+02 
       556  1.008950000E+00  8.915660000E-02  6.666670000E-02  1.819023813E-03 -7.962456087E+02 
       557  1.008950000E+00  9.036140000E-02  6.666670000E-02  3.344971019E-03 -7.987282002E+02 
       558  1.006710000E+00  9.131690000E-02  6.666670000E-02  2.672245180E-02  7.917831875E+02 
       559  1.008950000E+00  9.156630000E-02  6.666670000E-02  5.083494246E-03 -8.018875687E+02 
       560  1.008950000E+00  9.277110000E-02  6.666670000E-02  7.055103843E-03 -8.060204282E+02 
       561  1.008950000E+00  9.397590000E-02  6.666670000E-02  9.369774623E-03 -8.117088988E+02 
       562  1.008950000E+00  9.518070000E-02  6.666670000E-02  1.224132406E-02 -8.198307226E+02 
       563  1.007930000E+00  9.604710000E-02  6.666670000E-02  6.774498520E-02  7.202488419E+02 
       564  1.008950000E+00  9.638550000E-02  6.666670000E-02  1.593952976E-02 -8.329582477E+02 
       565  1.008950000E+00  9.759040000E-02  6.666670000E-02  2.108575030E-02 -8.488063788E+02 
       566  1.008950000E+00  9.879520000E-02  6.666670000E-02  2.572018349E-02 -9.136327087E+02 
       567  1.008950000E+00  1.000000000E-01  6.666670000E-02  6.185525266E-02 -1.718851795E+02 
       568  2.883190000E-01 -5.998690000E-02  1.000000000E-01  2.567393092E-02 -5.577923525E+02 
       569  3.294650000E-01 -5.982680000E-02  1.000000000E-01  2.516915083E-02 -5.527338981E+02 
       570  2.471780000E-01 -5.933890000E-02  1.000000000E-01  2.645129169E-02 -5.646536198E+02 
       571  3.706030000E-01 -5.898830000E-02  1.000000000E-01  2.502401674E-02 -5.499672011E+02 
       572  2.060650000E-01 -5.771190000E-02  1.000000000E-01  2.759421476E-02 -5.740235473E+02 
       573  4.117260000E-01 -5.757270000E-02  1.000000000E-01  2.521312959E-02 -5.490470791E+02 
       574  4.528280000E-01 -5.566140000E-02  1.000000000E-01  2.557653868E-02 -5.494301931E+02 
       575  1.650180000E-01 -5.486620000E-02  1.000000000E-01  2.926219754E-02 -5.897328562E+02 
       576  4.939080000E-01 -5.332060000E-02  1.000000000E-01  2.597715658E-02 -5.504675870E+02 
       577  5.349650000E-01 -5.060440000E-02  1.000000000E-01  2.630794785E-02 -5.516989471E+02 
       578  1.241140000E-01 -5.043730000E-02  1.000000000E-01  3.066081119E-02 -6.269617457E+02 
       579  5.759990000E-01 -4.755650000E-02  1.000000000E-01  2.649186804E-02 -5.528614101E+02 
       580  6.170090000E-01 -4.421250000E-02  1.000000000E-01  2.650758025E-02 -5.540172012E+02 
       581  8.351470000E-02 -4.379180000E-02  1.000000000E-01  2.732446735E-02 -7.134853537E+02 
       582  6.579970000E-01 -4.059990000E-02  1.000000000E-01  2.638402768E-02 -5.554832041E+02 
       583  5.488770000E-02 -3.697740000E-02  1.000000000E-01  1.658147910E-02 -8.583215543E+02 
       584  6.989630000E-01 -3.673990000E-02  1.000000000E-01  2.616359312E-02 -5.576183002E+02 
       585  7.399050000E-01 -3.264710000E-02  1.000000000E-01  2.585595364E-02 -5.607139497E+02 
       586  3.777470000E-02 -3.147510000E-02  1.000000000E-01  4.238162320E-02 -1.108984776E+03 
       587  7.808250000E-01 -2.833060000E-02  1.000000000E-01  2.548514755E-02 -5.648171845E+02 
       588  2.634450000E-02 -2.677890000E-02  1.000000000E-01  9.837257571E-02 -1.549791025E+03 
       589  8.159680000E-01 -2.444550000E-02  1.000000000E-01  2.498982784E-02 -5.692314593E+02 
       590  1.821900000E-02 -2.259850000E-02  1.000000000E-01  1.411602609E-01 -2.125914312E+03 
       591  8.510930000E-01 -2.039720000E-02  1.000000000E-01  2.419712480E-02 -5.740502599E+02 
       592  1.318260000E-02 -1.942040000E-02  1.000000000E-01  1.716593316E-01 -2.688890394E+03 
       593  8.782860000E-01 -1.714700000E-02  1.000000000E-01  2.316376251E-02 -5.784181171E+02 
       594  9.850590000E-03 -1.691540000E-02  1.000000000E-01  1.958708491E-01 -3.197714183E+03 
       595  7.411530000E-03 -1.476420000E-02  1.000000000E-01  2.168096124E-01 -3.632402219E+03 
       596  9.009380000E-01 -1.436040000E-02  1.000000000E-01  2.179774785E-02 -5.824275802E+02 
       597  5.510960000E-03 -1.280140000E-02  1.000000000E-01  2.323559567E-01 -3.941049696E+03 
       598  9.198070000E-01 -1.198220000E-02  1.000000000E-01  2.005237966E-02 -5.862762511E+02 
       599  3.983540000E-03 -1.093890000E-02  1.000000000E-01  2.421199010E-01 -4.167464792E+03 
       600  9.355260000E-01 -9.960600000E-03  1.000000000E-01  1.794556879E-02 -5.903693396E+02 
       601  2.745270000E-03 -9.124550000E-03  1.000000000E-01  2.494016523E-01 -4.354315534E+03 
       602  9.486220000E-01 -8.247430000E-03  1.000000000E-01  1.550643531E-02 -5.947698522E+02 
       603  1.752850000E-03 -7.324960000E-03  1.000000000E-01  2.547564855E-01 -4.471657497E+03 
       604  9.595320000E-01 -6.799650000E-03  1.000000000E-01  1.272144043E-02 -5.994651899E+02 
       605  9.686220000E-01 -5.578890000E-03  1.000000000E-01  9.590426790E-03 -6.049344675E+02 
       606  9.860190000E-04 -5.518970000E-03  1.000000000E-01  2.573303639E-01 -4.487771821E+03 
       607  9.761960000E-01 -4.551510000E-03  1.000000000E-01  6.171843716E-03 -6.116588627E+02 
       608  4.384000000E-04 -3.696570000E-03  1.000000000E-01  2.574263065E-01 -4.366035381E+03 
       609  9.825070000E-01 -3.688230000E-03  1.000000000E-01  2.633075307E-03 -6.200402306E+02 
       610  9.877650000E-01 -2.963870000E-03  1.000000000E-01  2.002038716E-03 -6.301808225E+02 
       611  9.921460000E-01 -2.356690000E-03  1.000000000E-01  4.911524460E-03 -6.420893965E+02 
       612  1.095110000E-04 -1.855900000E-03  1.000000000E-01  2.556812173E-01 -4.102812023E+03 
       613  9.957970000E-01 -1.848260000E-03  1.000000000E-01  8.221571527E-03 -6.551127606E+02 
       614  9.988390000E-01 -1.422790000E-03  1.000000000E-01  1.087557516E-02 -6.675054362E+02 
       615  1.001370000E+00 -1.062990000E-03  1.000000000E-01  1.251736548E-02 -6.774572872E+02 
       616  1.003480000E+00 -7.543150000E-04  1.000000000E-01  1.279397819E-02 -6.833143143E+02 
       617  1.005240000E+00 -4.991700000E-04  1.000000000E-01  1.122923706E-02 -6.839533514E+02 
       618  1.006710000E+00 -2.932730000E-04  1.000000000E-01  7.883353258E-03 -6.809760141E+02 
       619  1.007930000E+00 -1.294160000E-04  1.000000000E-01  6.787502767E-03 -6.802910317E+02 
       620  0.000000000E+00  0.000000000E+00  1.000000000E-01  2.507122223E-01 -3.761523875E+03 
       621  1.008950000E+00  0.000000000E+00  1.000000000E-01  1.389275275E-02 -6.721939233E+02 
       622  1.008950000E+00  1.204820000E-03  1.000000000E-01  1.647101907E-02 -6.673585030E+02 
       623  1.095110000E-04  1.855900000E-03  1.000000000E-01  2.407677350E-01 -3.371080949E+03 
       624  1.008950000E+00  2.409640000E-03  1.000000000E-01  1.492688697E-02 -6.706923930E+02 
       625  1.008950000E+00  3.614460000E-03  1.000000000E-01  1.391584169E-02 -6.727723306E+02 
       626  9.825070000E-01  3.688230000E-03  1.000000000E-01  6.399310654E-04  7.512590330E+02 
       627  4.384000000E-04  3.696570000E-03  1.000000000E-01  2.270009831E-01 -2.889037651E+03 
       628  9.761960000E-01  4.551510000E-03  1.000000000E-01  3.445705057E-03  7.518485301E+02 
       629  1.008950000E+00  4.819280000E-03  1.000000000E-01  1.325642316E-02 -6.754742810E+02 
       630  9.860190000E-04  5.518970000E-03  1.000000000E-01  2.109994298E-01 -2.341096254E+03 
       631  9.686220000E-01  5.578890000E-03  1.000000000E-01  7.844535182E-03  7.466240764E+02 
       632  1.008950000E+00  6.024100000E-03  1.000000000E-01  1.289691186E-02 -6.784628460E+02 
       633  9.595320000E-01  6.799650000E-03  1.000000000E-01  9.501383658E-03  7.407698346E+02 
       634  1.008950000E+00  7.228920000E-03  1.000000000E-01  1.276527396E-02 -6.816792301E+02 
       635  1.752850000E-03  7.324960000E-03  1.000000000E-01  1.934343607E-01 -1.791709608E+03 
       636  9.486220000E-01  8.247430000E-03  1.000000000E-01  7.833675354E-03  7.384256819E+02 
       637  1.008950000E+00  8.433730000E-03  1.000000000E-01  1.281198449E-02 -6.850430305E+02 
       638  2.745270000E-03  9.124550000E-03  1.000000000E-01  1.746011225E-01 -1.258119983E+03 
       639  1.008950000E+00  9.638550000E-03  1.000000000E-01  1.299551741E-02 -6.885216389E+02 
       640  9.355260000E-01  9.960600000E-03  1.000000000E-01  5.723587781E-03  7.387897051E+02 
       641  1.008950000E+00  1.084340000E-02  1.000000000E-01  1.328178746E-02 -6.921136281E+02 
       642  3.983540000E-03  1.093890000E-02  1.000000000E-01  1.553286406E-01 -7.592362027E+02 
       643  9.198070000E-01  1.198220000E-02  1.000000000E-01  5.141514751E-03  7.380849858E+02 
       644  1.008950000E+00  1.204820000E-02  1.000000000E-01  1.364609876E-02 -6.957993799E+02 
       645  5.510960000E-03  1.280140000E-02  1.000000000E-01  1.369271885E-01 -3.447036898E+02 
       646  1.008950000E+00  1.325300000E-02  1.000000000E-01  1.406652031E-02 -6.995391451E+02 
       647  9.009380000E-01  1.436040000E-02  1.000000000E-01  5.039739816E-03  7.342565000E+02 
       648  1.008950000E+00  1.445780000E-02  1.000000000E-01  1.452399255E-02 -7.033181959E+02 
       649  7.411530000E-03  1.476420000E-02  1.000000000E-01  1.193202606E-01 -9.815186399E+00 
       650  1.008950000E+00  1.566270000E-02  1.000000000E-01  1.500405935E-02 -7.071150318E+02 
       651  1.008950000E+00  1.686750000E-02  1.000000000E-01  1.549488860E-02 -7.109124306E+02 
       652  9.850590000E-03  1.691540000E-02  1.000000000E-01  1.013006422E-01  2.901327878E+02 
       653  8.782860000E-01  1.714700000E-02  1.000000000E-01  2.673662618E-03  7.246359208E+02 
       654  1.008950000E+00  1.807230000E-02  1.000000000E-01  1.598704910E-02 -7.146940295E+02 
       655  9.877650000E-01  1.820810000E-02  1.000000000E-01  4.977554721E-04  7.540525250E+02 
       656  1.008950000E+00  1.927710000E-02  1.000000000E-01  1.647303098E-02 -7.184444044E+02 
       657  1.318260000E-02  1.942040000E-02  1.000000000E-01  8.169334588E-02  5.630349139E+02 
       658  8.510930000E-01  2.039720000E-02  1.000000000E-01  5.205875231E-03  7.047525147E+02 
       659  1.008950000E+00  2.048190000E-02  1.000000000E-01  1.694680252E-02 -7.221494931E+02 
       660  1.008950000E+00  2.168670000E-02  1.000000000E-01  1.740353778E-02 -7.257965717E+02 
       661  1.821900000E-02  2.259850000E-02  1.000000000E-01  5.993804959E-02  7.922138104E+02 
       662  1.008950000E+00  2.289160000E-02  1.000000000E-01  1.783937596E-02 -7.293739629E+02 
       663  1.008950000E+00  2.409640000E-02  1.000000000E-01  1.825123002E-02 -7.328709080E+02 
       664  8.159680000E-01  2.444550000E-02  1.000000000E-01  1.747058819E-02  6.722287527E+02 
       665  1.008950000E+00  2.530120000E-02  1.000000000E-01  1.863666378E-02 -7.362773871E+02 
       666  1.008950000E+00  2.650600000E-02  1.000000000E-01  1.899382708E-02 -7.395845157E+02 
       667  2.634450000E-02  2.677890000E-02  1.000000000E-01  3.717247744E-02  9.531642425E+02 
       668  1.008950000E+00  2.771080000E-02  1.000000000E-01  1.932147515E-02 -7.427851622E+02 
       669  7.808250000E-01  2.833060000E-02  1.000000000E-01  2.911811998E-02  6.366847257E+02 
       670  1.008950000E+00  2.891570000E-02  1.000000000E-01  1.961821312E-02 -7.458634000E+02 
       671  1.008950000E+00  3.012050000E-02  1.000000000E-01  1.988266354E-02 -7.488139203E+02 
       672  1.008950000E+00  3.132530000E-02  1.000000000E-01  2.011429878E-02 -7.516363617E+02 
       673  3.777470000E-02  3.147510000E-02  1.000000000E-01  1.594500703E-02  1.034888112E+03 
       674  1.008950000E+00  3.253010000E-02  1.000000000E-01  2.031276404E-02 -7.543217444E+02 
       675  7.399050000E-01  3.264710000E-02  1.000000000E-01  3.715122671E-02  6.042211354E+02 
       676  1.008950000E+00  3.373490000E-02  1.000000000E-01  2.047835385E-02 -7.568696001E+02 
       677  1.008950000E+00  3.493980000E-02  1.000000000E-01  2.061398155E-02 -7.592980924E+02 
       678  9.921460000E-01  3.512580000E-02  1.000000000E-01  1.320496666E-03  7.718332936E+02 
       679  1.008950000E+00  3.614460000E-02  1.000000000E-01  2.072423095E-02 -7.616243575E+02 
       680  6.989630000E-01  3.673990000E-02  1.000000000E-01  4.185170773E-02  5.827787609E+02 
       681  5.488770000E-02  3.697740000E-02  1.000000000E-01  8.373586595E-03  1.048384841E+03 
       682  1.008950000E+00  3.734940000E-02  1.000000000E-01  2.081124902E-02 -7.638466849E+02 
       683  1.008950000E+00  3.855420000E-02  1.000000000E-01  2.087362379E-02 -7.659444692E+02 
       684  1.008950000E+00  3.975900000E-02  1.000000000E-01  2.090998382E-02 -7.679123053E+02 
       685  6.579970000E-01  4.059990000E-02  1.000000000E-01  4.493150180E-02  5.709022355E+02 
       686  1.008950000E+00  4.096390000E-02  1.000000000E-01  2.092128627E-02 -7.697643989E+02 
       687  1.008950000E+00  4.216870000E-02  1.000000000E-01  2.090902592E-02 -7.715032499E+02 
       688  1.008950000E+00  4.337350000E-02  1.000000000E-01  2.087402220E-02 -7.731327360E+02 
       689  8.351470000E-02  4.379180000E-02  1.000000000E-01  1.936020108E-02  1.006366626E+03 
       690  6.170090000E-01  4.421250000E-02  1.000000000E-01  4.702792247E-02  5.668136056E+02 
       691  1.008950000E+00  4.457830000E-02  1.000000000E-01  2.081695152E-02 -7.746566737E+02 
       692  1.008950000E+00  4.578310000E-02  1.000000000E-01  2.073854308E-02 -7.760795303E+02 
       693  1.008950000E+00  4.698800000E-02  1.000000000E-01  2.063940594E-02 -7.774044824E+02 
       694  5.759990000E-01  4.755650000E-02  1.000000000E-01  4.855236276E-02  5.689296139E+02 
       695  1.008950000E+00  4.819280000E-02  1.000000000E-01  2.051969699E-02 -7.786323298E+02 
       696  9.957970000E-01  4.922010000E-02  1.000000000E-01  3.730114322E-03  7.856920943E+02 
       697  1.008950000E+00  4.939760000E-02  1.000000000E-01  2.037933606E-02 -7.797634165E+02 
       698  1.241140000E-01  5.043730000E-02  1.000000000E-01  3.428408601E-02  9.291825702E+02 
       699  1.008950000E+00  5.060240000E-02  1.000000000E-01  2.021892031E-02 -7.808056905E+02 
       700  5.349650000E-01  5.060440000E-02  1.000000000E-01  4.977211636E-02  5.754750481E+02 
       701  1.008950000E+00  5.180720000E-02  1.000000000E-01  2.003963848E-02 -7.817673055E+02 
       702  1.008950000E+00  5.301200000E-02  1.000000000E-01  1.984193878E-02 -7.826494968E+02 
       703  4.939080000E-01  5.332060000E-02  1.000000000E-01  5.062850273E-02  5.860817325E+02 
       704  1.008950000E+00  5.421690000E-02  1.000000000E-01  1.962534205E-02 -7.834541121E+02 
       705  1.650180000E-01  5.486620000E-02  1.000000000E-01  4.322051648E-02  8.548303731E+02 
       706  1.008950000E+00  5.542170000E-02  1.000000000E-01  1.938909422E-02 -7.841832201E+02 
       707  4.528280000E-01  5.566140000E-02  1.000000000E-01  5.124313863E-02  6.007501876E+02 
       708  1.008950000E+00  5.662650000E-02  1.000000000E-01  1.913234716E-02 -7.848389285E+02 
       709  4.117260000E-01  5.757270000E-02  1.000000000E-01  5.167339578E-02  6.194524408E+02 
       710  2.060650000E-01  5.771190000E-02  1.000000000E-01  4.793708258E-02  7.934323430E+02 
       711  1.008950000E+00  5.783130000E-02  1.000000000E-01  1.885422716E-02 -7.854241723E+02 
       712  3.706030000E-01  5.898830000E-02  1.000000000E-01  5.192576631E-02  6.424658609E+02 
       713  1.008950000E+00  5.903610000E-02  1.000000000E-01  1.855385775E-02 -7.859429281E+02 
       714  2.471780000E-01  5.933890000E-02  1.000000000E-01  5.032733757E-02  7.443537453E+02 
       715  3.294650000E-01  5.982680000E-02  1.000000000E-01  5.191790141E-02  6.702956626E+02 
       716  2.883190000E-01  5.998690000E-02  1.000000000E-01  5.149227445E-02  7.038737521E+02 
       717  1.008950000E+00  6.024100000E-02  1.000000000E-01  1.823019513E-02 -7.863982555E+02 
       718  9.988390000E-01  6.096260000E-02  1.000000000E-01  7.421064441E-03  7.855332724E+02 
       719  1.008950000E+00  6.144580000E-02  1.000000000E-01  1.788179637E-02 -7.867900772E+02 
       720  1.008950000E+00  6.265060000E-02  1.000000000E-01  1.750690114E-02 -7.871198133E+02 
       721  1.008950000E+00  6.385540000E-02  1.000000000E-01  1.710366003E-02 -7.873913893E+02 
       722  1.008950000E+00  6.506020000E-02  1.000000000E-01  1.667010644E-02 -7.876083419E+02 
       723  1.008950000E+00  6.626510000E-02  1.000000000E-01  1.620417229E-02 -7.877750131E+02 
       724  1.008950000E+00  6.746990000E-02  1.000000000E-01  1.570379181E-02 -7.878965483E+02 
       725  1.008950000E+00  6.867470000E-02  1.000000000E-01  1.516692572E-02 -7.879788604E+02 
       726  1.008950000E+00  6.987950000E-02  1.000000000E-01  1.459149231E-02 -7.880288610E+02 
       727  1.001370000E+00  7.073980000E-02  1.000000000E-01  1.061503863E-02  7.776940291E+02 
       728  1.008950000E+00  7.108430000E-02  1.000000000E-01  1.397531263E-02 -7.880568781E+02 
       729  1.008950000E+00  7.228920000E-02  1.000000000E-01  1.331619372E-02 -7.880744260E+02 
       730  1.008950000E+00  7.349400000E-02  1.000000000E-01  1.261181453E-02 -7.880921336E+02 
       731  1.008950000E+00  7.469880000E-02  1.000000000E-01  1.185976953E-02 -7.881213374E+02 
       732  1.008950000E+00  7.590360000E-02  1.000000000E-01  1.105735925E-02 -7.881760467E+02 
       733  1.008950000E+00  7.710840000E-02  1.000000000E-01  1.020188481E-02 -7.882728233E+02 
       734  1.008950000E+00  7.831330000E-02  1.000000000E-01  9.291597938E-03 -7.884259303E+02 
       735  1.003480000E+00  7.887370000E-02  1.000000000E-01  1.233021973E-02  7.696054193E+02 
       736  1.008950000E+00  7.951810000E-02  1.000000000E-01  8.325519337E-03 -7.886496126E+02 
       737  1.008950000E+00  8.072290000E-02  1.000000000E-01  7.303057947E-03 -7.889616052E+02 
       738  1.008950000E+00  8.192770000E-02  1.000000000E-01  6.224033065E-03 -7.893896748E+02 
       739  1.008950000E+00  8.313250000E-02  1.000000000E-01  5.089051880E-03 -7.899729826E+02 
       740  1.008950000E+00  8.433730000E-02  1.000000000E-01  3.899909118E-03 -7.907467462E+02 
       741  1.008950000E+00  8.554220000E-02  1.000000000E-01  2.664770962E-03 -7.917475690E+02 
       742  1.005240000E+00  8.565510000E-02  1.000000000E-01  1.338803523E-02  7.715025968E+02 
       743  1.008950000E+00  8.674700000E-02  1.000000000E-01  1.456235675E-03 -7.930200888E+02 
       744  1.008950000E+00  8.795180000E-02  1.000000000E-01  1.005591899E-03 -7.946177005E+02 
       745  1.008950000E+00  8.915660000E-02  1.000000000E-01  1.845364148E-03 -7.966137645E+02 
       746  1.008950000E+00  9.036140000E-02  1.000000000E-01  3.376110974E-03 -7.991180669E+02 
       747  1.006710000E+00  9.131690000E-02  1.000000000E-01  2.639205674E-02  7.917634483E+02 
       748  1.008950000E+00  9.156630000E-02  1.000000000E-01  5.116843851E-03 -8.023007798E+02 
       749  1.008950000E+00  9.277110000E-02  1.000000000E-01  7.090116149E-03 -8.064592213E+02 
       750  1.008950000E+00  9.397590000E-02  1.000000000E-01  9.405865354E-03 -8.121756610E+02 
       751  1.008950000E+00  9.518070000E-02  1.000000000E-01  1.227750576E-02 -8.203294569E+02 
       752  1.007930000E+00  9.604710000E-02  1.000000000E-01  6.767080687E-02  7.217576245E+02 
       753  1.008950000E+00  9.638550000E-02  1.000000000E-01  1.597497417E-02 -8.334941562E+02 
       754  1.008950000E+00  9.759040000E-02  1.000000000E-01  2.112022690E-02 -8.493710413E+02 
       755  1.008950000E+00  9.879520000E-02  1.000000000E-01  2.574660889E-02 -9.143225278E+02 
       756  1.008950000E+00  1.000000000E-01  1.000000000E-01  6.702624706E-02 -2.690900400E+02 
