nodenumber     x-coordinate     y-coordinate     z-coordinate      mach-number         pressure 
         1  2.883190000E-01 -5.998690000E-02  0.000000000E+00  4.819177027E-02 -9.426864808E+02 
         2  3.294650000E-01 -5.982680000E-02  0.000000000E+00  4.381099226E-02 -8.308357537E+02 
         3  2.471780000E-01 -5.933890000E-02  0.000000000E+00  5.278006487E-02 -1.074842209E+03 
         4  3.706030000E-01 -5.898830000E-02  0.000000000E+00  3.951525679E-02 -7.341112022E+02 
         5  2.060650000E-01 -5.771190000E-02  0.000000000E+00  5.787214526E-02 -1.236575636E+03 
         6  4.117260000E-01 -5.757270000E-02  0.000000000E+00  3.528957199E-02 -6.493024790E+02 
         7  4.528280000E-01 -5.566140000E-02  0.000000000E+00  3.107472625E-02 -5.743656945E+02 
         8  1.650180000E-01 -5.486620000E-02  0.000000000E+00  6.423449217E-02 -1.444349037E+03 
         9  4.939080000E-01 -5.332060000E-02  0.000000000E+00  2.680345297E-02 -5.081984199E+02 
        10  5.349650000E-01 -5.060440000E-02  0.000000000E+00  2.245902295E-02 -4.500716463E+02 
        11  1.241140000E-01 -5.043730000E-02  0.000000000E+00  7.382702126E-02 -1.743778728E+03 
        12  5.759990000E-01 -4.755650000E-02  0.000000000E+00  1.808242033E-02 -3.990924133E+02 
        13  6.170090000E-01 -4.421250000E-02  0.000000000E+00  1.373793729E-02 -3.545102773E+02 
        14  8.351470000E-02 -4.379180000E-02  0.000000000E+00  9.094136214E-02 -2.202079400E+03 
        15  6.579970000E-01 -4.059990000E-02  0.000000000E+00  9.437591508E-03 -3.158062335E+02 
        16  5.488770000E-02 -3.697740000E-02  0.000000000E+00  1.157243895E-01 -2.720606602E+03 
        17  6.989630000E-01 -3.673990000E-02  0.000000000E+00  5.225845725E-03 -2.827134884E+02 
        18  7.399050000E-01 -3.264710000E-02  0.000000000E+00  1.881435496E-03 -2.549428940E+02 
        19  3.777470000E-02 -3.147510000E-02  0.000000000E+00  1.442197322E-01 -3.243389477E+03 
        20  7.808250000E-01 -2.833060000E-02  0.000000000E+00  2.148608275E-03 -2.320370916E+02 
        21  2.634450000E-02 -2.677890000E-02  0.000000000E+00  1.732322379E-01 -3.810672041E+03 
        22  8.159680000E-01 -2.444550000E-02  0.000000000E+00  4.511545019E-03 -2.148996528E+02 
        23  1.821900000E-02 -2.259850000E-02  0.000000000E+00  2.008094520E-01 -4.414768355E+03 
        24  8.510930000E-01 -2.039720000E-02  0.000000000E+00  6.075015663E-03 -2.006849006E+02 
        25  1.318260000E-02 -1.942040000E-02  0.000000000E+00  2.260926365E-01 -5.021704864E+03 
        26  8.782860000E-01 -1.714700000E-02  0.000000000E+00  6.937878746E-03 -1.904395549E+02 
        27  9.850590000E-03 -1.691540000E-02  0.000000000E+00  2.492358356E-01 -5.580540929E+03 
        28  7.411530000E-03 -1.476420000E-02  0.000000000E+00  2.676355214E-01 -5.968545801E+03 
        29  9.009380000E-01 -1.436040000E-02  0.000000000E+00  7.416444973E-03 -1.828430571E+02 
        30  5.510960000E-03 -1.280140000E-02  0.000000000E+00  2.786204827E-01 -6.206755429E+03 
        31  9.198070000E-01 -1.198220000E-02  0.000000000E+00  7.670898472E-03 -1.769616601E+02 
        32  3.983540000E-03 -1.093890000E-02  0.000000000E+00  2.853203883E-01 -6.392230753E+03 
        33  9.355260000E-01 -9.960600000E-03  0.000000000E+00  7.774434931E-03 -1.722604904E+02 
        34  2.745270000E-03 -9.124550000E-03  0.000000000E+00  2.906691831E-01 -6.517936095E+03 
        35  9.486220000E-01 -8.247430000E-03  0.000000000E+00  7.770553506E-03 -1.683635349E+02 
        36  1.752850000E-03 -7.324960000E-03  0.000000000E+00  2.937791663E-01 -6.550688203E+03 
        37  9.595320000E-01 -6.799650000E-03  0.000000000E+00  7.649081465E-03 -1.651349373E+02 
        38  9.686220000E-01 -5.578890000E-03  0.000000000E+00  7.361264917E-03 -1.623813328E+02 
        39  9.860190000E-04 -5.518970000E-03  0.000000000E+00  2.940862766E-01 -6.445542461E+03 
        40  9.761960000E-01 -4.551510000E-03  0.000000000E+00  6.900370978E-03 -1.599492647E+02 
        41  4.384000000E-04 -3.696570000E-03  0.000000000E+00  2.920772648E-01 -6.168814498E+03 
        42  9.825070000E-01 -3.688230000E-03  0.000000000E+00  6.346824556E-03 -1.577932505E+02 
        43  9.877650000E-01 -2.963870000E-03  0.000000000E+00  5.795697631E-03 -1.558555084E+02 
        44  9.921460000E-01 -2.356690000E-03  0.000000000E+00  5.312298355E-03 -1.540634181E+02 
        45  1.095110000E-04 -1.855900000E-03  0.000000000E+00  2.880342958E-01 -5.742272635E+03 
        46  9.957970000E-01 -1.848260000E-03  0.000000000E+00  4.938672448E-03 -1.523231566E+02 
        47  9.988390000E-01 -1.422790000E-03  0.000000000E+00  4.689016591E-03 -1.505487303E+02 
        48  1.001370000E+00 -1.062990000E-03  0.000000000E+00  4.538416468E-03 -1.486901173E+02 
        49  1.003480000E+00 -7.543150000E-04  0.000000000E+00  4.436146926E-03 -1.467539904E+02 
        50  1.005240000E+00 -4.991700000E-04  0.000000000E+00  4.320045886E-03 -1.447032693E+02 
        51  1.006710000E+00 -2.932730000E-04  0.000000000E+00  4.139057941E-03 -1.426348235E+02 
        52  1.007930000E+00 -1.294160000E-04  0.000000000E+00  3.813698247E-03 -1.402693716E+02 
        53  0.000000000E+00  0.000000000E+00  0.000000000E+00  2.799344447E-01 -5.259133109E+03 
        54  1.008950000E+00  0.000000000E+00  0.000000000E+00  2.662118346E-03 -1.321094476E+02 
        55  1.008950000E+00  1.250000000E-03  0.000000000E+00  1.918870380E-03 -1.233957089E+02 
        56  9.957970000E-01  1.848260000E-03  0.000000000E+00  2.645890621E-03  3.934420472E+02 
        57  1.095110000E-04  1.855900000E-03  0.000000000E+00  2.665279262E-01 -4.710207721E+03 
        58  9.921460000E-01  2.356690000E-03  0.000000000E+00  2.436292298E-03  3.867704274E+02 
        59  1.008950000E+00  2.500000000E-03  0.000000000E+00  3.044264686E-03 -1.224120619E+02 
        60  9.877650000E-01  2.963870000E-03  0.000000000E+00  4.479464841E-03  3.800808590E+02 
        61  9.825070000E-01  3.688230000E-03  0.000000000E+00  1.276229565E-02  3.682434191E+02 
        62  4.384000000E-04  3.696570000E-03  0.000000000E+00  2.494852038E-01 -4.043704807E+03 
        63  1.008950000E+00  3.750000000E-03  0.000000000E+00  4.209190340E-03 -1.208852727E+02 
        64  9.988390000E-01  3.807740000E-03  0.000000000E+00  4.531219412E-03  4.010550103E+02 
        65  9.761960000E-01  4.551510000E-03  0.000000000E+00  2.178562507E-02  3.473239773E+02 
        66  1.008950000E+00  5.000000000E-03  0.000000000E+00  5.437537541E-03 -1.199379709E+02 
        67  9.860190000E-04  5.518970000E-03  0.000000000E+00  2.301972635E-01 -3.323957440E+03 
        68  9.686220000E-01  5.578890000E-03  0.000000000E+00  2.963517590E-02  3.201477294E+02 
        69  1.001370000E+00  5.982190000E-03  0.000000000E+00  1.373688109E-02  3.981231949E+02 
        70  1.008950000E+00  6.250000000E-03  0.000000000E+00  6.771015686E-03 -1.197309054E+02 
        71  9.595320000E-01  6.799650000E-03  0.000000000E+00  3.603072099E-02  2.912590163E+02 
        72  1.752850000E-03  7.324960000E-03  0.000000000E+00  2.094685093E-01 -2.620407805E+03 
        73  1.008950000E+00  7.500000000E-03  0.000000000E+00  8.319874012E-03 -1.204955247E+02 
        74  1.003480000E+00  7.784150000E-03  0.000000000E+00  2.586057012E-02  3.720878443E+02 
        75  9.486220000E-01  8.247430000E-03  0.000000000E+00  4.109329314E-02  2.641376162E+02 
        76  1.008950000E+00  8.750000000E-03  0.000000000E+00  1.015053639E-02 -1.227563528E+02 
        77  2.745270000E-03  9.124550000E-03  0.000000000E+00  1.876120333E-01 -1.949169856E+03 
        78  1.005240000E+00  9.288160000E-03  0.000000000E+00  3.781542423E-02  3.250773643E+02 
        79  9.355260000E-01  9.960600000E-03  0.000000000E+00  4.504049336E-02  2.406909532E+02 
        80  1.008950000E+00  1.000000000E-02  0.000000000E+00  1.245532599E-02 -1.243544032E+02 
        81  1.006710000E+00  1.054920000E-02  0.000000000E+00  4.926209198E-02  2.584433424E+02 
        82  3.983540000E-03  1.093890000E-02  0.000000000E+00  1.656470591E-01 -1.337407776E+03 
        83  1.008950000E+00  1.125000000E-02  0.000000000E+00  1.367322632E-02 -1.402530261E+02 
        84  1.007930000E+00  1.160880000E-02  0.000000000E+00  6.306005801E-02  1.787846926E+02 
        85  9.198070000E-01  1.198220000E-02  0.000000000E+00  4.809892528E-02  2.217105684E+02 
        86  1.008950000E+00  1.250000000E-02  0.000000000E+00  4.683154830E-02 -1.476488428E+01 
        87  5.510960000E-03  1.280140000E-02  0.000000000E+00  1.449525531E-01 -8.436075915E+02 
        88  9.009380000E-01  1.436040000E-02  0.000000000E+00  5.045534662E-02  2.074936742E+02 
        89  7.411530000E-03  1.476420000E-02  0.000000000E+00  1.252299642E-01 -4.435119475E+02 
        90  9.850590000E-03  1.691540000E-02  0.000000000E+00  1.050760682E-01 -8.442118444E+01 
        91  8.782860000E-01  1.714700000E-02  0.000000000E+00  5.228388263E-02  1.977288575E+02 
        92  1.318260000E-02  1.942040000E-02  0.000000000E+00  8.335654780E-02  2.330633555E+02 
        93  8.510930000E-01  2.039720000E-02  0.000000000E+00  5.364168172E-02  1.926596230E+02 
        94  1.821900000E-02  2.259850000E-02  0.000000000E+00  5.960534685E-02  4.926991174E+02 
        95  8.159680000E-01  2.444550000E-02  0.000000000E+00  5.463545641E-02  1.922160816E+02 
        96  2.634450000E-02  2.677890000E-02  0.000000000E+00  3.498619924E-02  6.702444357E+02 
        97  7.808250000E-01  2.833060000E-02  0.000000000E+00  5.533054455E-02  1.954257119E+02 
        98  3.777470000E-02  3.147510000E-02  0.000000000E+00  1.246964489E-02  7.558235715E+02 
        99  7.399050000E-01  3.264710000E-02  0.000000000E+00  5.584683622E-02  2.019121722E+02 
       100  6.989630000E-01  3.673990000E-02  0.000000000E+00  5.617766006E-02  2.105436782E+02 
       101  5.488770000E-02  3.697740000E-02  0.000000000E+00  8.784269375E-03  7.641362635E+02 
       102  6.579970000E-01  4.059990000E-02  0.000000000E+00  5.641339390E-02  2.208804098E+02 
       103  8.351470000E-02  4.379180000E-02  0.000000000E+00  2.493031496E-02  7.136568295E+02 
       104  6.170090000E-01  4.421250000E-02  0.000000000E+00  5.658123414E-02  2.326297478E+02 
       105  5.759990000E-01  4.755650000E-02  0.000000000E+00  5.669792171E-02  2.457564443E+02 
       106  1.241140000E-01  5.043730000E-02  0.000000000E+00  3.999815371E-02  6.282467385E+02 
       107  5.349650000E-01  5.060440000E-02  0.000000000E+00  5.678639722E-02  2.603187881E+02 
       108  4.939080000E-01  5.332060000E-02  0.000000000E+00  5.685362761E-02  2.765323379E+02 
       109  1.650180000E-01  5.486620000E-02  0.000000000E+00  4.866411868E-02  5.500132938E+02 
       110  4.528280000E-01  5.566140000E-02  0.000000000E+00  5.692432793E-02  2.947771457E+02 
       111  4.117260000E-01  5.757270000E-02  0.000000000E+00  5.699486165E-02  3.154859255E+02 
       112  2.060650000E-01  5.771190000E-02  0.000000000E+00  5.296465084E-02  4.884681401E+02 
       113  3.706030000E-01  5.898830000E-02  0.000000000E+00  5.699792192E-02  3.393441430E+02 
       114  2.471780000E-01  5.933890000E-02  0.000000000E+00  5.519762723E-02  4.398441047E+02 
       115  3.294650000E-01  5.982680000E-02  0.000000000E+00  5.682926555E-02  3.671312623E+02 
       116  2.883190000E-01  5.998690000E-02  0.000000000E+00  5.633348282E-02  4.001091472E+02 
       117  2.883190000E-01 -5.998690000E-02  3.333330000E-02  4.819177379E-02 -9.426865736E+02 
       118  3.294650000E-01 -5.982680000E-02  3.333330000E-02  4.381098990E-02 -8.308357010E+02 
       119  2.471780000E-01 -5.933890000E-02  3.333330000E-02  5.278007495E-02 -1.074842493E+03 
       120  3.706030000E-01 -5.898830000E-02  3.333330000E-02  3.951526010E-02 -7.341112706E+02 
       121  2.060650000E-01 -5.771190000E-02  3.333330000E-02  5.787215861E-02 -1.236576036E+03 
       122  4.117260000E-01 -5.757270000E-02  3.333330000E-02  3.528957902E-02 -6.493026016E+02 
       123  4.528280000E-01 -5.566140000E-02  3.333330000E-02  3.107473363E-02 -5.743658003E+02 
       124  1.650180000E-01 -5.486620000E-02  3.333330000E-02  6.423452597E-02 -1.444350087E+03 
       125  4.939080000E-01 -5.332060000E-02  3.333330000E-02  2.680345614E-02 -5.081984469E+02 
       126  5.349650000E-01 -5.060440000E-02  3.333330000E-02  2.245902811E-02 -4.500716915E+02 
       127  1.241140000E-01 -5.043730000E-02  3.333330000E-02  7.382709084E-02 -1.743780820E+03 
       128  5.759990000E-01 -4.755650000E-02  3.333330000E-02  1.808242553E-02 -3.990924509E+02 
       129  6.170090000E-01 -4.421250000E-02  3.333330000E-02  1.373794080E-02 -3.545102927E+02 
       130  8.351470000E-02 -4.379180000E-02  3.333330000E-02  9.094180627E-02 -2.202090410E+03 
       131  6.579970000E-01 -4.059990000E-02  3.333330000E-02  9.437594105E-03 -3.158062404E+02 
       132  5.488770000E-02 -3.697740000E-02  3.333330000E-02  1.157252174E-01 -2.720621984E+03 
       133  6.989630000E-01 -3.673990000E-02  3.333330000E-02  5.225843645E-03 -2.827134673E+02 
       134  7.399050000E-01 -3.264710000E-02  3.333330000E-02  1.881438949E-03 -2.549428965E+02 
       135  3.777470000E-02 -3.147510000E-02  3.333330000E-02  1.442203483E-01 -3.243400682E+03 
       136  7.808250000E-01 -2.833060000E-02  3.333330000E-02  2.148637904E-03 -2.320369542E+02 
       137  2.634450000E-02 -2.677890000E-02  3.333330000E-02  1.732325157E-01 -3.810677872E+03 
       138  8.159680000E-01 -2.444550000E-02  3.333330000E-02  4.511567613E-03 -2.148996333E+02 
       139  1.821900000E-02 -2.259850000E-02  3.333330000E-02  2.008096712E-01 -4.414773397E+03 
       140  8.510930000E-01 -2.039720000E-02  3.333330000E-02  6.075069028E-03 -2.006847425E+02 
       141  1.318260000E-02 -1.942040000E-02  3.333330000E-02  2.260931015E-01 -5.021716574E+03 
       142  8.782860000E-01 -1.714700000E-02  3.333330000E-02  6.937946822E-03 -1.904394575E+02 
       143  9.850590000E-03 -1.691540000E-02  3.333330000E-02  2.492364502E-01 -5.580555098E+03 
       144  7.411530000E-03 -1.476420000E-02  3.333330000E-02  2.676359464E-01 -5.968553521E+03 
       145  9.009380000E-01 -1.436040000E-02  3.333330000E-02  7.416533510E-03 -1.828429842E+02 
       146  5.510960000E-03 -1.280140000E-02  3.333330000E-02  2.786206750E-01 -6.206760983E+03 
       147  9.198070000E-01 -1.198220000E-02  3.333330000E-02  7.671005797E-03 -1.769615778E+02 
       148  3.983540000E-03 -1.093890000E-02  3.333330000E-02  2.853205214E-01 -6.392234275E+03 
       149  9.355260000E-01 -9.960600000E-03  3.333330000E-02  7.774555234E-03 -1.722603955E+02 
       150  2.745270000E-03 -9.124550000E-03  3.333330000E-02  2.906692577E-01 -6.517937581E+03 
       151  9.486220000E-01 -8.247430000E-03  3.333330000E-02  7.770683897E-03 -1.683634227E+02 
       152  1.752850000E-03 -7.324960000E-03  3.333330000E-02  2.937791839E-01 -6.550687946E+03 
       153  9.595320000E-01 -6.799650000E-03  3.333330000E-02  7.649230572E-03 -1.651347956E+02 
       154  9.686220000E-01 -5.578890000E-03  3.333330000E-02  7.361447294E-03 -1.623811633E+02 
       155  9.860190000E-04 -5.518970000E-03  3.333330000E-02  2.940862699E-01 -6.445541283E+03 
       156  9.761960000E-01 -4.551510000E-03  3.333330000E-02  6.900587537E-03 -1.599490700E+02 
       157  4.384000000E-04 -3.696570000E-03  3.333330000E-02  2.920772551E-01 -6.168813329E+03 
       158  9.825070000E-01 -3.688230000E-03  3.333330000E-02  6.347065455E-03 -1.577930251E+02 
       159  9.877650000E-01 -2.963870000E-03  3.333330000E-02  5.795959750E-03 -1.558552426E+02 
       160  9.921460000E-01 -2.356690000E-03  3.333330000E-02  5.312588076E-03 -1.540631006E+02 
       161  1.095110000E-04 -1.855900000E-03  3.333330000E-02  2.880342900E-01 -5.742272109E+03 
       162  9.957970000E-01 -1.848260000E-03  3.333330000E-02  4.939000659E-03 -1.523227797E+02 
       163  9.988390000E-01 -1.422790000E-03  3.333330000E-02  4.689391694E-03 -1.505482864E+02 
       164  1.001370000E+00 -1.062990000E-03  3.333330000E-02  4.538837873E-03 -1.486896246E+02 
       165  1.003480000E+00 -7.543150000E-04  3.333330000E-02  4.436610852E-03 -1.467534851E+02 
       166  1.005240000E+00 -4.991700000E-04  3.333330000E-02  4.320552434E-03 -1.447027333E+02 
       167  1.006710000E+00 -2.932730000E-04  3.333330000E-02  4.139603110E-03 -1.426342029E+02 
       168  1.007930000E+00 -1.294160000E-04  3.333330000E-02  3.814299613E-03 -1.402689317E+02 
       169  0.000000000E+00  0.000000000E+00  3.333330000E-02  2.799344446E-01 -5.259133116E+03 
       170  1.008950000E+00  0.000000000E+00  3.333330000E-02  2.479731584E-03 -1.311917016E+02 
       171  1.008950000E+00  1.250000000E-03  3.333330000E-02  1.918539600E-03 -1.233927829E+02 
       172  9.957970000E-01  1.848260000E-03  3.333330000E-02  2.645138914E-03  3.934445279E+02 
       173  1.095110000E-04  1.855900000E-03  3.333330000E-02  2.665279434E-01 -4.710208408E+03 
       174  9.921460000E-01  2.356690000E-03  3.333330000E-02  2.436346270E-03  3.867706631E+02 
       175  1.008950000E+00  2.500000000E-03  3.333330000E-02  3.043979803E-03 -1.224093154E+02 
       176  9.877650000E-01  2.963870000E-03  3.333330000E-02  4.479448879E-03  3.800810908E+02 
       177  9.825070000E-01  3.688230000E-03  3.333330000E-02  1.276223016E-02  3.682436742E+02 
       178  4.384000000E-04  3.696570000E-03  3.333330000E-02  2.494852625E-01 -4.043707107E+03 
       179  1.008950000E+00  3.750000000E-03  3.333330000E-02  4.208965399E-03 -1.208825444E+02 
       180  9.988390000E-01  3.807740000E-03  3.333330000E-02  4.535328132E-03  4.010606517E+02 
       181  9.761960000E-01  4.551510000E-03  3.333330000E-02  2.178557332E-02  3.473242431E+02 
       182  1.008950000E+00  5.000000000E-03  3.333330000E-02  5.437368017E-03 -1.199352656E+02 
       183  9.860190000E-04  5.518970000E-03  3.333330000E-02  2.301973930E-01 -3.323962085E+03 
       184  9.686220000E-01  5.578890000E-03  3.333330000E-02  2.963513341E-02  3.201479907E+02 
       185  1.001370000E+00  5.982190000E-03  3.333330000E-02  1.374416332E-02  3.981151783E+02 
       186  1.008950000E+00  6.250000000E-03  3.333330000E-02  6.770895262E-03 -1.197282553E+02 
       187  9.595320000E-01  6.799650000E-03  3.333330000E-02  3.603068706E-02  2.912592511E+02 
       188  1.752850000E-03  7.324960000E-03  3.333330000E-02  2.094687399E-01 -2.620415231E+03 
       189  1.008950000E+00  7.500000000E-03  3.333330000E-02  8.319797816E-03 -1.204929544E+02 
       190  1.003480000E+00  7.784150000E-03  3.333330000E-02  2.586668458E-02  3.720692988E+02 
       191  9.486220000E-01  8.247430000E-03  3.333330000E-02  4.109326554E-02  2.641378187E+02 
       192  1.008950000E+00  8.750000000E-03  3.333330000E-02  1.015049011E-02 -1.227538644E+02 
       193  2.745270000E-03  9.124550000E-03  3.333330000E-02  1.876123981E-01 -1.949180564E+03 
       194  1.005240000E+00  9.288160000E-03  3.333330000E-02  3.782030082E-02  3.250545786E+02 
       195  9.355260000E-01  9.960600000E-03  3.333330000E-02  4.504047059E-02  2.406911233E+02 
       196  1.008950000E+00  1.000000000E-02  3.333330000E-02  1.245528804E-02 -1.243519391E+02 
       197  1.006710000E+00  1.054920000E-02  3.333330000E-02  4.926597104E-02  2.584170428E+02 
       198  3.983540000E-03  1.093890000E-02  3.333330000E-02  1.656475271E-01 -1.337420093E+03 
       199  1.008950000E+00  1.125000000E-02  3.333330000E-02  1.367319338E-02 -1.402505601E+02 
       200  1.007930000E+00  1.160880000E-02  3.333330000E-02  6.306485566E-02  1.787615144E+02 
       201  9.198070000E-01  1.198220000E-02  3.333330000E-02  4.809891032E-02  2.217106815E+02 
       202  1.008950000E+00  1.250000000E-02  3.333330000E-02  4.241886177E-02 -9.213353840E+00 
       203  5.510960000E-03  1.280140000E-02  3.333330000E-02  1.449530784E-01 -8.436187466E+02 
       204  9.009380000E-01  1.436040000E-02  3.333330000E-02  5.045533646E-02  2.074937461E+02 
       205  7.411530000E-03  1.476420000E-02  3.333330000E-02  1.252305303E-01 -4.435228944E+02 
       206  9.850590000E-03  1.691540000E-02  3.333330000E-02  1.050766458E-01 -8.443065602E+01 
       207  8.782860000E-01  1.714700000E-02  3.333330000E-02  5.228387003E-02  1.977289266E+02 
       208  1.318260000E-02  1.942040000E-02  3.333330000E-02  8.335698469E-02  2.330576790E+02 
       209  8.510930000E-01  2.039720000E-02  3.333330000E-02  5.364166980E-02  1.926596533E+02 
       210  1.821900000E-02  2.259850000E-02  3.333330000E-02  5.960555388E-02  4.926972443E+02 
       211  8.159680000E-01  2.444550000E-02  3.333330000E-02  5.463545670E-02  1.922160850E+02 
       212  2.634450000E-02  2.677890000E-02  3.333330000E-02  3.498643562E-02  6.702431807E+02 
       213  7.808250000E-01  2.833060000E-02  3.333330000E-02  5.533054088E-02  1.954256824E+02 
       214  3.777470000E-02  3.147510000E-02  3.333330000E-02  1.247007941E-02  7.558227101E+02 
       215  7.399050000E-01  3.264710000E-02  3.333330000E-02  5.584683648E-02  2.019121771E+02 
       216  6.989630000E-01  3.673990000E-02  3.333330000E-02  5.617765998E-02  2.105436743E+02 
       217  5.488770000E-02  3.697740000E-02  3.333330000E-02  8.783818949E-03  7.641370878E+02 
       218  6.579970000E-01  4.059990000E-02  3.333330000E-02  5.641339401E-02  2.208804144E+02 
       219  8.351470000E-02  4.379180000E-02  3.333330000E-02  2.492994678E-02  7.136584917E+02 
       220  6.170090000E-01  4.421250000E-02  3.333330000E-02  5.658123422E-02  2.326297548E+02 
       221  5.759990000E-01  4.755650000E-02  3.333330000E-02  5.669792176E-02  2.457564576E+02 
       222  1.241140000E-01  5.043730000E-02  3.333330000E-02  3.999808643E-02  6.282472414E+02 
       223  5.349650000E-01  5.060440000E-02  3.333330000E-02  5.678639719E-02  2.603188030E+02 
       224  4.939080000E-01  5.332060000E-02  3.333330000E-02  5.685362753E-02  2.765323472E+02 
       225  1.650180000E-01  5.486620000E-02  3.333330000E-02  4.866409324E-02  5.500136038E+02 
       226  4.528280000E-01  5.566140000E-02  3.333330000E-02  5.692432796E-02  2.947771763E+02 
       227  4.117260000E-01  5.757270000E-02  3.333330000E-02  5.699486169E-02  3.154859609E+02 
       228  2.060650000E-01  5.771190000E-02  3.333330000E-02  5.296464442E-02  4.884682628E+02 
       229  3.706030000E-01  5.898830000E-02  3.333330000E-02  5.699792186E-02  3.393441641E+02 
       230  2.471780000E-01  5.933890000E-02  3.333330000E-02  5.519762427E-02  4.398441936E+02 
       231  3.294650000E-01  5.982680000E-02  3.333330000E-02  5.682926575E-02  3.671312492E+02 
       232  2.883190000E-01  5.998690000E-02  3.333330000E-02  5.633348240E-02  4.001091777E+02 
       233  2.883190000E-01 -5.998690000E-02  6.666670000E-02  4.819177299E-02 -9.426865709E+02 
       234  3.294650000E-01 -5.982680000E-02  6.666670000E-02  4.381098923E-02 -8.308356996E+02 
       235  2.471780000E-01 -5.933890000E-02  6.666670000E-02  5.278007445E-02 -1.074842489E+03 
       236  3.706030000E-01 -5.898830000E-02  6.666670000E-02  3.951525979E-02 -7.341112704E+02 
       237  2.060650000E-01 -5.771190000E-02  6.666670000E-02  5.787215877E-02 -1.236576032E+03 
       238  4.117260000E-01 -5.757270000E-02  6.666670000E-02  3.528957903E-02 -6.493026024E+02 
       239  4.528280000E-01 -5.566140000E-02  6.666670000E-02  3.107473376E-02 -5.743658021E+02 
       240  1.650180000E-01 -5.486620000E-02  6.666670000E-02  6.423452679E-02 -1.444350083E+03 
       241  4.939080000E-01 -5.332060000E-02  6.666670000E-02  2.680345632E-02 -5.081984495E+02 
       242  5.349650000E-01 -5.060440000E-02  6.666670000E-02  2.245902854E-02 -4.500716947E+02 
       243  1.241140000E-01 -5.043730000E-02  6.666670000E-02  7.382709191E-02 -1.743780817E+03 
       244  5.759990000E-01 -4.755650000E-02  6.666670000E-02  1.808242645E-02 -3.990924545E+02 
       245  6.170090000E-01 -4.421250000E-02  6.666670000E-02  1.373794221E-02 -3.545102968E+02 
       246  8.351470000E-02 -4.379180000E-02  6.666670000E-02  9.094180697E-02 -2.202090409E+03 
       247  6.579970000E-01 -4.059990000E-02  6.666670000E-02  9.437595633E-03 -3.158062447E+02 
       248  5.488770000E-02 -3.697740000E-02  6.666670000E-02  1.157252176E-01 -2.720621983E+03 
       249  6.989630000E-01 -3.673990000E-02  6.666670000E-02  5.225843480E-03 -2.827134689E+02 
       250  7.399050000E-01 -3.264710000E-02  6.666670000E-02  1.881444114E-03 -2.549428892E+02 
       251  3.777470000E-02 -3.147510000E-02  6.666670000E-02  1.442203483E-01 -3.243400680E+03 
       252  7.808250000E-01 -2.833060000E-02  6.666670000E-02  2.148659640E-03 -2.320369312E+02 
       253  2.634450000E-02 -2.677890000E-02  6.666670000E-02  1.732325158E-01 -3.810677870E+03 
       254  8.159680000E-01 -2.444550000E-02  6.666670000E-02  4.511610837E-03 -2.148995947E+02 
       255  1.821900000E-02 -2.259850000E-02  6.666670000E-02  2.008096713E-01 -4.414773394E+03 
       256  8.510930000E-01 -2.039720000E-02  6.666670000E-02  6.075145083E-03 -2.006846935E+02 
       257  1.318260000E-02 -1.942040000E-02  6.666670000E-02  2.260931016E-01 -5.021716570E+03 
       258  8.782860000E-01 -1.714700000E-02  6.666670000E-02  6.938064370E-03 -1.904393955E+02 
       259  9.850590000E-03 -1.691540000E-02  6.666670000E-02  2.492364502E-01 -5.580555092E+03 
       260  7.411530000E-03 -1.476420000E-02  6.666670000E-02  2.676359463E-01 -5.968553515E+03 
       261  9.009380000E-01 -1.436040000E-02  6.666670000E-02  7.416696525E-03 -1.828428993E+02 
       262  5.510960000E-03 -1.280140000E-02  6.666670000E-02  2.786206748E-01 -6.206760976E+03 
       263  9.198070000E-01 -1.198220000E-02  6.666670000E-02  7.671208635E-03 -1.769614631E+02 
       264  3.983540000E-03 -1.093890000E-02  6.666670000E-02  2.853205212E-01 -6.392234268E+03 
       265  9.355260000E-01 -9.960600000E-03  6.666670000E-02  7.774788992E-03 -1.722602731E+02 
       266  2.745270000E-03 -9.124550000E-03  6.666670000E-02  2.906692574E-01 -6.517937576E+03 
       267  9.486220000E-01 -8.247430000E-03  6.666670000E-02  7.770940463E-03 -1.683632441E+02 
       268  1.752850000E-03 -7.324960000E-03  6.666670000E-02  2.937791837E-01 -6.550687944E+03 
       269  9.595320000E-01 -6.799650000E-03  6.666670000E-02  7.649519400E-03 -1.651345334E+02 
       270  9.686220000E-01 -5.578890000E-03  6.666670000E-02  7.361796827E-03 -1.623808531E+02 
       271  9.860190000E-04 -5.518970000E-03  6.666670000E-02  2.940862698E-01 -6.445541286E+03 
       272  9.761960000E-01 -4.551510000E-03  6.666670000E-02  6.901003984E-03 -1.599487032E+02 
       273  4.384000000E-04 -3.696570000E-03  6.666670000E-02  2.920772551E-01 -6.168813339E+03 
       274  9.825070000E-01 -3.688230000E-03  6.666670000E-02  6.347532008E-03 -1.577925939E+02 
       275  9.877650000E-01 -2.963870000E-03  6.666670000E-02  5.796469969E-03 -1.558547299E+02 
       276  9.921460000E-01 -2.356690000E-03  6.666670000E-02  5.313153055E-03 -1.540624846E+02 
       277  1.095110000E-04 -1.855900000E-03  6.666670000E-02  2.880342901E-01 -5.742272125E+03 
       278  9.957970000E-01 -1.848260000E-03  6.666670000E-02  4.939641235E-03 -1.523220453E+02 
       279  9.988390000E-01 -1.422790000E-03  6.666670000E-02  4.690124879E-03 -1.505474165E+02 
       280  1.001370000E+00 -1.062990000E-03  6.666670000E-02  4.539658478E-03 -1.486885865E+02 
       281  1.003480000E+00 -7.543150000E-04  6.666670000E-02  4.437507514E-03 -1.467524270E+02 
       282  1.005240000E+00 -4.991700000E-04  6.666670000E-02  4.321528770E-03 -1.447017041E+02 
       283  1.006710000E+00 -2.932730000E-04  6.666670000E-02  4.140654170E-03 -1.426330375E+02 
       284  1.007930000E+00 -1.294160000E-04  6.666670000E-02  3.815458871E-03 -1.402681335E+02 
       285  0.000000000E+00  0.000000000E+00  6.666670000E-02  2.799344449E-01 -5.259133137E+03 
       286  1.008950000E+00  0.000000000E+00  6.666670000E-02  2.480023401E-03 -1.311886097E+02 
       287  1.008950000E+00  1.250000000E-03  6.666670000E-02  1.917922562E-03 -1.233872726E+02 
       288  9.957970000E-01  1.848260000E-03  6.666670000E-02  2.645227979E-03  3.934450421E+02 
       289  1.095110000E-04  1.855900000E-03  6.666670000E-02  2.665279439E-01 -4.710208433E+03 
       290  9.921460000E-01  2.356690000E-03  6.666670000E-02  2.436425482E-03  3.867710999E+02 
       291  1.008950000E+00  2.500000000E-03  6.666670000E-02  3.043458696E-03 -1.224041806E+02 
       292  9.877650000E-01  2.963870000E-03  6.666670000E-02  4.479421887E-03  3.800815052E+02 
       293  9.825070000E-01  3.688230000E-03  6.666670000E-02  1.276212467E-02  3.682441188E+02 
       294  4.384000000E-04  3.696570000E-03  6.666670000E-02  2.494852631E-01 -4.043707137E+03 
       295  1.008950000E+00  3.750000000E-03  6.666670000E-02  4.208564750E-03 -1.208774594E+02 
       296  9.988390000E-01  3.807740000E-03  6.666670000E-02  4.535277910E-03  4.010613600E+02 
       297  9.761960000E-01  4.551510000E-03  6.666670000E-02  2.178549786E-02  3.473246785E+02 
       298  1.008950000E+00  5.000000000E-03  6.666670000E-02  5.437062704E-03 -1.199302350E+02 
       299  9.860190000E-04  5.518970000E-03  6.666670000E-02  2.301973937E-01 -3.323962116E+03 
       300  9.686220000E-01  5.578890000E-03  6.666670000E-02  2.963508196E-02  3.201483673E+02 
       301  1.001370000E+00  5.982190000E-03  6.666670000E-02  1.374397677E-02  3.981162500E+02 
       302  1.008950000E+00  6.250000000E-03  6.666670000E-02  6.770671077E-03 -1.197232424E+02 
       303  9.595320000E-01  6.799650000E-03  6.666670000E-02  3.603065283E-02  2.912595466E+02 
       304  1.752850000E-03  7.324960000E-03  6.666670000E-02  2.094687407E-01 -2.620415262E+03 
       305  1.008950000E+00  7.500000000E-03  6.666670000E-02  8.319664833E-03 -1.204881071E+02 
       306  1.003480000E+00  7.784150000E-03  6.666670000E-02  2.586649688E-02  3.720707936E+02 
       307  9.486220000E-01  8.247430000E-03  6.666670000E-02  4.109324375E-02  2.641380297E+02 
       308  1.008950000E+00  8.750000000E-03  6.666670000E-02  1.015041393E-02 -1.227492315E+02 
       309  2.745270000E-03  9.124550000E-03  6.666670000E-02  1.876123989E-01 -1.949180593E+03 
       310  1.005240000E+00  9.288160000E-03  6.666670000E-02  3.782010385E-02  3.250565022E+02 
       311  9.355260000E-01  9.960600000E-03  6.666670000E-02  4.504045787E-02  2.406912604E+02 
       312  1.008950000E+00  1.000000000E-02  6.666670000E-02  1.245522117E-02 -1.243473019E+02 
       313  1.006710000E+00  1.054920000E-02  6.666670000E-02  4.926576033E-02  2.584194099E+02 
       314  3.983540000E-03  1.093890000E-02  6.666670000E-02  1.656475279E-01 -1.337420119E+03 
       315  1.008950000E+00  1.125000000E-02  6.666670000E-02  1.367313535E-02 -1.402459092E+02 
       316  1.007930000E+00  1.160880000E-02  6.666670000E-02  6.306462744E-02  1.787641929E+02 
       317  9.198070000E-01  1.198220000E-02  6.666670000E-02  4.809890384E-02  2.217107621E+02 
       318  1.008950000E+00  1.250000000E-02  6.666670000E-02  4.241871803E-02 -9.209654609E+00 
       319  5.510960000E-03  1.280140000E-02  6.666670000E-02  1.449530793E-01 -8.436187697E+02 
       320  9.009380000E-01  1.436040000E-02  6.666670000E-02  5.045533376E-02  2.074937899E+02 
       321  7.411530000E-03  1.476420000E-02  6.666670000E-02  1.252305312E-01 -4.435229159E+02 
       322  9.850590000E-03  1.691540000E-02  6.666670000E-02  1.050766468E-01 -8.443067565E+01 
       323  8.782860000E-01  1.714700000E-02  6.666670000E-02  5.228386931E-02  1.977289492E+02 
       324  1.318260000E-02  1.942040000E-02  6.666670000E-02  8.335698569E-02  2.330576625E+02 
       325  8.510930000E-01  2.039720000E-02  6.666670000E-02  5.364166994E-02  1.926596651E+02 
       326  1.821900000E-02  2.259850000E-02  6.666670000E-02  5.960555488E-02  4.926972317E+02 
       327  8.159680000E-01  2.444550000E-02  6.666670000E-02  5.463545696E-02  1.922160925E+02 
       328  2.634450000E-02  2.677890000E-02  6.666670000E-02  3.498643659E-02  6.702431718E+02 
       329  7.808250000E-01  2.833060000E-02  6.666670000E-02  5.533054103E-02  1.954256887E+02 
       330  3.777470000E-02  3.147510000E-02  6.666670000E-02  1.247008018E-02  7.558227043E+02 
       331  7.399050000E-01  3.264710000E-02  6.666670000E-02  5.584683655E-02  2.019121836E+02 
       332  6.989630000E-01  3.673990000E-02  6.666670000E-02  5.617765992E-02  2.105436810E+02 
       333  5.488770000E-02  3.697740000E-02  6.666670000E-02  8.783818955E-03  7.641370849E+02 
       334  6.579970000E-01  4.059990000E-02  6.666670000E-02  5.641339383E-02  2.208804210E+02 
       335  8.351470000E-02  4.379180000E-02  6.666670000E-02  2.492994622E-02  7.136584906E+02 
       336  6.170090000E-01  4.421250000E-02  6.666670000E-02  5.658123396E-02  2.326297612E+02 
       337  5.759990000E-01  4.755650000E-02  6.666670000E-02  5.669792145E-02  2.457564636E+02 
       338  1.241140000E-01  5.043730000E-02  6.666670000E-02  3.999808614E-02  6.282472418E+02 
       339  5.349650000E-01  5.060440000E-02  6.666670000E-02  5.678639685E-02  2.603188083E+02 
       340  4.939080000E-01  5.332060000E-02  6.666670000E-02  5.685362722E-02  2.765323515E+02 
       341  1.650180000E-01  5.486620000E-02  6.666670000E-02  4.866409323E-02  5.500136052E+02 
       342  4.528280000E-01  5.566140000E-02  6.666670000E-02  5.692432772E-02  2.947771799E+02 
       343  4.117260000E-01  5.757270000E-02  6.666670000E-02  5.699486150E-02  3.154859642E+02 
       344  2.060650000E-01  5.771190000E-02  6.666670000E-02  5.296464455E-02  4.884682648E+02 
       345  3.706030000E-01  5.898830000E-02  6.666670000E-02  5.699792174E-02  3.393441672E+02 
       346  2.471780000E-01  5.933890000E-02  6.666670000E-02  5.519762439E-02  4.398441962E+02 
       347  3.294650000E-01  5.982680000E-02  6.666670000E-02  5.682926571E-02  3.671312522E+02 
       348  2.883190000E-01  5.998690000E-02  6.666670000E-02  5.633348245E-02  4.001091806E+02 
       349  2.883190000E-01 -5.998690000E-02  1.000000000E-01  4.819176866E-02 -9.426864754E+02 
       350  3.294650000E-01 -5.982680000E-02  1.000000000E-01  4.381099091E-02 -8.308357509E+02 
       351  2.471780000E-01 -5.933890000E-02  1.000000000E-01  5.278006389E-02 -1.074842201E+03 
       352  3.706030000E-01 -5.898830000E-02  1.000000000E-01  3.951525618E-02 -7.341112018E+02 
       353  2.060650000E-01 -5.771190000E-02  1.000000000E-01  5.787214558E-02 -1.236575628E+03 
       354  4.117260000E-01 -5.757270000E-02  1.000000000E-01  3.528957201E-02 -6.493024807E+02 
       355  4.528280000E-01 -5.566140000E-02  1.000000000E-01  3.107472651E-02 -5.743656983E+02 
       356  1.650180000E-01 -5.486620000E-02  1.000000000E-01  6.423449382E-02 -1.444349030E+03 
       357  4.939080000E-01 -5.332060000E-02  1.000000000E-01  2.680345331E-02 -5.081984251E+02 
       358  5.349650000E-01 -5.060440000E-02  1.000000000E-01  2.245902380E-02 -4.500716526E+02 
       359  1.241140000E-01 -5.043730000E-02  1.000000000E-01  7.382702341E-02 -1.743778723E+03 
       360  5.759990000E-01 -4.755650000E-02  1.000000000E-01  1.808242217E-02 -3.990924206E+02 
       361  6.170090000E-01 -4.421250000E-02  1.000000000E-01  1.373794012E-02 -3.545102856E+02 
       362  8.351470000E-02 -4.379180000E-02  1.000000000E-01  9.094136355E-02 -2.202079398E+03 
       363  6.579970000E-01 -4.059990000E-02  1.000000000E-01  9.437594566E-03 -3.158062419E+02 
       364  5.488770000E-02 -3.697740000E-02  1.000000000E-01  1.157243898E-01 -2.720606600E+03 
       365  6.989630000E-01 -3.673990000E-02  1.000000000E-01  5.225845395E-03 -2.827134916E+02 
       366  7.399050000E-01 -3.264710000E-02  1.000000000E-01  1.881445825E-03 -2.549428795E+02 
       367  3.777470000E-02 -3.147510000E-02  1.000000000E-01  1.442197321E-01 -3.243389473E+03 
       368  7.808250000E-01 -2.833060000E-02  1.000000000E-01  2.148651748E-03 -2.320370456E+02 
       369  2.634450000E-02 -2.677890000E-02  1.000000000E-01  1.732322380E-01 -3.810672037E+03 
       370  8.159680000E-01 -2.444550000E-02  1.000000000E-01  4.511631466E-03 -2.148995755E+02 
       371  1.821900000E-02 -2.259850000E-02  1.000000000E-01  2.008094522E-01 -4.414768350E+03 
       372  8.510930000E-01 -2.039720000E-02  1.000000000E-01  6.075167772E-03 -2.006848025E+02 
       373  1.318260000E-02 -1.942040000E-02  1.000000000E-01  2.260926367E-01 -5.021704854E+03 
       374  8.782860000E-01 -1.714700000E-02  1.000000000E-01  6.938113840E-03 -1.904394309E+02 
       375  9.850590000E-03 -1.691540000E-02  1.000000000E-01  2.492358356E-01 -5.580540917E+03 
       376  7.411530000E-03 -1.476420000E-02  1.000000000E-01  2.676355213E-01 -5.968545789E+03 
       377  9.009380000E-01 -1.436040000E-02  1.000000000E-01  7.416771001E-03 -1.828428872E+02 
       378  5.510960000E-03 -1.280140000E-02  1.000000000E-01  2.786204823E-01 -6.206755414E+03 
       379  9.198070000E-01 -1.198220000E-02  1.000000000E-01  7.671304146E-03 -1.769614309E+02 
       380  3.983540000E-03 -1.093890000E-02  1.000000000E-01  2.853203877E-01 -6.392230739E+03 
       381  9.355260000E-01 -9.960600000E-03  1.000000000E-01  7.774902447E-03 -1.722602457E+02 
       382  2.745270000E-03 -9.124550000E-03  1.000000000E-01  2.906691826E-01 -6.517936085E+03 
       383  9.486220000E-01 -8.247430000E-03  1.000000000E-01  7.771066638E-03 -1.683631776E+02 
       384  1.752850000E-03 -7.324960000E-03  1.000000000E-01  2.937791658E-01 -6.550688199E+03 
       385  9.595320000E-01 -6.799650000E-03  1.000000000E-01  7.649659122E-03 -1.651344129E+02 
       386  9.686220000E-01 -5.578890000E-03  1.000000000E-01  7.361963982E-03 -1.623807126E+02 
       387  9.860190000E-04 -5.518970000E-03  1.000000000E-01  2.940862764E-01 -6.445542467E+03 
       388  9.761960000E-01 -4.551510000E-03  1.000000000E-01  6.901203871E-03 -1.599485311E+02 
       389  4.384000000E-04 -3.696570000E-03  1.000000000E-01  2.920772648E-01 -6.168814517E+03 
       390  9.825070000E-01 -3.688230000E-03  1.000000000E-01  6.347757661E-03 -1.577923881E+02 
       391  9.877650000E-01 -2.963870000E-03  1.000000000E-01  5.796718068E-03 -1.558544831E+02 
       392  9.921460000E-01 -2.356690000E-03  1.000000000E-01  5.313428311E-03 -1.540621861E+02 
       393  1.095110000E-04 -1.855900000E-03  1.000000000E-01  2.880342960E-01 -5.742272667E+03 
       394  9.957970000E-01 -1.848260000E-03  1.000000000E-01  4.939953598E-03 -1.523216878E+02 
       395  9.988390000E-01 -1.422790000E-03  1.000000000E-01  4.690482960E-03 -1.505469905E+02 
       396  1.001370000E+00 -1.062990000E-03  1.000000000E-01  4.540057676E-03 -1.486880411E+02 
       397  1.003480000E+00 -7.543150000E-04  1.000000000E-01  4.437940247E-03 -1.467518742E+02 
       398  1.005240000E+00 -4.991700000E-04  1.000000000E-01  4.321998554E-03 -1.447012110E+02 
       399  1.006710000E+00 -2.932730000E-04  1.000000000E-01  4.141160056E-03 -1.426324927E+02 
       400  1.007930000E+00 -1.294160000E-04  1.000000000E-01  3.816016759E-03 -1.402677752E+02 
       401  0.000000000E+00  0.000000000E+00  1.000000000E-01  2.799344454E-01 -5.259133150E+03 
       402  1.008950000E+00  0.000000000E+00  1.000000000E-01  2.662886187E-03 -1.321034033E+02 
       403  1.008950000E+00  1.250000000E-03  1.000000000E-01  1.917636306E-03 -1.233846881E+02 
       404  9.957970000E-01  1.848260000E-03  1.000000000E-01  2.646068754E-03  3.934430756E+02 
       405  1.095110000E-04  1.855900000E-03  1.000000000E-01  2.665279272E-01 -4.710207771E+03 
       406  9.921460000E-01  2.356690000E-03  1.000000000E-01  2.436450720E-03  3.867713009E+02 
       407  1.008950000E+00  2.500000000E-03  1.000000000E-01  3.043222473E-03 -1.224017923E+02 
       408  9.877650000E-01  2.963870000E-03  1.000000000E-01  4.479410857E-03  3.800816877E+02 
       409  9.825070000E-01  3.688230000E-03  1.000000000E-01  1.276208466E-02  3.682443082E+02 
       410  4.384000000E-04  3.696570000E-03  1.000000000E-01  2.494852050E-01 -4.043704866E+03 
       411  1.008950000E+00  3.750000000E-03  1.000000000E-01  4.208389045E-03 -1.208751027E+02 
       412  9.988390000E-01  3.807740000E-03  1.000000000E-01  4.531119321E-03  4.010564267E+02 
       413  9.761960000E-01  4.551510000E-03  1.000000000E-01  2.178547416E-02  3.473248482E+02 
       414  1.008950000E+00  5.000000000E-03  1.000000000E-01  5.436926916E-03 -1.199279098E+02 
       415  9.860190000E-04  5.518970000E-03  1.000000000E-01  2.301972650E-01 -3.323957502E+03 
       416  9.686220000E-01  5.578890000E-03  1.000000000E-01  2.963507301E-02  3.201484826E+02 
       417  1.001370000E+00  5.982190000E-03  1.000000000E-01  1.373650797E-02  3.981253379E+02 
       418  1.008950000E+00  6.250000000E-03  1.000000000E-01  6.770567317E-03 -1.197208797E+02 
       419  9.595320000E-01  6.799650000E-03  1.000000000E-01  3.603065255E-02  2.912596073E+02 
       420  1.752850000E-03  7.324960000E-03  1.000000000E-01  2.094685109E-01 -2.620407868E+03 
       421  1.008950000E+00  7.500000000E-03  1.000000000E-01  8.319608048E-03 -1.204858302E+02 
       422  1.003480000E+00  7.784150000E-03  1.000000000E-01  2.586019474E-02  3.720908334E+02 
       423  9.486220000E-01  8.247430000E-03  1.000000000E-01  4.109324955E-02  2.641380382E+02 
       424  1.008950000E+00  8.750000000E-03  1.000000000E-01  1.015038404E-02 -1.227470870E+02 
       425  2.745270000E-03  9.124550000E-03  1.000000000E-01  1.876120349E-01 -1.949169914E+03 
       426  1.005240000E+00  9.288160000E-03  1.000000000E-01  3.781503031E-02  3.250812111E+02 
       427  9.355260000E-01  9.960600000E-03  1.000000000E-01  4.504046793E-02  2.406912274E+02 
       428  1.008950000E+00  1.000000000E-02  1.000000000E-01  1.245519226E-02 -1.243451289E+02 
       429  1.006710000E+00  1.054920000E-02  1.000000000E-01  4.926167055E-02  2.584480761E+02 
       430  3.983540000E-03  1.093890000E-02  1.000000000E-01  1.656470607E-01 -1.337407827E+03 
       431  1.008950000E+00  1.125000000E-02  1.000000000E-01  1.367311026E-02 -1.402437244E+02 
       432  1.007930000E+00  1.160880000E-02  1.000000000E-01  6.305960158E-02  1.787900495E+02 
       433  9.198070000E-01  1.198220000E-02  1.000000000E-01  4.809891231E-02  2.217107297E+02 
       434  1.008950000E+00  1.250000000E-02  1.000000000E-01  4.683122244E-02 -1.475733361E+01 
       435  5.510960000E-03  1.280140000E-02  1.000000000E-01  1.449525548E-01 -8.436076379E+02 
       436  9.009380000E-01  1.436040000E-02  1.000000000E-01  5.045534121E-02  2.074937617E+02 
       437  7.411530000E-03  1.476420000E-02  1.000000000E-01  1.252299660E-01 -4.435119905E+02 
       438  9.850590000E-03  1.691540000E-02  1.000000000E-01  1.050760702E-01 -8.442122370E+01 
       439  8.782860000E-01  1.714700000E-02  1.000000000E-01  5.228388118E-02  1.977289025E+02 
       440  1.318260000E-02  1.942040000E-02  1.000000000E-01  8.335654980E-02  2.330633226E+02 
       441  8.510930000E-01  2.039720000E-02  1.000000000E-01  5.364168199E-02  1.926596466E+02 
       442  1.821900000E-02  2.259850000E-02  1.000000000E-01  5.960534885E-02  4.926990922E+02 
       443  8.159680000E-01  2.444550000E-02  1.000000000E-01  5.463545693E-02  1.922160966E+02 
       444  2.634450000E-02  2.677890000E-02  1.000000000E-01  3.498620119E-02  6.702444179E+02 
       445  7.808250000E-01  2.833060000E-02  1.000000000E-01  5.533054485E-02  1.954257244E+02 
       446  3.777470000E-02  3.147510000E-02  1.000000000E-01  1.246964643E-02  7.558235600E+02 
       447  7.399050000E-01  3.264710000E-02  1.000000000E-01  5.584683635E-02  2.019121852E+02 
       448  6.989630000E-01  3.673990000E-02  1.000000000E-01  5.617765993E-02  2.105436915E+02 
       449  5.488770000E-02  3.697740000E-02  1.000000000E-01  8.784269387E-03  7.641362576E+02 
       450  6.579970000E-01  4.059990000E-02  1.000000000E-01  5.641339356E-02  2.208804231E+02 
       451  8.351470000E-02  4.379180000E-02  1.000000000E-01  2.493031383E-02  7.136568274E+02 
       452  6.170090000E-01  4.421250000E-02  1.000000000E-01  5.658123362E-02  2.326297607E+02 
       453  5.759990000E-01  4.755650000E-02  1.000000000E-01  5.669792108E-02  2.457564564E+02 
       454  1.241140000E-01  5.043730000E-02  1.000000000E-01  3.999815314E-02  6.282467393E+02 
       455  5.349650000E-01  5.060440000E-02  1.000000000E-01  5.678639655E-02  2.603187986E+02 
       456  4.939080000E-01  5.332060000E-02  1.000000000E-01  5.685362699E-02  2.765323464E+02 
       457  1.650180000E-01  5.486620000E-02  1.000000000E-01  4.866411866E-02  5.500132967E+02 
       458  4.528280000E-01  5.566140000E-02  1.000000000E-01  5.692432744E-02  2.947771531E+02 
       459  4.117260000E-01  5.757270000E-02  1.000000000E-01  5.699486128E-02  3.154859322E+02 
       460  2.060650000E-01  5.771190000E-02  1.000000000E-01  5.296465109E-02  4.884681442E+02 
       461  3.706030000E-01  5.898830000E-02  1.000000000E-01  5.699792168E-02  3.393441492E+02 
       462  2.471780000E-01  5.933890000E-02  1.000000000E-01  5.519762747E-02  4.398441099E+02 
       463  3.294650000E-01  5.982680000E-02  1.000000000E-01  5.682926548E-02  3.671312684E+02 
       464  2.883190000E-01  5.998690000E-02  1.000000000E-01  5.633348292E-02  4.001091531E+02 
