nodenumber     x-coordinate     y-coordinate     z-coordinate      mach-number         pressure 
         1  2.883190000E-01 -5.998690000E-02  0.000000000E+00  2.002933277E-02 -7.223505579E+02 
         2  3.294650000E-01 -5.982680000E-02  0.000000000E+00  1.885587642E-02 -7.030090361E+02 
         3  2.471780000E-01 -5.933890000E-02  0.000000000E+00  2.146639723E-02 -7.478567337E+02 
         4  3.706030000E-01 -5.898830000E-02  0.000000000E+00  1.813359291E-02 -6.871709724E+02 
         5  2.060650000E-01 -5.771190000E-02  0.000000000E+00  2.294339588E-02 -7.856556964E+02 
         6  4.117260000E-01 -5.757270000E-02  0.000000000E+00  1.788537682E-02 -6.738101167E+02 
         7  4.528280000E-01 -5.566140000E-02  0.000000000E+00  1.795384486E-02 -6.621554355E+02 
         8  1.650180000E-01 -5.486620000E-02  0.000000000E+00  2.341023094E-02 -8.502925232E+02 
         9  4.939080000E-01 -5.332060000E-02  0.000000000E+00  1.805109620E-02 -6.516434864E+02 
        10  5.349650000E-01 -5.060440000E-02  0.000000000E+00  1.789345082E-02 -6.420775803E+02 
        11  1.241140000E-01 -5.043730000E-02  0.000000000E+00  1.849283721E-02 -9.957448480E+02 
        12  5.759990000E-01 -4.755650000E-02  0.000000000E+00  1.732267916E-02 -6.336723737E+02 
        13  6.170090000E-01 -4.421250000E-02  0.000000000E+00  1.636790599E-02 -6.268839168E+02 
        14  8.351470000E-02 -4.379180000E-02  0.000000000E+00  1.362684024E-02 -1.310454646E+03 
        15  6.579970000E-01 -4.059990000E-02  0.000000000E+00  1.540813719E-02 -6.217972397E+02 
        16  5.488770000E-02 -3.697740000E-02  0.000000000E+00  3.985489887E-02 -1.740153148E+03 
        17  6.989630000E-01 -3.673990000E-02  0.000000000E+00  1.516210021E-02 -6.174579718E+02 
        18  7.399050000E-01 -3.264710000E-02  0.000000000E+00  1.644862571E-02 -6.129245295E+02 
        19  3.777470000E-02 -3.147510000E-02  0.000000000E+00  8.697030198E-02 -2.227176755E+03 
        20  7.808250000E-01 -2.833060000E-02  0.000000000E+00  1.924264131E-02 -6.083842925E+02 
        21  2.634450000E-02 -2.677890000E-02  0.000000000E+00  1.294291787E-01 -2.796505004E+03 
        22  8.159680000E-01 -2.444550000E-02  0.000000000E+00  2.206606910E-02 -6.042971795E+02 
        23  1.821900000E-02 -2.259850000E-02  0.000000000E+00  1.638965484E-01 -3.406888952E+03 
        24  8.510930000E-01 -2.039720000E-02  0.000000000E+00  2.381077175E-02 -5.991848973E+02 
        25  1.318260000E-02 -1.942040000E-02  0.000000000E+00  1.920538714E-01 -3.989780985E+03 
        26  8.782860000E-01 -1.714700000E-02  0.000000000E+00  2.363586558E-02 -5.954048711E+02 
        27  9.850590000E-03 -1.691540000E-02  0.000000000E+00  2.165025183E-01 -4.544041593E+03 
        28  7.411530000E-03 -1.476420000E-02  0.000000000E+00  2.380900860E-01 -5.006735914E+03 
        29  9.009380000E-01 -1.436040000E-02  0.000000000E+00  2.205980914E-02 -5.950315959E+02 
        30  5.510960000E-03 -1.280140000E-02  0.000000000E+00  2.533056173E-01 -5.311186727E+03 
        31  9.198070000E-01 -1.198220000E-02  0.000000000E+00  1.974218407E-02 -5.981116973E+02 
        32  3.983540000E-03 -1.093890000E-02  0.000000000E+00  2.624716986E-01 -5.529773265E+03 
        33  9.355260000E-01 -9.960600000E-03  0.000000000E+00  1.692364564E-02 -6.046532980E+02 
        34  2.745270000E-03 -9.124550000E-03  0.000000000E+00  2.696280553E-01 -5.706780922E+03 
        35  9.486220000E-01 -8.247430000E-03  0.000000000E+00  1.374197783E-02 -6.143647465E+02 
        36  1.752850000E-03 -7.324960000E-03  0.000000000E+00  2.748809773E-01 -5.805070054E+03 
        37  9.595320000E-01 -6.799650000E-03  0.000000000E+00  1.032374638E-02 -6.267919204E+02 
        38  9.686220000E-01 -5.578890000E-03  0.000000000E+00  6.801467348E-03 -6.413695977E+02 
        39  9.860190000E-04 -5.518970000E-03  0.000000000E+00  2.772600531E-01 -5.786211951E+03 
        40  9.761960000E-01 -4.551510000E-03  0.000000000E+00  3.297871965E-03 -6.575606025E+02 
        41  4.384000000E-04 -3.696570000E-03  0.000000000E+00  2.770735786E-01 -5.609460826E+03 
        42  9.825070000E-01 -3.688230000E-03  0.000000000E+00  1.757937073E-03 -6.749779075E+02 
        43  9.877650000E-01 -2.963870000E-03  0.000000000E+00  3.589686149E-03 -6.933869941E+02 
        44  9.921460000E-01 -2.356690000E-03  0.000000000E+00  6.821927381E-03 -7.126862821E+02 
        45  1.095110000E-04 -1.855900000E-03  0.000000000E+00  2.749572337E-01 -5.276093607E+03 
        46  9.957970000E-01 -1.848260000E-03  0.000000000E+00  9.943745897E-03 -7.328545935E+02 
        47  9.988390000E-01 -1.422790000E-03  0.000000000E+00  1.294427510E-02 -7.539437906E+02 
        48  1.001370000E+00 -1.062990000E-03  0.000000000E+00  1.583198556E-02 -7.759637079E+02 
        49  1.003480000E+00 -7.543150000E-04  0.000000000E+00  1.860410344E-02 -7.990332010E+02 
        50  1.005240000E+00 -4.991700000E-04  0.000000000E+00  2.126247977E-02 -8.226515186E+02 
        51  1.006710000E+00 -2.932730000E-04  0.000000000E+00  2.360464326E-02 -8.473077955E+02 
        52  1.007930000E+00 -1.294160000E-04  0.000000000E+00  2.579135162E-02 -8.634448774E+02 
        53  0.000000000E+00  0.000000000E+00  0.000000000E+00  2.693914594E-01 -4.859306252E+03 
        54  1.008950000E+00  0.000000000E+00  0.000000000E+00  2.435771785E-02 -9.684766043E+02 
        55  1.008950000E+00  1.250000000E-03  0.000000000E+00  1.876032549E-02 -1.065598286E+03 
        56  9.957970000E-01  1.848260000E-03  0.000000000E+00  5.909628267E-03  2.573039636E+02 
        57  1.095110000E-04  1.855900000E-03  0.000000000E+00  2.584483797E-01 -4.386410968E+03 
        58  9.921460000E-01  2.356690000E-03  0.000000000E+00  7.897893521E-03  2.531571195E+02 
        59  1.008950000E+00  2.500000000E-03  0.000000000E+00  1.719282977E-02 -1.056697936E+03 
        60  9.877650000E-01  2.963870000E-03  0.000000000E+00  1.570831660E-02  2.400551620E+02 
        61  9.825070000E-01  3.688230000E-03  0.000000000E+00  2.574792296E-02  2.160668998E+02 
        62  4.384000000E-04  3.696570000E-03  0.000000000E+00  2.433578888E-01 -3.808426624E+03 
        63  1.008950000E+00  3.750000000E-03  0.000000000E+00  1.751264929E-02 -1.061280088E+03 
        64  9.988390000E-01  3.807740000E-03  0.000000000E+00  1.310667606E-02  2.466359946E+02 
        65  9.761960000E-01  4.551510000E-03  0.000000000E+00  3.538264615E-02  1.814367894E+02 
        66  1.008950000E+00  5.000000000E-03  0.000000000E+00  1.794224500E-02 -1.065287487E+03 
        67  9.860190000E-04  5.518970000E-03  0.000000000E+00  2.258537193E-01 -3.156269100E+03 
        68  9.686220000E-01  5.578890000E-03  0.000000000E+00  4.365137995E-02  1.430157083E+02 
        69  1.001370000E+00  5.982190000E-03  0.000000000E+00  2.795825657E-02  2.040246456E+02 
        70  1.008950000E+00  6.250000000E-03  0.000000000E+00  1.847751932E-02 -1.070033402E+03 
        71  9.595320000E-01  6.799650000E-03  0.000000000E+00  5.018776237E-02  1.074835637E+02 
        72  1.752850000E-03  7.324960000E-03  0.000000000E+00  2.066916378E-01 -2.504913532E+03 
        73  1.008950000E+00  7.500000000E-03  0.000000000E+00  1.923224446E-02 -1.075172597E+03 
        74  1.003480000E+00  7.784150000E-03  0.000000000E+00  4.453410902E-02  1.209182601E+02 
        75  9.486220000E-01  8.247430000E-03  0.000000000E+00  5.510168644E-02  7.884603171E+01 
        76  1.008950000E+00  8.750000000E-03  0.000000000E+00  2.038362888E-02 -1.082034800E+03 
        77  2.745270000E-03  9.124550000E-03  0.000000000E+00  1.861676057E-01 -1.873128101E+03 
        78  1.005240000E+00  9.288160000E-03  0.000000000E+00  6.062914357E-02  2.584510118E+00 
        79  9.355260000E-01  9.960600000E-03  0.000000000E+00  5.866890674E-02  5.876226406E+01 
        80  1.008950000E+00  1.000000000E-02  0.000000000E+00  2.258387604E-02 -1.087789225E+03 
        81  1.006710000E+00  1.054920000E-02  0.000000000E+00  7.662145412E-02 -1.566913241E+02 
        82  3.983540000E-03  1.093890000E-02  0.000000000E+00  1.652313722E-01 -1.285875241E+03 
        83  1.008950000E+00  1.125000000E-02  0.000000000E+00  2.300312503E-02 -1.119447865E+03 
        84  1.007930000E+00  1.160880000E-02  0.000000000E+00  9.684813903E-02 -3.463599727E+02 
        85  9.198070000E-01  1.198220000E-02  0.000000000E+00  6.124141589E-02  4.666596679E+01 
        86  1.008950000E+00  1.250000000E-02  0.000000000E+00  7.222118127E-02 -8.099789350E+02 
        87  5.510960000E-03  1.280140000E-02  0.000000000E+00  1.453238743E-01 -8.014428282E+02 
        88  9.009380000E-01  1.436040000E-02  0.000000000E+00  6.292587561E-02  4.247199384E+01 
        89  7.411530000E-03  1.476420000E-02  0.000000000E+00  1.262732438E-01 -4.074190512E+02 
        90  9.850590000E-03  1.691540000E-02  0.000000000E+00  1.067473129E-01 -5.290304549E+01 
        91  8.782860000E-01  1.714700000E-02  0.000000000E+00  6.397540781E-02  4.613640688E+01 
        92  1.318260000E-02  1.942040000E-02  0.000000000E+00  8.554568632E-02  2.680036617E+02 
        93  8.510930000E-01  2.039720000E-02  0.000000000E+00  6.464624339E-02  5.631667683E+01 
        94  1.821900000E-02  2.259850000E-02  0.000000000E+00  6.209043911E-02  5.375868755E+02 
        95  8.159680000E-01  2.444550000E-02  0.000000000E+00  6.491080969E-02  7.299088728E+01 
        96  2.634450000E-02  2.677890000E-02  0.000000000E+00  3.754870697E-02  7.282279980E+02 
        97  7.808250000E-01  2.833060000E-02  0.000000000E+00  6.490759471E-02  9.308687926E+01 
        98  3.777470000E-02  3.147510000E-02  0.000000000E+00  1.455668550E-02  8.272024552E+02 
        99  7.399050000E-01  3.264710000E-02  0.000000000E+00  6.472356538E-02  1.172077021E+02 
       100  6.989630000E-01  3.673990000E-02  0.000000000E+00  6.444695250E-02  1.423815499E+02 
       101  5.488770000E-02  3.697740000E-02  0.000000000E+00  8.762262107E-03  8.474347187E+02 
       102  6.579970000E-01  4.059990000E-02  0.000000000E+00  6.417338411E-02  1.680514385E+02 
       103  8.351470000E-02  4.379180000E-02  0.000000000E+00  2.347674226E-02  8.035119532E+02 
       104  6.170090000E-01  4.421250000E-02  0.000000000E+00  6.391355706E-02  1.940656954E+02 
       105  5.759990000E-01  4.755650000E-02  0.000000000E+00  6.364446887E-02  2.205629641E+02 
       106  1.241140000E-01  5.043730000E-02  0.000000000E+00  3.968096337E-02  7.175487412E+02 
       107  5.349650000E-01  5.060440000E-02  0.000000000E+00  6.334205423E-02  2.478092849E+02 
       108  4.939080000E-01  5.332060000E-02  0.000000000E+00  6.300634338E-02  2.761146580E+02 
       109  1.650180000E-01  5.486620000E-02  0.000000000E+00  4.961939263E-02  6.334463807E+02 
       110  4.528280000E-01  5.566140000E-02  0.000000000E+00  6.265725742E-02  3.059682706E+02 
       111  4.117260000E-01  5.757270000E-02  0.000000000E+00  6.226163433E-02  3.380162034E+02 
       112  2.060650000E-01  5.771190000E-02  0.000000000E+00  5.503797342E-02  5.630229404E+02 
       113  3.706030000E-01  5.898830000E-02  0.000000000E+00  6.176462263E-02  3.728520806E+02 
       114  2.471780000E-01  5.933890000E-02  0.000000000E+00  5.809440705E-02  5.048532845E+02 
       115  3.294650000E-01  5.982680000E-02  0.000000000E+00  6.106876974E-02  4.113900809E+02 
       116  2.883190000E-01  5.998690000E-02  0.000000000E+00  5.996310310E-02  4.549904174E+02 
       117  2.883190000E-01 -5.998690000E-02  3.333330000E-02  2.002935640E-02 -7.223505035E+02 
       118  3.294650000E-01 -5.982680000E-02  3.333330000E-02  1.885595098E-02 -7.030089673E+02 
       119  2.471780000E-01 -5.933890000E-02  3.333330000E-02  2.146635882E-02 -7.478567417E+02 
       120  3.706030000E-01 -5.898830000E-02  3.333330000E-02  1.813369875E-02 -6.871709378E+02 
       121  2.060650000E-01 -5.771190000E-02  3.333330000E-02  2.294332342E-02 -7.856558392E+02 
       122  4.117260000E-01 -5.757270000E-02  3.333330000E-02  1.788550259E-02 -6.738101014E+02 
       123  4.528280000E-01 -5.566140000E-02  3.333330000E-02  1.795398235E-02 -6.621554196E+02 
       124  1.650180000E-01 -5.486620000E-02  3.333330000E-02  2.341017617E-02 -8.502930328E+02 
       125  4.939080000E-01 -5.332060000E-02  3.333330000E-02  1.805123719E-02 -6.516434361E+02 
       126  5.349650000E-01 -5.060440000E-02  3.333330000E-02  1.789358149E-02 -6.420775103E+02 
       127  1.241140000E-01 -5.043730000E-02  3.333330000E-02  1.849277876E-02 -9.957461817E+02 
       128  5.759990000E-01 -4.755650000E-02  3.333330000E-02  1.732276955E-02 -6.336723071E+02 
       129  6.170090000E-01 -4.421250000E-02  3.333330000E-02  1.636793083E-02 -6.268839448E+02 
       130  8.351470000E-02 -4.379180000E-02  3.333330000E-02  1.362681861E-02 -1.310463059E+03 
       131  6.579970000E-01 -4.059990000E-02  3.333330000E-02  1.540821267E-02 -6.217974967E+02 
       132  5.488770000E-02 -3.697740000E-02  3.333330000E-02  3.985628476E-02 -1.740166646E+03 
       133  6.989630000E-01 -3.673990000E-02  3.333330000E-02  1.516273749E-02 -6.174581719E+02 
       134  7.399050000E-01 -3.264710000E-02  3.333330000E-02  1.645047447E-02 -6.129249876E+02 
       135  3.777470000E-02 -3.147510000E-02  3.333330000E-02  8.697126865E-02 -2.227187544E+03 
       136  7.808250000E-01 -2.833060000E-02  3.333330000E-02  1.924502078E-02 -6.083856748E+02 
       137  2.634450000E-02 -2.677890000E-02  3.333330000E-02  1.294295394E-01 -2.796510905E+03 
       138  8.159680000E-01 -2.444550000E-02  3.333330000E-02  2.206785051E-02 -6.042995414E+02 
       139  1.821900000E-02 -2.259850000E-02  3.333330000E-02  1.638968015E-01 -3.406893913E+03 
       140  8.510930000E-01 -2.039720000E-02  3.333330000E-02  2.381182902E-02 -5.991883466E+02 
       141  1.318260000E-02 -1.942040000E-02  3.333330000E-02  1.920543598E-01 -3.989791866E+03 
       142  8.782860000E-01 -1.714700000E-02  3.333330000E-02  2.363638488E-02 -5.954099893E+02 
       143  9.850590000E-03 -1.691540000E-02  3.333330000E-02  2.165031678E-01 -4.544056718E+03 
       144  7.411530000E-03 -1.476420000E-02  3.333330000E-02  2.380906558E-01 -5.006746954E+03 
       145  9.009380000E-01 -1.436040000E-02  3.333330000E-02  2.205992418E-02 -5.950374957E+02 
       146  5.510960000E-03 -1.280140000E-02  3.333330000E-02  2.533058963E-01 -5.311192692E+03 
       147  9.198070000E-01 -1.198220000E-02  3.333330000E-02  1.974164144E-02 -5.981179360E+02 
       148  3.983540000E-03 -1.093890000E-02  3.333330000E-02  2.624718633E-01 -5.529777835E+03 
       149  9.355260000E-01 -9.960600000E-03  3.333330000E-02  1.692198260E-02 -6.046613074E+02 
       150  2.745270000E-03 -9.124550000E-03  3.333330000E-02  2.696281629E-01 -5.706783276E+03 
       151  9.486220000E-01 -8.247430000E-03  3.333330000E-02  1.373868199E-02 -6.143766674E+02 
       152  1.752850000E-03 -7.324960000E-03  3.333330000E-02  2.748810194E-01 -5.805070666E+03 
       153  9.595320000E-01 -6.799650000E-03  3.333330000E-02  1.031833113E-02 -6.268106933E+02 
       154  9.686220000E-01 -5.578890000E-03  3.333330000E-02  6.793567614E-03 -6.413984846E+02 
       155  9.860190000E-04 -5.518970000E-03  3.333330000E-02  2.772600602E-01 -5.786211439E+03 
       156  9.761960000E-01 -4.551510000E-03  3.333330000E-02  3.287375786E-03 -6.576031308E+02 
       157  4.384000000E-04 -3.696570000E-03  3.333330000E-02  2.770735763E-01 -5.609460073E+03 
       158  9.825070000E-01 -3.688230000E-03  3.333330000E-02  1.759671930E-03 -6.750375506E+02 
       159  9.877650000E-01 -2.963870000E-03  3.333330000E-02  3.606728545E-03 -6.934670743E+02 
       160  9.921460000E-01 -2.356690000E-03  3.333330000E-02  6.842728543E-03 -7.127902290E+02 
       161  1.095110000E-04 -1.855900000E-03  3.333330000E-02  2.749572328E-01 -5.276093257E+03 
       162  9.957970000E-01 -1.848260000E-03  3.333330000E-02  9.968420516E-03 -7.329860531E+02 
       163  9.988390000E-01 -1.422790000E-03  3.333330000E-02  1.297299724E-02 -7.541063657E+02 
       164  1.001370000E+00 -1.062990000E-03  3.333330000E-02  1.586487876E-02 -7.761607408E+02 
       165  1.003480000E+00 -7.543150000E-04  3.333330000E-02  1.864133166E-02 -7.992678018E+02 
       166  1.005240000E+00 -4.991700000E-04  3.333330000E-02  2.130428334E-02 -8.229285117E+02 
       167  1.006710000E+00 -2.932730000E-04  3.333330000E-02  2.365123253E-02 -8.476335927E+02 
       168  1.007930000E+00 -1.294160000E-04  3.333330000E-02  2.584281540E-02 -8.638142714E+02 
       169  0.000000000E+00  0.000000000E+00  3.333330000E-02  2.693914624E-01 -4.859306352E+03 
       170  1.008950000E+00  0.000000000E+00  3.333330000E-02  2.374130801E-02 -9.725156082E+02 
       171  1.008950000E+00  1.250000000E-03  3.333330000E-02  1.877624127E-02 -1.066229540E+03 
       172  9.957970000E-01  1.848260000E-03  3.333330000E-02  5.919751882E-03  2.572419783E+02 
       173  1.095110000E-04  1.855900000E-03  3.333330000E-02  2.584483985E-01 -4.386411650E+03 
       174  9.921460000E-01  2.356690000E-03  3.333330000E-02  7.904479577E-03  2.530939917E+02 
       175  1.008950000E+00  2.500000000E-03  3.333330000E-02  1.719921965E-02 -1.057287067E+03 
       176  9.877650000E-01  2.963870000E-03  3.333330000E-02  1.571517311E-02  2.399893631E+02 
       177  9.825070000E-01  3.688230000E-03  3.333330000E-02  2.575481528E-02  2.160026502E+02 
       178  4.384000000E-04  3.696570000E-03  3.333330000E-02  2.433579459E-01 -3.808428795E+03 
       179  1.008950000E+00  3.750000000E-03  3.333330000E-02  1.751706759E-02 -1.061861265E+03 
       180  9.988390000E-01  3.807740000E-03  3.333330000E-02  1.312780437E-02  2.465504618E+02 
       181  9.761960000E-01  4.551510000E-03  3.333330000E-02  3.538794247E-02  1.813795281E+02 
       182  1.008950000E+00  5.000000000E-03  3.333330000E-02  1.794615873E-02 -1.065857734E+03 
       183  9.860190000E-04  5.518970000E-03  3.333330000E-02  2.258538429E-01 -3.156273484E+03 
       184  9.686220000E-01  5.578890000E-03  3.333330000E-02  4.365497641E-02  1.429695074E+02 
       185  1.001370000E+00  5.982190000E-03  3.333330000E-02  2.798183668E-02  2.038837372E+02 
       186  1.008950000E+00  6.250000000E-03  3.333330000E-02  1.848145038E-02 -1.070597372E+03 
       187  9.595320000E-01  6.799650000E-03  3.333330000E-02  5.019010645E-02  1.074495664E+02 
       188  1.752850000E-03  7.324960000E-03  3.333330000E-02  2.066918575E-01 -2.504920574E+03 
       189  1.008950000E+00  7.500000000E-03  3.333330000E-02  1.923634451E-02 -1.075731760E+03 
       190  1.003480000E+00  7.784150000E-03  3.333330000E-02  4.455465927E-02  1.207290628E+02 
       191  9.486220000E-01  8.247430000E-03  3.333330000E-02  5.510315178E-02  7.882298158E+01 
       192  1.008950000E+00  8.750000000E-03  3.333330000E-02  2.038840058E-02 -1.082588097E+03 
       193  2.745270000E-03  9.124550000E-03  3.333330000E-02  1.861679562E-01 -1.873138362E+03 
       194  1.005240000E+00  9.288160000E-03  3.333330000E-02  6.064829271E-02  2.354121963E+00 
       195  9.355260000E-01  9.960600000E-03  3.333330000E-02  5.866978007E-02  5.874772295E+01 
       196  1.008950000E+00  1.000000000E-02  3.333330000E-02  2.258828592E-02 -1.088340866E+03 
       197  1.006710000E+00  1.054920000E-02  3.333330000E-02  7.664069640E-02 -1.569752285E+02 
       198  3.983540000E-03  1.093890000E-02  3.333330000E-02  1.652318259E-01 -1.285887278E+03 
       199  1.008950000E+00  1.125000000E-02  3.333330000E-02  2.300644243E-02 -1.119998827E+03 
       200  1.007930000E+00  1.160880000E-02  3.333330000E-02  9.687154576E-02 -3.466917908E+02 
       201  9.198070000E-01  1.198220000E-02  3.333330000E-02  6.124184321E-02  4.665784931E+01 
       202  1.008950000E+00  1.250000000E-02  3.333330000E-02  6.551793569E-02 -7.974100080E+02 
       203  5.510960000E-03  1.280140000E-02  3.333330000E-02  1.453243849E-01 -8.014539412E+02 
       204  9.009380000E-01  1.436040000E-02  3.333330000E-02  6.292603474E-02  4.246812855E+01 
       205  7.411530000E-03  1.476420000E-02  3.333330000E-02  1.262737959E-01 -4.074297863E+02 
       206  9.850590000E-03  1.691540000E-02  3.333330000E-02  1.067478780E-01 -5.291255789E+01 
       207  8.782860000E-01  1.714700000E-02  3.333330000E-02  6.397549323E-02  4.613459412E+01 
       208  1.318260000E-02  1.942040000E-02  3.333330000E-02  8.554612000E-02  2.679978144E+02 
       209  8.510930000E-01  2.039720000E-02  3.333330000E-02  6.464628491E-02  5.631587695E+01 
       210  1.821900000E-02  2.259850000E-02  3.333330000E-02  6.209064912E-02  5.375848708E+02 
       211  8.159680000E-01  2.444550000E-02  3.333330000E-02  6.491082024E-02  7.299073813E+01 
       212  2.634450000E-02  2.677890000E-02  3.333330000E-02  3.754894780E-02  7.282266005E+02 
       213  7.808250000E-01  2.833060000E-02  3.333330000E-02  6.490759770E-02  9.308671848E+01 
       214  3.777470000E-02  3.147510000E-02  3.333330000E-02  1.455714425E-02  8.272013020E+02 
       215  7.399050000E-01  3.264710000E-02  3.333330000E-02  6.472356666E-02  1.172077165E+02 
       216  6.989630000E-01  3.673990000E-02  3.333330000E-02  6.444695402E-02  1.423815398E+02 
       217  5.488770000E-02  3.697740000E-02  3.333330000E-02  8.761914562E-03  8.474352376E+02 
       218  6.579970000E-01  4.059990000E-02  3.333330000E-02  6.417338547E-02  1.680514478E+02 
       219  8.351470000E-02  4.379180000E-02  3.333330000E-02  2.347634848E-02  8.035135716E+02 
       220  6.170090000E-01  4.421250000E-02  3.333330000E-02  6.391355848E-02  1.940657082E+02 
       221  5.759990000E-01  4.755650000E-02  3.333330000E-02  6.364447023E-02  2.205629881E+02 
       222  1.241140000E-01  5.043730000E-02  3.333330000E-02  3.968088618E-02  7.175492639E+02 
       223  5.349650000E-01  5.060440000E-02  3.333330000E-02  6.334205552E-02  2.478093105E+02 
       224  4.939080000E-01  5.332060000E-02  3.333330000E-02  6.300634480E-02  2.761146729E+02 
       225  1.650180000E-01  5.486620000E-02  3.333330000E-02  4.961935833E-02  6.334467318E+02 
       226  4.528280000E-01  5.566140000E-02  3.333330000E-02  6.265725852E-02  3.059683183E+02 
       227  4.117260000E-01  5.757270000E-02  3.333330000E-02  6.226163535E-02  3.380162559E+02 
       228  2.060650000E-01  5.771190000E-02  3.333330000E-02  5.503796345E-02  5.630230858E+02 
       229  3.706030000E-01  5.898830000E-02  3.333330000E-02  6.176462383E-02  3.728521101E+02 
       230  2.471780000E-01  5.933890000E-02  3.333330000E-02  5.809440194E-02  5.048533938E+02 
       231  3.294650000E-01  5.982680000E-02  3.333330000E-02  6.106877145E-02  4.113900629E+02 
       232  2.883190000E-01  5.998690000E-02  3.333330000E-02  5.996310262E-02  4.549904567E+02 
       233  2.883190000E-01 -5.998690000E-02  6.666670000E-02  2.002951875E-02 -7.223505010E+02 
       234  3.294650000E-01 -5.982680000E-02  6.666670000E-02  1.885619051E-02 -7.030089568E+02 
       235  2.471780000E-01 -5.933890000E-02  6.666670000E-02  2.146644641E-02 -7.478566975E+02 
       236  3.706030000E-01 -5.898830000E-02  6.666670000E-02  1.813398736E-02 -6.871709003E+02 
       237  2.060650000E-01 -5.771190000E-02  6.666670000E-02  2.294335249E-02 -7.856557842E+02 
       238  4.117260000E-01 -5.757270000E-02  6.666670000E-02  1.788580763E-02 -6.738100596E+02 
       239  4.528280000E-01 -5.566140000E-02  6.666670000E-02  1.795428771E-02 -6.621553493E+02 
       240  1.650180000E-01 -5.486620000E-02  6.666670000E-02  2.341017523E-02 -8.502930292E+02 
       241  4.939080000E-01 -5.332060000E-02  6.666670000E-02  1.805152738E-02 -6.516432938E+02 
       242  5.349650000E-01 -5.060440000E-02  6.666670000E-02  1.789382965E-02 -6.420773217E+02 
       243  1.241140000E-01 -5.043730000E-02  6.666670000E-02  1.849277129E-02 -9.957462129E+02 
       244  5.759990000E-01 -4.755650000E-02  6.666670000E-02  1.732291306E-02 -6.336721653E+02 
       245  6.170090000E-01 -4.421250000E-02  6.666670000E-02  1.636792395E-02 -6.268840797E+02 
       246  8.351470000E-02 -4.379180000E-02  6.666670000E-02  1.362681559E-02 -1.310463096E+03 
       247  6.579970000E-01 -4.059990000E-02  6.666670000E-02  1.540827733E-02 -6.217981431E+02 
       248  5.488770000E-02 -3.697740000E-02  6.666670000E-02  3.985628187E-02 -1.740166669E+03 
       249  6.989630000E-01 -3.673990000E-02  6.666670000E-02  1.516379727E-02 -6.174587901E+02 
       250  7.399050000E-01 -3.264710000E-02  6.666670000E-02  1.645363842E-02 -6.129261471E+02 
       251  3.777470000E-02 -3.147510000E-02  6.666670000E-02  8.697125934E-02 -2.227187537E+03 
       252  7.808250000E-01 -2.833060000E-02  6.666670000E-02  1.924887825E-02 -6.083886443E+02 
       253  2.634450000E-02 -2.677890000E-02  6.666670000E-02  1.294295274E-01 -2.796510860E+03 
       254  8.159680000E-01 -2.444550000E-02  6.666670000E-02  2.207043885E-02 -6.043043275E+02 
       255  1.821900000E-02 -2.259850000E-02  6.666670000E-02  1.638967902E-01 -3.406893872E+03 
       256  8.510930000E-01 -2.039720000E-02  6.666670000E-02  2.381300932E-02 -5.991955617E+02 
       257  1.318260000E-02 -1.942040000E-02  6.666670000E-02  1.920543497E-01 -3.989791851E+03 
       258  8.782860000E-01 -1.714700000E-02  6.666670000E-02  2.363666790E-02 -5.954205010E+02 
       259  9.850590000E-03 -1.691540000E-02  6.666670000E-02  2.165031579E-01 -4.544056682E+03 
       260  7.411530000E-03 -1.476420000E-02  6.666670000E-02  2.380906433E-01 -5.006746775E+03 
       261  9.009380000E-01 -1.436040000E-02  6.666670000E-02  2.205954079E-02 -5.950495531E+02 
       262  5.510960000E-03 -1.280140000E-02  6.666670000E-02  2.533058817E-01 -5.311192431E+03 
       263  9.198070000E-01 -1.198220000E-02  6.666670000E-02  1.974007569E-02 -5.981307625E+02 
       264  3.983540000E-03 -1.093890000E-02  6.666670000E-02  2.624718516E-01 -5.529777623E+03 
       265  9.355260000E-01 -9.960600000E-03  6.666670000E-02  1.691829380E-02 -6.046777062E+02 
       266  2.745270000E-03 -9.124550000E-03  6.666670000E-02  2.696281548E-01 -5.706783095E+03 
       267  9.486220000E-01 -8.247430000E-03  6.666670000E-02  1.373181699E-02 -6.144009862E+02 
       268  1.752850000E-03 -7.324960000E-03  6.666670000E-02  2.748810138E-01 -5.805070532E+03 
       269  9.595320000E-01 -6.799650000E-03  6.666670000E-02  1.030729475E-02 -6.268488400E+02 
       270  9.686220000E-01 -5.578890000E-03  6.666670000E-02  6.777589126E-03 -6.414570493E+02 
       271  9.860190000E-04 -5.518970000E-03  6.666670000E-02  2.772600563E-01 -5.786211352E+03 
       272  9.761960000E-01 -4.551510000E-03  6.666670000E-02  3.266169068E-03 -6.576892177E+02 
       273  4.384000000E-04 -3.696570000E-03  6.666670000E-02  2.770735737E-01 -5.609460032E+03 
       274  9.825070000E-01 -3.688230000E-03  6.666670000E-02  1.763096396E-03 -6.751581137E+02 
       275  9.877650000E-01 -2.963870000E-03  6.666670000E-02  3.641037041E-03 -6.936287685E+02 
       276  9.921460000E-01 -2.356690000E-03  6.666670000E-02  6.884684758E-03 -7.129999812E+02 
       277  1.095110000E-04 -1.855900000E-03  6.666670000E-02  2.749572309E-01 -5.276093226E+03 
       278  9.957970000E-01 -1.848260000E-03  6.666670000E-02  1.001828046E-02 -7.332512723E+02 
       279  9.988390000E-01 -1.422790000E-03  6.666670000E-02  1.303115581E-02 -7.544345553E+02 
       280  1.001370000E+00 -1.062990000E-03  6.666670000E-02  1.593164869E-02 -7.765590964E+02 
       281  1.003480000E+00 -7.543150000E-04  6.666670000E-02  1.871708131E-02 -7.997431316E+02 
       282  1.005240000E+00 -4.991700000E-04  6.666670000E-02  2.138951770E-02 -8.234914804E+02 
       283  1.006710000E+00 -2.932730000E-04  6.666670000E-02  2.374651315E-02 -8.482976484E+02 
       284  1.007930000E+00 -1.294160000E-04  6.666670000E-02  2.594842721E-02 -8.645685460E+02 
       285  0.000000000E+00  0.000000000E+00  6.666670000E-02  2.693914608E-01 -4.859306304E+03 
       286  1.008950000E+00  0.000000000E+00  6.666670000E-02  2.381952345E-02 -9.735533323E+02 
       287  1.008950000E+00  1.250000000E-03  6.666670000E-02  1.880484696E-02 -1.067470965E+03 
       288  9.957970000E-01  1.848260000E-03  6.666670000E-02  5.936506468E-03  2.571215391E+02 
       289  1.095110000E-04  1.855900000E-03  6.666670000E-02  2.584483974E-01 -4.386411602E+03 
       290  9.921460000E-01  2.356690000E-03  6.666670000E-02  7.920236317E-03  2.529727800E+02 
       291  1.008950000E+00  2.500000000E-03  6.666670000E-02  1.720745090E-02 -1.058480762E+03 
       292  9.877650000E-01  2.963870000E-03  6.666670000E-02  1.573169560E-02  2.398601216E+02 
       293  9.825070000E-01  3.688230000E-03  6.666670000E-02  2.576946370E-02  2.158732074E+02 
       294  4.384000000E-04  3.696570000E-03  6.666670000E-02  2.433579459E-01 -3.808428758E+03 
       295  1.008950000E+00  3.750000000E-03  6.666670000E-02  1.752139661E-02 -1.063035985E+03 
       296  9.988390000E-01  3.807740000E-03  6.666670000E-02  1.314926504E-02  2.464003716E+02 
       297  9.761960000E-01  4.551510000E-03  6.666670000E-02  3.539879040E-02  1.812628007E+02 
       298  1.008950000E+00  5.000000000E-03  6.666670000E-02  1.795029921E-02 -1.067009987E+03 
       299  9.860190000E-04  5.518970000E-03  6.666670000E-02  2.258538440E-01 -3.156273468E+03 
       300  9.686220000E-01  5.578890000E-03  6.666670000E-02  4.366238728E-02  1.428749737E+02 
       301  1.001370000E+00  5.982190000E-03  6.666670000E-02  2.800614870E-02  2.036739217E+02 
       302  1.008950000E+00  6.250000000E-03  6.666670000E-02  1.848622706E-02 -1.071735959E+03 
       303  9.595320000E-01  6.799650000E-03  6.666670000E-02  5.019495557E-02  1.073798973E+02 
       304  1.752850000E-03  7.324960000E-03  6.666670000E-02  2.066918594E-01 -2.504920575E+03 
       305  1.008950000E+00  7.500000000E-03  6.666670000E-02  1.924176379E-02 -1.076859955E+03 
       306  1.003480000E+00  7.784150000E-03  6.666670000E-02  4.457879958E-02  1.204536920E+02 
       307  9.486220000E-01  8.247430000E-03  6.666670000E-02  5.510618014E-02  7.877581857E+01 
       308  1.008950000E+00  8.750000000E-03  6.666670000E-02  2.039508973E-02 -1.083706090E+03 
       309  2.745270000E-03  9.124550000E-03  6.666670000E-02  1.861679586E-01 -1.873138373E+03 
       310  1.005240000E+00  9.288160000E-03  6.666670000E-02  6.067327523E-02  2.010016033E+00 
       311  9.355260000E-01  9.960600000E-03  6.666670000E-02  5.867158449E-02  5.871810572E+01 
       312  1.008950000E+00  1.000000000E-02  6.666670000E-02  2.259568980E-02 -1.089455041E+03 
       313  1.006710000E+00  1.054920000E-02  6.666670000E-02  7.666811653E-02 -1.574084351E+02 
       314  3.983540000E-03  1.093890000E-02  6.666670000E-02  1.652318284E-01 -1.285887277E+03 
       315  1.008950000E+00  1.125000000E-02  6.666670000E-02  2.301334821E-02 -1.121116884E+03 
       316  1.007930000E+00  1.160880000E-02  6.666670000E-02  9.690278641E-02 -3.472196496E+02 
       317  9.198070000E-01  1.198220000E-02  6.666670000E-02  6.124273237E-02  4.664139719E+01 
       318  1.008950000E+00  1.250000000E-02  6.666670000E-02  6.553800975E-02 -7.982554746E+02 
       319  5.510960000E-03  1.280140000E-02  6.666670000E-02  1.453243873E-01 -8.014539332E+02 
       320  9.009380000E-01  1.436040000E-02  6.666670000E-02  6.292636776E-02  4.246033557E+01 
       321  7.411530000E-03  1.476420000E-02  6.666670000E-02  1.262737988E-01 -4.074297900E+02 
       322  9.850590000E-03  1.691540000E-02  6.666670000E-02  1.067478816E-01 -5.291256554E+01 
       323  8.782860000E-01  1.714700000E-02  6.666670000E-02  6.397567539E-02  4.613107832E+01 
       324  1.318260000E-02  1.942040000E-02  6.666670000E-02  8.554612381E-02  2.679978101E+02 
       325  8.510930000E-01  2.039720000E-02  6.666670000E-02  6.464637502E-02  5.631459299E+01 
       326  1.821900000E-02  2.259850000E-02  6.666670000E-02  6.209065284E-02  5.375848736E+02 
       327  8.159680000E-01  2.444550000E-02  6.666670000E-02  6.491083851E-02  7.299043763E+01 
       328  2.634450000E-02  2.677890000E-02  6.666670000E-02  3.754895125E-02  7.282266091E+02 
       329  7.808250000E-01  2.833060000E-02  6.666670000E-02  6.490759885E-02  9.308667438E+01 
       330  3.777470000E-02  3.147510000E-02  6.666670000E-02  1.455714724E-02  8.272013141E+02 
       331  7.399050000E-01  3.264710000E-02  6.666670000E-02  6.472356506E-02  1.172077259E+02 
       332  6.989630000E-01  3.673990000E-02  6.666670000E-02  6.444695170E-02  1.423815513E+02 
       333  5.488770000E-02  3.697740000E-02  6.666670000E-02  8.761915002E-03  8.474352508E+02 
       334  6.579970000E-01  4.059990000E-02  6.666670000E-02  6.417338297E-02  1.680514550E+02 
       335  8.351470000E-02  4.379180000E-02  6.666670000E-02  2.347634660E-02  8.035135827E+02 
       336  6.170090000E-01  4.421250000E-02  6.666670000E-02  6.391355598E-02  1.940657130E+02 
       337  5.759990000E-01  4.755650000E-02  6.666670000E-02  6.364446784E-02  2.205629920E+02 
       338  1.241140000E-01  5.043730000E-02  6.666670000E-02  3.968088510E-02  7.175492720E+02 
       339  5.349650000E-01  5.060440000E-02  6.666670000E-02  6.334205344E-02  2.478093136E+02 
       340  4.939080000E-01  5.332060000E-02  6.666670000E-02  6.300634325E-02  2.761146747E+02 
       341  1.650180000E-01  5.486620000E-02  6.666670000E-02  4.961935856E-02  6.334467379E+02 
       342  4.528280000E-01  5.566140000E-02  6.666670000E-02  6.265725767E-02  3.059683179E+02 
       343  4.117260000E-01  5.757270000E-02  6.666670000E-02  6.226163527E-02  3.380162552E+02 
       344  2.060650000E-01  5.771190000E-02  6.666670000E-02  5.503796501E-02  5.630230896E+02 
       345  3.706030000E-01  5.898830000E-02  6.666670000E-02  6.176462453E-02  3.728521107E+02 
       346  2.471780000E-01  5.933890000E-02  6.666670000E-02  5.809440408E-02  5.048533962E+02 
       347  3.294650000E-01  5.982680000E-02  6.666670000E-02  6.106877290E-02  4.113900641E+02 
       348  2.883190000E-01  5.998690000E-02  6.666670000E-02  5.996310464E-02  4.549904584E+02 
       349  2.883190000E-01 -5.998690000E-02  1.000000000E-01  2.002965748E-02 -7.223505530E+02 
       350  3.294650000E-01 -5.982680000E-02  1.000000000E-01  1.885635547E-02 -7.030090152E+02 
       351  2.471780000E-01 -5.933890000E-02  1.000000000E-01  2.146657241E-02 -7.478566452E+02 
       352  3.706030000E-01 -5.898830000E-02  1.000000000E-01  1.813417013E-02 -6.871708974E+02 
       353  2.060650000E-01 -5.771190000E-02  1.000000000E-01  2.294345401E-02 -7.856555864E+02 
       354  4.117260000E-01 -5.757270000E-02  1.000000000E-01  1.788598691E-02 -6.738100331E+02 
       355  4.528280000E-01 -5.566140000E-02  1.000000000E-01  1.795445559E-02 -6.621552949E+02 
       356  1.650180000E-01 -5.486620000E-02  1.000000000E-01  2.341022906E-02 -8.502925160E+02 
       357  4.939080000E-01 -5.332060000E-02  1.000000000E-01  1.805167657E-02 -6.516432019E+02 
       358  5.349650000E-01 -5.060440000E-02  1.000000000E-01  1.789394713E-02 -6.420772030E+02 
       359  1.241140000E-01 -5.043730000E-02  1.000000000E-01  1.849282225E-02 -9.957449103E+02 
       360  5.759990000E-01 -4.755650000E-02  1.000000000E-01  1.732296618E-02 -6.336720900E+02 
       361  6.170090000E-01 -4.421250000E-02  1.000000000E-01  1.636789224E-02 -6.268841866E+02 
       362  8.351470000E-02 -4.379180000E-02  1.000000000E-01  1.362683419E-02 -1.310454721E+03 
       363  6.579970000E-01 -4.059990000E-02  1.000000000E-01  1.540826652E-02 -6.217985326E+02 
       364  5.488770000E-02 -3.697740000E-02  1.000000000E-01  3.985489308E-02 -1.740153194E+03 
       365  6.989630000E-01 -3.673990000E-02  1.000000000E-01  1.516421976E-02 -6.174592082E+02 
       366  7.399050000E-01 -3.264710000E-02  1.000000000E-01  1.645495360E-02 -6.129268485E+02 
       367  3.777470000E-02 -3.147510000E-02  1.000000000E-01  8.697028337E-02 -2.227176741E+03 
       368  7.808250000E-01 -2.833060000E-02  1.000000000E-01  1.925035627E-02 -6.083902316E+02 
       369  2.634450000E-02 -2.677890000E-02  1.000000000E-01  1.294291549E-01 -2.796504913E+03 
       370  8.159680000E-01 -2.444550000E-02  1.000000000E-01  2.207124578E-02 -6.043067519E+02 
       371  1.821900000E-02 -2.259850000E-02  1.000000000E-01  1.638965258E-01 -3.406888871E+03 
       372  8.510930000E-01 -2.039720000E-02  1.000000000E-01  2.381313237E-02 -5.991993273E+02 
       373  1.318260000E-02 -1.942040000E-02  1.000000000E-01  1.920538511E-01 -3.989780955E+03 
       374  8.782860000E-01 -1.714700000E-02  1.000000000E-01  2.363643162E-02 -5.954258944E+02 
       375  9.850590000E-03 -1.691540000E-02  1.000000000E-01  2.165024987E-01 -4.544041520E+03 
       376  7.411530000E-03 -1.476420000E-02  1.000000000E-01  2.380900610E-01 -5.006735555E+03 
       377  9.009380000E-01 -1.436040000E-02  1.000000000E-01  2.205904237E-02 -5.950557107E+02 
       378  5.510960000E-03 -1.280140000E-02  1.000000000E-01  2.533055881E-01 -5.311186205E+03 
       379  9.198070000E-01 -1.198220000E-02  1.000000000E-01  1.973905259E-02 -5.981373502E+02 
       380  3.983540000E-03 -1.093890000E-02  1.000000000E-01  2.624716751E-01 -5.529772842E+03 
       381  9.355260000E-01 -9.960600000E-03  1.000000000E-01  1.691626809E-02 -6.046860955E+02 
       382  2.745270000E-03 -9.124550000E-03  1.000000000E-01  2.696280392E-01 -5.706780559E+03 
       383  9.486220000E-01 -8.247430000E-03  1.000000000E-01  1.372824786E-02 -6.144133840E+02 
       384  1.752850000E-03 -7.324960000E-03  1.000000000E-01  2.748809661E-01 -5.805069787E+03 
       385  9.595320000E-01 -6.799650000E-03  1.000000000E-01  1.030167368E-02 -6.268682136E+02 
       386  9.686220000E-01 -5.578890000E-03  1.000000000E-01  6.769510439E-03 -6.414867268E+02 
       387  9.860190000E-04 -5.518970000E-03  1.000000000E-01  2.772600454E-01 -5.786211776E+03 
       388  9.761960000E-01 -4.551510000E-03  1.000000000E-01  3.255458602E-03 -6.577327759E+02 
       389  4.384000000E-04 -3.696570000E-03  1.000000000E-01  2.770735733E-01 -5.609460745E+03 
       390  9.825070000E-01 -3.688230000E-03  1.000000000E-01  1.764785932E-03 -6.752190333E+02 
       391  9.877650000E-01 -2.963870000E-03  1.000000000E-01  3.658303035E-03 -6.937103820E+02 
       392  9.921460000E-01 -2.356690000E-03  1.000000000E-01  6.905839687E-03 -7.131057859E+02 
       393  1.095110000E-04 -1.855900000E-03  1.000000000E-01  2.749572299E-01 -5.276093544E+03 
       394  9.957970000E-01 -1.848260000E-03  1.000000000E-01  1.004346564E-02 -7.333850312E+02 
       395  9.988390000E-01 -1.422790000E-03  1.000000000E-01  1.306059206E-02 -7.546001689E+02 
       396  1.001370000E+00 -1.062990000E-03  1.000000000E-01  1.596552523E-02 -7.767604181E+02 
       397  1.003480000E+00 -7.543150000E-04  1.000000000E-01  1.875560253E-02 -7.999838594E+02 
       398  1.005240000E+00 -4.991700000E-04  1.000000000E-01  2.143294824E-02 -8.237774544E+02 
       399  1.006710000E+00 -2.932730000E-04  1.000000000E-01  2.379520418E-02 -8.486359044E+02 
       400  1.007930000E+00 -1.294160000E-04  1.000000000E-01  2.600257486E-02 -8.649534239E+02 
       401  0.000000000E+00  0.000000000E+00  1.000000000E-01  2.693914561E-01 -4.859306155E+03 
       402  1.008950000E+00  0.000000000E+00  1.000000000E-01  2.452460988E-02 -9.705359601E+02 
       403  1.008950000E+00  1.250000000E-03  1.000000000E-01  1.881753678E-02 -1.068081132E+03 
       404  9.957970000E-01  1.848260000E-03  1.000000000E-01  5.943135161E-03  2.570630904E+02 
       405  1.095110000E-04  1.855900000E-03  1.000000000E-01  2.584483775E-01 -4.386410872E+03 
       406  9.921460000E-01  2.356690000E-03  1.000000000E-01  7.929406954E-03  2.529146964E+02 
       407  1.008950000E+00  2.500000000E-03  1.000000000E-01  1.720929225E-02 -1.059085324E+03 
       408  9.877650000E-01  2.963870000E-03  1.000000000E-01  1.574136152E-02  2.397966793E+02 
       409  9.825070000E-01  3.688230000E-03  1.000000000E-01  2.577721976E-02  2.158080145E+02 
       410  4.384000000E-04  3.696570000E-03  1.000000000E-01  2.433578888E-01 -3.808426551E+03 
       411  1.008950000E+00  3.750000000E-03  1.000000000E-01  1.752130732E-02 -1.063629524E+03 
       412  9.988390000E-01  3.807740000E-03  1.000000000E-01  1.314958981E-02  2.463358808E+02 
       413  9.761960000E-01  4.551510000E-03  1.000000000E-01  3.540434197E-02  1.812033349E+02 
       414  1.008950000E+00  5.000000000E-03  1.000000000E-01  1.795052596E-02 -1.067591990E+03 
       415  9.860190000E-04  5.518970000E-03  1.000000000E-01  2.258537214E-01 -3.156269068E+03 
       416  9.686220000E-01  5.578890000E-03  1.000000000E-01  4.366620166E-02  1.428266413E+02 
       417  1.001370000E+00  5.982190000E-03  1.000000000E-01  2.800688072E-02  2.036050983E+02 
       418  1.008950000E+00  6.250000000E-03  1.000000000E-01  1.848707266E-02 -1.072310573E+03 
       419  9.595320000E-01  6.799650000E-03  1.000000000E-01  5.019746058E-02  1.073442257E+02 
       420  1.752850000E-03  7.324960000E-03  1.000000000E-01  2.066916415E-01 -2.504913533E+03 
       421  1.008950000E+00  7.500000000E-03  1.000000000E-01  1.924308300E-02 -1.077428984E+03 
       422  1.003480000E+00  7.784150000E-03  1.000000000E-01  4.458238978E-02  1.203675833E+02 
       423  9.486220000E-01  8.247430000E-03  1.000000000E-01  5.510774314E-02  7.875170595E+01 
       424  1.008950000E+00  8.750000000E-03  1.000000000E-01  2.039700715E-02 -1.084270782E+03 
       425  2.745270000E-03  9.124550000E-03  1.000000000E-01  1.861676105E-01 -1.873128122E+03 
       426  1.005240000E+00  9.288160000E-03  1.000000000E-01  6.067910693E-02  1.896362566E+00 
       427  9.355260000E-01  9.960600000E-03  1.000000000E-01  5.867251557E-02  5.870302981E+01 
       428  1.008950000E+00  1.000000000E-02  1.000000000E-01  2.259868377E-02 -1.090017571E+03 
       429  1.006710000E+00  1.054920000E-02  1.000000000E-01  7.667629219E-02 -1.575576620E+02 
       430  3.983540000E-03  1.093890000E-02  1.000000000E-01  1.652313771E-01 -1.285875239E+03 
       431  1.008950000E+00  1.125000000E-02  1.000000000E-01  2.301693657E-02 -1.121683976E+03 
       432  1.007930000E+00  1.160880000E-02  1.000000000E-01  9.691061744E-02 -3.474156374E+02 
       433  9.198070000E-01  1.198220000E-02  1.000000000E-01  6.124319420E-02  4.663306269E+01 
       434  1.008950000E+00  1.250000000E-02  1.000000000E-01  7.226808731E-02 -8.117062073E+02 
       435  5.510960000E-03  1.280140000E-02  1.000000000E-01  1.453238790E-01 -8.014428123E+02 
       436  9.009380000E-01  1.436040000E-02  1.000000000E-01  6.292654165E-02  4.245640795E+01 
       437  7.411530000E-03  1.476420000E-02  1.000000000E-01  1.262732496E-01 -4.074190586E+02 
       438  9.850590000E-03  1.691540000E-02  1.000000000E-01  1.067473201E-01 -5.290306079E+01 
       439  8.782860000E-01  1.714700000E-02  1.000000000E-01  6.397577214E-02  4.612937532E+01 
       440  1.318260000E-02  1.942040000E-02  1.000000000E-01  8.554569393E-02  2.680036531E+02 
       441  8.510930000E-01  2.039720000E-02  1.000000000E-01  6.464642362E-02  5.631410894E+01 
       442  1.821900000E-02  2.259850000E-02  1.000000000E-01  6.209044655E-02  5.375868812E+02 
       443  8.159680000E-01  2.444550000E-02  1.000000000E-01  6.491084622E-02  7.299028628E+01 
       444  2.634450000E-02  2.677890000E-02  1.000000000E-01  3.754871387E-02  7.282280152E+02 
       445  7.808250000E-01  2.833060000E-02  1.000000000E-01  6.490759703E-02  9.308679106E+01 
       446  3.777470000E-02  3.147510000E-02  1.000000000E-01  1.455669147E-02  8.272024795E+02 
       447  7.399050000E-01  3.264710000E-02  1.000000000E-01  6.472356217E-02  1.172077209E+02 
       448  6.989630000E-01  3.673990000E-02  1.000000000E-01  6.444694787E-02  1.423815728E+02 
       449  5.488770000E-02  3.697740000E-02  1.000000000E-01  8.762262986E-03  8.474347450E+02 
       450  6.579970000E-01  4.059990000E-02  1.000000000E-01  6.417337911E-02  1.680514529E+02 
       451  8.351470000E-02  4.379180000E-02  1.000000000E-01  2.347673850E-02  8.035119752E+02 
       452  6.170090000E-01  4.421250000E-02  1.000000000E-01  6.391355206E-02  1.940657050E+02 
       453  5.759990000E-01  4.755650000E-02  1.000000000E-01  6.364446410E-02  2.205629719E+02 
       454  1.241140000E-01  5.043730000E-02  1.000000000E-01  3.968096122E-02  7.175487574E+02 
       455  5.349650000E-01  5.060440000E-02  1.000000000E-01  6.334205006E-02  2.478092910E+02 
       456  4.939080000E-01  5.332060000E-02  1.000000000E-01  6.300634029E-02  2.761146615E+02 
       457  1.650180000E-01  5.486620000E-02  1.000000000E-01  4.961939308E-02  6.334463929E+02 
       458  4.528280000E-01  5.566140000E-02  1.000000000E-01  6.265725572E-02  3.059682699E+02 
       459  4.117260000E-01  5.757270000E-02  1.000000000E-01  6.226163417E-02  3.380162019E+02 
       460  2.060650000E-01  5.771190000E-02  1.000000000E-01  5.503797654E-02  5.630229481E+02 
       461  3.706030000E-01  5.898830000E-02  1.000000000E-01  6.176462404E-02  3.728520819E+02 
       462  2.471780000E-01  5.933890000E-02  1.000000000E-01  5.809441132E-02  5.048532893E+02 
       463  3.294650000E-01  5.982680000E-02  1.000000000E-01  6.106877264E-02  4.113900834E+02 
       464  2.883190000E-01  5.998690000E-02  1.000000000E-01  5.996310713E-02  4.549904210E+02 
