nodenumber     x-coordinate     y-coordinate     z-coordinate      mach-number         pressure 
         1  2.883190000E-01 -5.998690000E-02  0.000000000E+00  6.269202397E-03 -5.903076450E+02 
         2  3.294650000E-01 -5.982680000E-02  0.000000000E+00  3.447658461E-03 -5.854607155E+02 
         3  2.471780000E-01 -5.933890000E-02  0.000000000E+00  9.998277719E-03 -5.974953515E+02 
         4  3.706030000E-01 -5.898830000E-02  0.000000000E+00  1.189374373E-03 -5.826151007E+02 
         5  2.060650000E-01 -5.771190000E-02  0.000000000E+00  1.490337359E-02 -6.102050359E+02 
         6  4.117260000E-01 -5.757270000E-02  0.000000000E+00  1.159612441E-03 -5.831402438E+02 
         7  4.528280000E-01 -5.566140000E-02  0.000000000E+00  2.531759934E-03 -5.866603632E+02 
         8  1.650180000E-01 -5.486620000E-02  0.000000000E+00  2.002991947E-02 -6.357023699E+02 
         9  4.939080000E-01 -5.332060000E-02  0.000000000E+00  3.077289277E-03 -5.918959594E+02 
        10  5.349650000E-01 -5.060440000E-02  0.000000000E+00  2.733922721E-03 -5.997429460E+02 
        11  1.241140000E-01 -5.043730000E-02  0.000000000E+00  2.135312154E-02 -7.062924098E+02 
        12  5.759990000E-01 -4.755650000E-02  0.000000000E+00  1.316600444E-03 -6.108743565E+02 
        13  6.170090000E-01 -4.421250000E-02  0.000000000E+00  2.282485887E-03 -6.239874504E+02 
        14  8.351470000E-02 -4.379180000E-02  0.000000000E+00  1.040646199E-02 -8.897291409E+02 
        15  6.579970000E-01 -4.059990000E-02  0.000000000E+00  6.349312847E-03 -6.373481565E+02 
        16  5.488770000E-02 -3.697740000E-02  0.000000000E+00  2.829571689E-02 -1.185945603E+03 
        17  6.989630000E-01 -3.673990000E-02  0.000000000E+00  1.014381309E-02 -6.496313492E+02 
        18  7.399050000E-01 -3.264710000E-02  0.000000000E+00  1.271461557E-02 -6.592466660E+02 
        19  3.777470000E-02 -3.147510000E-02  0.000000000E+00  7.558982654E-02 -1.572582850E+03 
        20  7.808250000E-01 -2.833060000E-02  0.000000000E+00  1.375204522E-02 -6.649278078E+02 
        21  2.634450000E-02 -2.677890000E-02  0.000000000E+00  1.174623778E-01 -2.055885622E+03 
        22  8.159680000E-01 -2.444550000E-02  0.000000000E+00  1.352855761E-02 -6.663602746E+02 
        23  1.821900000E-02 -2.259850000E-02  0.000000000E+00  1.495811607E-01 -2.574897174E+03 
        24  8.510930000E-01 -2.039720000E-02  0.000000000E+00  1.226444422E-02 -6.638764524E+02 
        25  1.318260000E-02 -1.942040000E-02  0.000000000E+00  1.748805802E-01 -3.056121825E+03 
        26  8.782860000E-01 -1.714700000E-02  0.000000000E+00  1.020879891E-02 -6.589910080E+02 
        27  9.850590000E-03 -1.691540000E-02  0.000000000E+00  1.965554002E-01 -3.508938372E+03 
        28  7.411530000E-03 -1.476420000E-02  0.000000000E+00  2.155523363E-01 -3.880691107E+03 
        29  9.009380000E-01 -1.436040000E-02  0.000000000E+00  7.679466456E-03 -6.531131529E+02 
        30  5.510960000E-03 -1.280140000E-02  0.000000000E+00  2.284398915E-01 -4.113480594E+03 
        31  9.198070000E-01 -1.198220000E-02  0.000000000E+00  5.083004089E-03 -6.470993694E+02 
        32  3.983540000E-03 -1.093890000E-02  0.000000000E+00  2.357926019E-01 -4.274321505E+03 
        33  9.355260000E-01 -9.960600000E-03  0.000000000E+00  2.596716385E-03 -6.416660585E+02 
        34  2.745270000E-03 -9.124550000E-03  0.000000000E+00  2.414400061E-01 -4.396921151E+03 
        35  9.486220000E-01 -8.247430000E-03  0.000000000E+00  1.081011869E-03 -6.369733684E+02 
        36  1.752850000E-03 -7.324960000E-03  0.000000000E+00  2.453830118E-01 -4.451308458E+03 
        37  9.595320000E-01 -6.799650000E-03  0.000000000E+00  1.700297324E-03 -6.328704573E+02 
        38  9.686220000E-01 -5.578890000E-03  0.000000000E+00  3.413103383E-03 -6.290909393E+02 
        39  9.860190000E-04 -5.518970000E-03  0.000000000E+00  2.468412976E-01 -4.407096822E+03 
        40  9.761960000E-01 -4.551510000E-03  0.000000000E+00  4.824035717E-03 -6.253479037E+02 
        41  4.384000000E-04 -3.696570000E-03  0.000000000E+00  2.461290796E-01 -4.234717238E+03 
        42  9.825070000E-01 -3.688230000E-03  0.000000000E+00  5.952062603E-03 -6.213991205E+02 
        43  9.877650000E-01 -2.963870000E-03  0.000000000E+00  6.845848649E-03 -6.170849340E+02 
        44  9.921460000E-01 -2.356690000E-03  0.000000000E+00  7.587062151E-03 -6.123569593E+02 
        45  1.095110000E-04 -1.855900000E-03  0.000000000E+00  2.436447854E-01 -3.938923661E+03 
        46  9.957970000E-01 -1.848260000E-03  0.000000000E+00  8.278506726E-03 -6.073273644E+02 
        47  9.988390000E-01 -1.422790000E-03  0.000000000E+00  9.018199200E-03 -6.021901536E+02 
        48  1.001370000E+00 -1.062990000E-03  0.000000000E+00  9.881121395E-03 -5.971785594E+02 
        49  1.003480000E+00 -7.543150000E-04  0.000000000E+00  1.094038864E-02 -5.924153365E+02 
        50  1.005240000E+00 -4.991700000E-04  0.000000000E+00  1.228113318E-02 -5.878990384E+02 
        51  1.006710000E+00 -2.932730000E-04  0.000000000E+00  1.392075003E-02 -5.838139010E+02 
        52  1.007930000E+00 -1.294160000E-04  0.000000000E+00  1.587074187E-02 -5.771379300E+02 
        53  0.000000000E+00  0.000000000E+00  0.000000000E+00  2.377635038E-01 -3.584712672E+03 
        54  1.008950000E+00  0.000000000E+00  0.000000000E+00  1.300789274E-02 -5.807963403E+02 
        55  1.008950000E+00  1.219510000E-03  0.000000000E+00  6.526394396E-03 -5.915749106E+02 
        56  9.957970000E-01  1.848260000E-03  0.000000000E+00  2.504399601E-03  6.940951392E+02 
        57  1.095110000E-04  1.855900000E-03  0.000000000E+00  2.270941653E-01 -3.182011613E+03 
        58  9.921460000E-01  2.356690000E-03  0.000000000E+00  5.288295629E-03  6.943487802E+02 
        59  1.008950000E+00  2.439020000E-03  0.000000000E+00  8.923617402E-03 -5.905044379E+02 
        60  9.877650000E-01  2.963870000E-03  0.000000000E+00  1.011021656E-02  6.890537040E+02 
        61  1.008950000E+00  3.658540000E-03  0.000000000E+00  1.258173306E-02 -5.953555479E+02 
        62  9.825070000E-01  3.688230000E-03  0.000000000E+00  1.231963167E-02  6.835711337E+02 
        63  4.384000000E-04  3.696570000E-03  0.000000000E+00  2.129611230E-01 -2.692116861E+03 
        64  9.761960000E-01  4.551510000E-03  0.000000000E+00  1.171821779E-02  6.812791854E+02 
        65  1.008950000E+00  4.878050000E-03  0.000000000E+00  1.581220628E-02 -5.998726110E+02 
        66  9.860190000E-04  5.518970000E-03  0.000000000E+00  1.967130252E-01 -2.153183780E+03 
        67  9.686220000E-01  5.578890000E-03  0.000000000E+00  1.028330400E-02  6.821937455E+02 
        68  1.008950000E+00  6.097560000E-03  0.000000000E+00  1.804162861E-02 -6.024803233E+02 
        69  9.595320000E-01  6.799650000E-03  0.000000000E+00  8.959479409E-03  6.820619808E+02 
        70  1.008950000E+00  7.317070000E-03  0.000000000E+00  1.938491507E-02 -6.026126304E+02 
        71  1.752850000E-03  7.324960000E-03  0.000000000E+00  1.790260873E-01 -1.621038654E+03 
        72  9.486220000E-01  8.247430000E-03  0.000000000E+00  8.273313491E-03  6.771773762E+02 
        73  1.008950000E+00  8.536590000E-03  0.000000000E+00  2.008662630E-02 -6.005290594E+02 
        74  2.745270000E-03  9.124550000E-03  0.000000000E+00  1.602081091E-01 -1.110211984E+03 
        75  1.008950000E+00  9.756100000E-03  0.000000000E+00  2.034609540E-02 -5.966111335E+02 
        76  9.355260000E-01  9.960600000E-03  0.000000000E+00  6.001366805E-03  6.646241410E+02 
        77  3.983540000E-03  1.093890000E-02  0.000000000E+00  1.411743894E-01 -6.447336558E+02 
        78  9.988390000E-01  1.096260000E-02  0.000000000E+00  3.191439158E-03  6.896043130E+02 
        79  1.008950000E+00  1.097560000E-02  0.000000000E+00  2.028841853E-02 -5.912321290E+02 
        80  9.198070000E-01  1.198220000E-02  0.000000000E+00  5.869939500E-03  6.423283244E+02 
        81  1.008950000E+00  1.219510000E-02  0.000000000E+00  2.002145993E-02 -5.847272990E+02 
        82  5.510960000E-03  1.280140000E-02  0.000000000E+00  1.230775911E-01 -2.682643257E+02 
        83  1.008950000E+00  1.341460000E-02  0.000000000E+00  1.961058789E-02 -5.774209819E+02 
        84  9.009380000E-01  1.436040000E-02  0.000000000E+00  1.601094848E-02  6.059997130E+02 
        85  1.008950000E+00  1.463410000E-02  0.000000000E+00  1.909524067E-02 -5.695838995E+02 
        86  7.411530000E-03  1.476420000E-02  0.000000000E+00  1.056437288E-01  4.071862042E+01 
        87  1.008950000E+00  1.585370000E-02  0.000000000E+00  1.850762092E-02 -5.614464540E+02 
        88  9.850590000E-03  1.691540000E-02  0.000000000E+00  8.769417503E-02  3.186780275E+02 
        89  1.008950000E+00  1.707320000E-02  0.000000000E+00  1.787328116E-02 -5.531773933E+02 
        90  8.782860000E-01  1.714700000E-02  0.000000000E+00  3.079243032E-02  5.556005419E+02 
        91  1.008950000E+00  1.829270000E-02  0.000000000E+00  1.721166337E-02 -5.449060996E+02 
        92  1.318260000E-02  1.942040000E-02  0.000000000E+00  6.826906661E-02  5.621994464E+02 
        93  1.008950000E+00  1.951220000E-02  0.000000000E+00  1.653433995E-02 -5.367173666E+02 
        94  8.510930000E-01  2.039720000E-02  0.000000000E+00  4.154544823E-02  5.013256929E+02 
        95  1.008950000E+00  2.073170000E-02  0.000000000E+00  1.584542388E-02 -5.286617575E+02 
        96  1.001370000E+00  2.073980000E-02  0.000000000E+00  4.550181521E-03  6.918540430E+02 
        97  1.008950000E+00  2.195120000E-02  0.000000000E+00  1.514795363E-02 -5.207923952E+02 
        98  1.821900000E-02  2.259850000E-02  0.000000000E+00  4.694654254E-02  7.584596641E+02 
        99  1.008950000E+00  2.317070000E-02  0.000000000E+00  1.444863102E-02 -5.131858259E+02 
       100  1.008950000E+00  2.439020000E-02  0.000000000E+00  1.375444729E-02 -5.058894777E+02 
       101  8.159680000E-01  2.444550000E-02  0.000000000E+00  4.887436847E-02  4.529572220E+02 
       102  1.008950000E+00  2.560980000E-02  0.000000000E+00  1.306715257E-02 -4.989098905E+02 
       103  2.634450000E-02  2.677890000E-02  0.000000000E+00  2.470144485E-02  8.889583746E+02 
       104  1.008950000E+00  2.682930000E-02  0.000000000E+00  1.238376802E-02 -4.922432342E+02 
       105  1.008950000E+00  2.804880000E-02  0.000000000E+00  1.169999809E-02 -4.858904270E+02 
       106  7.808250000E-01  2.833060000E-02  0.000000000E+00  5.338508367E-02  4.201853958E+02 
       107  1.003480000E+00  2.887370000E-02  0.000000000E+00  4.597390220E-03  7.078263498E+02 
       108  1.008950000E+00  2.926830000E-02  0.000000000E+00  1.101167145E-02 -4.798545535E+02 
       109  1.008950000E+00  3.048780000E-02  0.000000000E+00  1.031409116E-02 -4.741405930E+02 
       110  3.777470000E-02  3.147510000E-02  0.000000000E+00  9.310997979E-03  9.456862595E+02 
       111  1.008950000E+00  3.170730000E-02  0.000000000E+00  9.601643898E-03 -4.687529376E+02 
       112  7.399050000E-01  3.264710000E-02  0.000000000E+00  5.655441971E-02  3.984920260E+02 
       113  1.008950000E+00  3.292680000E-02  0.000000000E+00  8.868029376E-03 -4.636927398E+02 
       114  1.008950000E+00  3.414630000E-02  0.000000000E+00  8.105966096E-03 -4.589592463E+02 
       115  1.008950000E+00  3.536590000E-02  0.000000000E+00  7.306230417E-03 -4.545548573E+02 
       116  1.005240000E+00  3.565510000E-02  0.000000000E+00  3.101784040E-03  7.464524185E+02 
       117  1.008950000E+00  3.658540000E-02  0.000000000E+00  6.456579808E-03 -4.504884549E+02 
       118  6.989630000E-01  3.673990000E-02  0.000000000E+00  5.865330056E-02  3.875533176E+02 
       119  5.488770000E-02  3.697740000E-02  0.000000000E+00  1.316912156E-02  9.376788925E+02 
       120  1.008950000E+00  3.780490000E-02  0.000000000E+00  5.539730028E-03 -4.467703970E+02 
       121  1.008950000E+00  3.902440000E-02  0.000000000E+00  4.531036673E-03 -4.434139743E+02 
       122  1.008950000E+00  4.024390000E-02  0.000000000E+00  3.399295779E-03 -4.404595248E+02 
       123  6.579970000E-01  4.059990000E-02  0.000000000E+00  5.997454920E-02  3.846072783E+02 
       124  1.006710000E+00  4.131690000E-02  0.000000000E+00  1.551571419E-02  8.103135421E+02 
       125  1.008950000E+00  4.146340000E-02  0.000000000E+00  2.134211376E-03 -4.379957564E+02 
       126  1.008950000E+00  4.268290000E-02  0.000000000E+00  1.294833977E-03 -4.362307297E+02 
       127  8.351470000E-02  4.379180000E-02  0.000000000E+00  3.028035414E-02  8.792291917E+02 
       128  1.008950000E+00  4.390240000E-02  0.000000000E+00  2.145173284E-03 -4.355331656E+02 
       129  6.170090000E-01  4.421250000E-02  0.000000000E+00  6.090164531E-02  3.874034201E+02 
       130  1.008950000E+00  4.512200000E-02  0.000000000E+00  4.734088464E-03 -4.366221961E+02 
       131  1.007930000E+00  4.604710000E-02  0.000000000E+00  5.316079961E-02  8.021596738E+02 
       132  1.008950000E+00  4.634150000E-02  0.000000000E+00  8.412768844E-03 -4.416638321E+02 
       133  5.759990000E-01  4.755650000E-02  0.000000000E+00  6.161990488E-02  3.943266010E+02 
       134  1.008950000E+00  4.756100000E-02  0.000000000E+00  1.371127153E-02 -4.495845157E+02 
       135  1.008950000E+00  4.878050000E-02  0.000000000E+00  1.846093633E-02 -4.906364044E+02 
       136  1.008950000E+00  5.000000000E-02  0.000000000E+00  5.459068726E-02  2.952962605E+01 
       137  1.241140000E-01  5.043730000E-02  0.000000000E+00  4.487621274E-02  7.895157416E+02 
       138  5.349650000E-01  5.060440000E-02  0.000000000E+00  6.207079413E-02  4.049838314E+02 
       139  4.939080000E-01  5.332060000E-02  0.000000000E+00  6.234315996E-02  4.192159882E+02 
       140  1.650180000E-01  5.486620000E-02  0.000000000E+00  5.350215123E-02  7.078635432E+02 
       141  4.528280000E-01  5.566140000E-02  0.000000000E+00  6.251083637E-02  4.369214083E+02 
       142  4.117260000E-01  5.757270000E-02  0.000000000E+00  6.258479309E-02  4.582662946E+02 
       143  2.060650000E-01  5.771190000E-02  0.000000000E+00  5.782671364E-02  6.438479194E+02 
       144  3.706030000E-01  5.898830000E-02  0.000000000E+00  6.251983782E-02  4.837012972E+02 
       145  2.471780000E-01  5.933890000E-02  0.000000000E+00  6.025073301E-02  5.922603517E+02 
       146  3.294650000E-01  5.982680000E-02  0.000000000E+00  6.223610114E-02  5.137563819E+02 
       147  2.883190000E-01  5.998690000E-02  0.000000000E+00  6.158691686E-02  5.495099062E+02 
       148  2.883190000E-01 -5.998690000E-02  3.333330000E-02  6.269202713E-03 -5.903077222E+02 
       149  3.294650000E-01 -5.982680000E-02  3.333330000E-02  3.447647888E-03 -5.854607803E+02 
       150  2.471780000E-01 -5.933890000E-02  3.333330000E-02  9.998289283E-03 -5.974954452E+02 
       151  3.706030000E-01 -5.898830000E-02  3.333330000E-02  1.189369938E-03 -5.826151518E+02 
       152  2.060650000E-01 -5.771190000E-02  3.333330000E-02  1.490334524E-02 -6.102051517E+02 
       153  4.117260000E-01 -5.757270000E-02  3.333330000E-02  1.159607998E-03 -5.831402797E+02 
       154  4.528280000E-01 -5.566140000E-02  3.333330000E-02  2.531754532E-03 -5.866603991E+02 
       155  1.650180000E-01 -5.486620000E-02  3.333330000E-02  2.002982782E-02 -6.357026719E+02 
       156  4.939080000E-01 -5.332060000E-02  3.333330000E-02  3.077289522E-03 -5.918960219E+02 
       157  5.349650000E-01 -5.060440000E-02  3.333330000E-02  2.733929973E-03 -5.997430352E+02 
       158  1.241140000E-01 -5.043730000E-02  3.333330000E-02  2.135300202E-02 -7.062932503E+02 
       159  5.759990000E-01 -4.755650000E-02  3.333330000E-02  1.316606053E-03 -6.108744464E+02 
       160  6.170090000E-01 -4.421250000E-02  3.333330000E-02  2.282491121E-03 -6.239875236E+02 
       161  8.351470000E-02 -4.379180000E-02  3.333330000E-02  1.040609914E-02 -8.897346419E+02 
       162  6.579970000E-01 -4.059990000E-02  3.333330000E-02  6.349328963E-03 -6.373482119E+02 
       163  5.488770000E-02 -3.697740000E-02  3.333330000E-02  2.829722720E-02 -1.185956157E+03 
       164  6.989630000E-01 -3.673990000E-02  3.333330000E-02  1.014383689E-02 -6.496313920E+02 
       165  7.399050000E-01 -3.264710000E-02  3.333330000E-02  1.271463655E-02 -6.592466678E+02 
       166  3.777470000E-02 -3.147510000E-02  3.333330000E-02  7.559090123E-02 -1.572592520E+03 
       167  7.808250000E-01 -2.833060000E-02  3.333330000E-02  1.375207393E-02 -6.649277969E+02 
       168  2.634450000E-02 -2.677890000E-02  3.333330000E-02  1.174627550E-01 -2.055891230E+03 
       169  8.159680000E-01 -2.444550000E-02  3.333330000E-02  1.352860199E-02 -6.663601925E+02 
       170  1.821900000E-02 -2.259850000E-02  3.333330000E-02  1.495814042E-01 -2.574901671E+03 
       171  8.510930000E-01 -2.039720000E-02  3.333330000E-02  1.226450531E-02 -6.638762359E+02 
       172  1.318260000E-02 -1.942040000E-02  3.333330000E-02  1.748810196E-01 -3.056130847E+03 
       173  8.782860000E-01 -1.714700000E-02  3.333330000E-02  1.020890585E-02 -6.589906762E+02 
       174  9.850590000E-03 -1.691540000E-02  3.333330000E-02  1.965559842E-01 -3.508951054E+03 
       175  7.411530000E-03 -1.476420000E-02  3.333330000E-02  2.155528384E-01 -3.880699836E+03 
       176  9.009380000E-01 -1.436040000E-02  3.333330000E-02  7.679638454E-03 -6.531126783E+02 
       177  5.510960000E-03 -1.280140000E-02  3.333330000E-02  2.284401224E-01 -4.113485277E+03 
       178  9.198070000E-01 -1.198220000E-02  3.333330000E-02  5.083246753E-03 -6.470986854E+02 
       179  3.983540000E-03 -1.093890000E-02  3.333330000E-02  2.357927374E-01 -4.274324944E+03 
       180  9.355260000E-01 -9.960600000E-03  3.333330000E-02  2.597043650E-03 -6.416651137E+02 
       181  2.745270000E-03 -9.124550000E-03  3.333330000E-02  2.414400924E-01 -4.396922820E+03 
       182  9.486220000E-01 -8.247430000E-03  3.333330000E-02  1.080953184E-03 -6.369721101E+02 
       183  1.752850000E-03 -7.324960000E-03  3.333330000E-02  2.453830428E-01 -4.451308749E+03 
       184  9.595320000E-01 -6.799650000E-03  3.333330000E-02  1.699756611E-03 -6.328688216E+02 
       185  9.686220000E-01 -5.578890000E-03  3.333330000E-02  3.412442249E-03 -6.290888747E+02 
       186  9.860190000E-04 -5.518970000E-03  3.333330000E-02  2.468413007E-01 -4.407096292E+03 
       187  9.761960000E-01 -4.551510000E-03  3.333330000E-02  4.823251611E-03 -6.253453625E+02 
       188  4.384000000E-04 -3.696570000E-03  3.333330000E-02  2.461290758E-01 -4.234716590E+03 
       189  9.825070000E-01 -3.688230000E-03  3.333330000E-02  5.951156874E-03 -6.213960661E+02 
       190  9.877650000E-01 -2.963870000E-03  3.333330000E-02  6.844827628E-03 -6.170813345E+02 
       191  9.921460000E-01 -2.356690000E-03  3.333330000E-02  7.585936359E-03 -6.123528217E+02 
       192  1.095110000E-04 -1.855900000E-03  3.333330000E-02  2.436447833E-01 -3.938923404E+03 
       193  9.957970000E-01 -1.848260000E-03  3.333330000E-02  8.277285428E-03 -6.073227293E+02 
       194  9.988390000E-01 -1.422790000E-03  3.333330000E-02  9.016886855E-03 -6.021850380E+02 
       195  1.001370000E+00 -1.062990000E-03  3.333330000E-02  9.879718874E-03 -5.971729687E+02 
       196  1.003480000E+00 -7.543150000E-04  3.333330000E-02  1.093889688E-02 -5.924092291E+02 
       197  1.005240000E+00 -4.991700000E-04  3.333330000E-02  1.227954764E-02 -5.878924569E+02 
       198  1.006710000E+00 -2.932730000E-04  3.333330000E-02  1.391907011E-02 -5.838067939E+02 
       199  1.007930000E+00 -1.294160000E-04  3.333330000E-02  1.586893167E-02 -5.771309414E+02 
       200  0.000000000E+00  0.000000000E+00  3.333330000E-02  2.377635059E-01 -3.584712808E+03 
       201  1.008950000E+00  0.000000000E+00  3.333330000E-02  1.142526395E-02 -5.836289783E+02 
       202  1.008950000E+00  1.219510000E-03  3.333330000E-02  6.526466999E-03 -5.915594270E+02 
       203  9.957970000E-01  1.848260000E-03  3.333330000E-02  2.493212035E-03  6.940510062E+02 
       204  1.095110000E-04  1.855900000E-03  3.333330000E-02  2.270941818E-01 -3.182012241E+03 
       205  9.921460000E-01  2.356690000E-03  3.333330000E-02  5.270250228E-03  6.943076606E+02 
       206  1.008950000E+00  2.439020000E-03  3.333330000E-02  8.924867532E-03 -5.904906235E+02 
       207  9.877650000E-01  2.963870000E-03  3.333330000E-02  1.005359600E-02  6.890246040E+02 
       208  1.008950000E+00  3.658540000E-03  3.333330000E-02  1.258336923E-02 -5.953423584E+02 
       209  9.825070000E-01  3.688230000E-03  3.333330000E-02  1.226710397E-02  6.835614908E+02 
       210  4.384000000E-04  3.696570000E-03  3.333330000E-02  2.129611745E-01 -2.692118697E+03 
       211  9.761960000E-01  4.551510000E-03  3.333330000E-02  1.169444695E-02  6.813033363E+02 
       212  1.008950000E+00  4.878050000E-03  3.333330000E-02  1.581347859E-02 -5.998579665E+02 
       213  9.860190000E-04  5.518970000E-03  3.333330000E-02  1.967131372E-01 -2.153187397E+03 
       214  9.686220000E-01  5.578890000E-03  3.333330000E-02  1.026263139E-02  6.822046981E+02 
       215  1.008950000E+00  6.097560000E-03  3.333330000E-02  1.804233255E-02 -6.024641995E+02 
       216  9.595320000E-01  6.799650000E-03  3.333330000E-02  8.946347893E-03  6.820388782E+02 
       217  1.008950000E+00  7.317070000E-03  3.333330000E-02  1.938523906E-02 -6.025954861E+02 
       218  1.752850000E-03  7.324960000E-03  3.333330000E-02  1.790262872E-01 -1.621044398E+03 
       219  9.486220000E-01  8.247430000E-03  3.333330000E-02  8.260168051E-03  6.771359895E+02 
       220  1.008950000E+00  8.536590000E-03  3.333330000E-02  2.008663187E-02 -6.005106647E+02 
       221  2.745270000E-03  9.124550000E-03  3.333330000E-02  1.602084259E-01 -1.110220242E+03 
       222  1.008950000E+00  9.756100000E-03  3.333330000E-02  2.034588010E-02 -5.965922559E+02 
       223  9.355260000E-01  9.960600000E-03  3.333330000E-02  5.984100010E-03  6.645841654E+02 
       224  3.983540000E-03  1.093890000E-02  3.333330000E-02  1.411747977E-01 -6.447430763E+02 
       225  9.988390000E-01  1.096260000E-02  3.333330000E-02  3.171215124E-03  6.895870986E+02 
       226  1.008950000E+00  1.097560000E-02  3.333330000E-02  2.028807567E-02 -5.912130764E+02 
       227  9.198070000E-01  1.198220000E-02  3.333330000E-02  5.865236342E-03  6.422991410E+02 
       228  1.008950000E+00  1.219510000E-02  3.333330000E-02  2.002106261E-02 -5.847085967E+02 
       229  5.510960000E-03  1.280140000E-02  3.333330000E-02  1.230780549E-01 -2.682729606E+02 
       230  1.008950000E+00  1.341460000E-02  3.333330000E-02  1.961017385E-02 -5.774030377E+02 
       231  9.009380000E-01  1.436040000E-02  3.333330000E-02  1.601638646E-02  6.059831062E+02 
       232  1.008950000E+00  1.463410000E-02  3.333330000E-02  1.909481894E-02 -5.695669907E+02 
       233  7.411530000E-03  1.476420000E-02  3.333330000E-02  1.056442333E-01  4.071003452E+01 
       234  1.008950000E+00  1.585370000E-02  3.333330000E-02  1.850718536E-02 -5.614307019E+02 
       235  9.850590000E-03  1.691540000E-02  3.333330000E-02  8.769469310E-02  3.186706611E+02 
       236  1.008950000E+00  1.707320000E-02  3.333330000E-02  1.787281373E-02 -5.531628592E+02 
       237  8.782860000E-01  1.714700000E-02  3.333330000E-02  3.079323575E-02  5.555947589E+02 
       238  1.008950000E+00  1.829270000E-02  3.333330000E-02  1.721113910E-02 -5.448928645E+02 
       239  1.318260000E-02  1.942040000E-02  3.333330000E-02  6.826946058E-02  5.621950443E+02 
       240  1.008950000E+00  1.951220000E-02  3.333330000E-02  1.653373189E-02 -5.367054875E+02 
       241  8.510930000E-01  2.039720000E-02  3.333330000E-02  4.154526394E-02  5.013253530E+02 
       242  1.008950000E+00  2.073170000E-02  3.333330000E-02  1.584470240E-02 -5.286512674E+02 
       243  1.001370000E+00  2.073980000E-02  3.333330000E-02  4.495781694E-03  6.918232408E+02 
       244  1.008950000E+00  2.195120000E-02  3.333330000E-02  1.514708788E-02 -5.207832534E+02 
       245  1.821900000E-02  2.259850000E-02  3.333330000E-02  4.694673213E-02  7.584582067E+02 
       246  1.008950000E+00  2.317070000E-02  3.333330000E-02  1.444761365E-02 -5.131781384E+02 
       247  1.008950000E+00  2.439020000E-02  3.333330000E-02  1.375330167E-02 -5.058834176E+02 
       248  8.159680000E-01  2.444550000E-02  3.333330000E-02  4.887436959E-02  4.529574156E+02 
       249  1.008950000E+00  2.560980000E-02  3.333330000E-02  1.306589500E-02 -4.989055276E+02 
       250  2.634450000E-02  2.677890000E-02  3.333330000E-02  2.470166350E-02  8.889574276E+02 
       251  1.008950000E+00  2.682930000E-02  3.333330000E-02  1.238238730E-02 -4.922405928E+02 
       252  1.008950000E+00  2.804880000E-02  3.333330000E-02  1.169846172E-02 -4.858894376E+02 
       253  7.808250000E-01  2.833060000E-02  3.333330000E-02  5.338507032E-02  4.201856668E+02 
       254  1.003480000E+00  2.887370000E-02  3.333330000E-02  4.526872644E-03  7.077793559E+02 
       255  1.008950000E+00  2.926830000E-02  3.333330000E-02  1.100993998E-02 -4.798551223E+02 
       256  1.008950000E+00  3.048780000E-02  3.333330000E-02  1.031213284E-02 -4.741426424E+02 
       257  3.777470000E-02  3.147510000E-02  3.333330000E-02  9.311176922E-03  9.456858028E+02 
       258  1.008950000E+00  3.170730000E-02  3.333330000E-02  9.599438209E-03 -4.687563887E+02 
       259  7.399050000E-01  3.264710000E-02  3.333330000E-02  5.655442343E-02  3.984920371E+02 
       260  1.008950000E+00  3.292680000E-02  3.333330000E-02  8.865563297E-03 -4.636974853E+02 
       261  1.008950000E+00  3.414630000E-02  3.333330000E-02  8.103225811E-03 -4.589651551E+02 
       262  1.008950000E+00  3.536590000E-02  3.333330000E-02  7.303191354E-03 -4.545617748E+02 
       263  1.005240000E+00  3.565510000E-02  3.333330000E-02  3.079704565E-03  7.465742239E+02 
       264  1.008950000E+00  3.658540000E-02  3.333330000E-02  6.453199110E-03 -4.504962077E+02 
       265  6.989630000E-01  3.673990000E-02  3.333330000E-02  5.865330028E-02  3.875533233E+02 
       266  5.488770000E-02  3.697740000E-02  3.333330000E-02  1.316859279E-02  9.376800450E+02 
       267  1.008950000E+00  3.780490000E-02  3.333330000E-02  5.535937411E-03 -4.467788623E+02 
       268  1.008950000E+00  3.902440000E-02  3.333330000E-02  4.526709683E-03 -4.434230769E+02 
       269  1.008950000E+00  4.024390000E-02  3.333330000E-02  3.394227399E-03 -4.404695333E+02 
       270  6.579970000E-01  4.059990000E-02  3.333330000E-02  5.997455029E-02  3.846072827E+02 
       271  1.006710000E+00  4.131690000E-02  3.333330000E-02  1.562017834E-02  8.108026727E+02 
       272  1.008950000E+00  4.146340000E-02  3.333330000E-02  2.128490197E-03 -4.380073759E+02 
       273  1.008950000E+00  4.268290000E-02  3.333330000E-02  1.295957914E-03 -4.362461391E+02 
       274  8.351470000E-02  4.379180000E-02  3.333330000E-02  3.028000120E-02  8.792309298E+02 
       275  1.008950000E+00  4.390240000E-02  3.333330000E-02  2.158972701E-03 -4.355586647E+02 
       276  6.170090000E-01  4.421250000E-02  3.333330000E-02  6.090164670E-02  3.874034273E+02 
       277  1.008950000E+00  4.512200000E-02  3.333330000E-02  4.761457061E-03 -4.366728269E+02 
       278  1.007930000E+00  4.604710000E-02  3.333330000E-02  5.386698878E-02  8.024929435E+02 
       279  1.008950000E+00  4.634150000E-02  3.333330000E-02  8.462168470E-03 -4.417908577E+02 
       280  5.759990000E-01  4.755650000E-02  3.333330000E-02  6.161990639E-02  3.943266144E+02 
       281  1.008950000E+00  4.756100000E-02  3.333330000E-02  1.380198109E-02 -4.498405607E+02 
       282  1.008950000E+00  4.878050000E-02  3.333330000E-02  1.858912139E-02 -4.912926678E+02 
       283  1.008950000E+00  5.000000000E-02  3.333330000E-02  4.924193141E-02  1.119601375E+02 
       284  1.241140000E-01  5.043730000E-02  3.333330000E-02  4.487614213E-02  7.895162799E+02 
       285  5.349650000E-01  5.060440000E-02  3.333330000E-02  6.207079552E-02  4.049838496E+02 
       286  4.939080000E-01  5.332060000E-02  3.333330000E-02  6.234316120E-02  4.192160037E+02 
       287  1.650180000E-01  5.486620000E-02  3.333330000E-02  5.350212432E-02  7.078638742E+02 
       288  4.528280000E-01  5.566140000E-02  3.333330000E-02  6.251083780E-02  4.369214461E+02 
       289  4.117260000E-01  5.757270000E-02  3.333330000E-02  6.258479444E-02  4.582663397E+02 
       290  2.060650000E-01  5.771190000E-02  3.333330000E-02  5.782670618E-02  6.438480597E+02 
       291  3.706030000E-01  5.898830000E-02  3.333330000E-02  6.251983899E-02  4.837013286E+02 
       292  2.471780000E-01  5.933890000E-02  3.333330000E-02  6.025072968E-02  5.922604574E+02 
       293  3.294650000E-01  5.982680000E-02  3.333330000E-02  6.223610251E-02  5.137563771E+02 
       294  2.883190000E-01  5.998690000E-02  3.333330000E-02  6.158691699E-02  5.495099493E+02 
       295  2.883190000E-01 -5.998690000E-02  6.666670000E-02  6.269194397E-03 -5.903077778E+02 
       296  3.294650000E-01 -5.982680000E-02  6.666670000E-02  3.447645122E-03 -5.854608311E+02 
       297  2.471780000E-01 -5.933890000E-02  6.666670000E-02  9.998277055E-03 -5.974954827E+02 
       298  3.706030000E-01 -5.898830000E-02  6.666670000E-02  1.189368082E-03 -5.826151794E+02 
       299  2.060650000E-01 -5.771190000E-02  6.666670000E-02  1.490333792E-02 -6.102051611E+02 
       300  4.117260000E-01 -5.757270000E-02  6.666670000E-02  1.159603715E-03 -5.831402946E+02 
       301  4.528280000E-01 -5.566140000E-02  6.666670000E-02  2.531741662E-03 -5.866604229E+02 
       302  1.650180000E-01 -5.486620000E-02  6.666670000E-02  2.002982206E-02 -6.357026503E+02 
       303  4.939080000E-01 -5.332060000E-02  6.666670000E-02  3.077272002E-03 -5.918960755E+02 
       304  5.349650000E-01 -5.060440000E-02  6.666670000E-02  2.733915431E-03 -5.997431100E+02 
       305  1.241140000E-01 -5.043730000E-02  6.666670000E-02  2.135298787E-02 -7.062932335E+02 
       306  5.759990000E-01 -4.755650000E-02  6.666670000E-02  1.316602033E-03 -6.108745002E+02 
       307  6.170090000E-01 -4.421250000E-02  6.666670000E-02  2.282493510E-03 -6.239875411E+02 
       308  8.351470000E-02 -4.379180000E-02  6.666670000E-02  1.040611114E-02 -8.897347017E+02 
       309  6.579970000E-01 -4.059990000E-02  6.666670000E-02  6.349327623E-03 -6.373482094E+02 
       310  5.488770000E-02 -3.697740000E-02  6.666670000E-02  2.829726651E-02 -1.185956316E+03 
       311  6.989630000E-01 -3.673990000E-02  6.666670000E-02  1.014383195E-02 -6.496313792E+02 
       312  7.399050000E-01 -3.264710000E-02  6.666670000E-02  1.271462320E-02 -6.592466455E+02 
       313  3.777470000E-02 -3.147510000E-02  6.666670000E-02  7.559092834E-02 -1.572592738E+03 
       314  7.808250000E-01 -2.833060000E-02  6.666670000E-02  1.375204936E-02 -6.649277753E+02 
       315  2.634450000E-02 -2.677890000E-02  6.666670000E-02  1.174627646E-01 -2.055891428E+03 
       316  8.159680000E-01 -2.444550000E-02  6.666670000E-02  1.352856430E-02 -6.663601931E+02 
       317  1.821900000E-02 -2.259850000E-02  6.666670000E-02  1.495814066E-01 -2.574901818E+03 
       318  8.510930000E-01 -2.039720000E-02  6.666670000E-02  1.226444967E-02 -6.638762950E+02 
       319  1.318260000E-02 -1.942040000E-02  6.666670000E-02  1.748810196E-01 -3.056130971E+03 
       320  8.782860000E-01 -1.714700000E-02  6.666670000E-02  1.020883131E-02 -6.589908152E+02 
       321  9.850590000E-03 -1.691540000E-02  6.666670000E-02  1.965559831E-01 -3.508951142E+03 
       322  7.411530000E-03 -1.476420000E-02  6.666670000E-02  2.155528350E-01 -3.880699843E+03 
       323  9.009380000E-01 -1.436040000E-02  6.666670000E-02  7.679546197E-03 -6.531129221E+02 
       324  5.510960000E-03 -1.280140000E-02  6.666670000E-02  2.284401168E-01 -4.113485241E+03 
       325  9.198070000E-01 -1.198220000E-02  6.666670000E-02  5.083139524E-03 -6.470990643E+02 
       326  3.983540000E-03 -1.093890000E-02  6.666670000E-02  2.357927318E-01 -4.274324920E+03 
       327  9.355260000E-01 -9.960600000E-03  6.666670000E-02  2.596924718E-03 -6.416656480E+02 
       328  2.745270000E-03 -9.124550000E-03  6.666670000E-02  2.414400879E-01 -4.396922804E+03 
       329  9.486220000E-01 -8.247430000E-03  6.666670000E-02  1.080956151E-03 -6.369728104E+02 
       330  1.752850000E-03 -7.324960000E-03  6.666670000E-02  2.453830391E-01 -4.451308752E+03 
       331  9.595320000E-01 -6.799650000E-03  6.666670000E-02  1.699883368E-03 -6.328696867E+02 
       332  9.686220000E-01 -5.578890000E-03  6.666670000E-02  3.412566180E-03 -6.290898965E+02 
       333  9.860190000E-04 -5.518970000E-03  6.666670000E-02  2.468412978E-01 -4.407096322E+03 
       334  9.761960000E-01 -4.551510000E-03  6.666670000E-02  4.823369008E-03 -6.253465272E+02 
       335  4.384000000E-04 -3.696570000E-03  6.666670000E-02  2.461290738E-01 -4.234716655E+03 
       336  9.825070000E-01 -3.688230000E-03  6.666670000E-02  5.951265402E-03 -6.213973568E+02 
       337  9.877650000E-01 -2.963870000E-03  6.666670000E-02  6.844925841E-03 -6.170827342E+02 
       338  9.921460000E-01 -2.356690000E-03  6.666670000E-02  7.586023304E-03 -6.123543166E+02 
       339  1.095110000E-04 -1.855900000E-03  6.666670000E-02  2.436447818E-01 -3.938923471E+03 
       340  9.957970000E-01 -1.848260000E-03  6.666670000E-02  8.277359858E-03 -6.073243079E+02 
       341  9.988390000E-01 -1.422790000E-03  6.666670000E-02  9.016946717E-03 -6.021866848E+02 
       342  1.001370000E+00 -1.062990000E-03  6.666670000E-02  9.879761085E-03 -5.971746617E+02 
       343  1.003480000E+00 -7.543150000E-04  6.666670000E-02  1.093891748E-02 -5.924109353E+02 
       344  1.005240000E+00 -4.991700000E-04  6.666670000E-02  1.227954184E-02 -5.878941494E+02 
       345  1.006710000E+00 -2.932730000E-04  6.666670000E-02  1.391903222E-02 -5.838085064E+02 
       346  1.007930000E+00 -1.294160000E-04  6.666670000E-02  1.586885841E-02 -5.771328170E+02 
       347  0.000000000E+00  0.000000000E+00  6.666670000E-02  2.377635041E-01 -3.584712864E+03 
       348  1.008950000E+00  0.000000000E+00  6.666670000E-02  1.142515304E-02 -5.836303874E+02 
       349  1.008950000E+00  1.219510000E-03  6.666670000E-02  6.526428222E-03 -5.915603695E+02 
       350  9.957970000E-01  1.848260000E-03  6.666670000E-02  2.493214114E-03  6.940510225E+02 
       351  1.095110000E-04  1.855900000E-03  6.666670000E-02  2.270941803E-01 -3.182012302E+03 
       352  9.921460000E-01  2.356690000E-03  6.666670000E-02  5.270261306E-03  6.943076821E+02 
       353  1.008950000E+00  2.439020000E-03  6.666670000E-02  8.924913415E-03 -5.904917042E+02 
       354  9.877650000E-01  2.963870000E-03  6.666670000E-02  1.005361568E-02  6.890246179E+02 
       355  1.008950000E+00  3.658540000E-03  6.666670000E-02  1.258340263E-02 -5.953434327E+02 
       356  9.825070000E-01  3.688230000E-03  6.666670000E-02  1.226713069E-02  6.835614900E+02 
       357  4.384000000E-04  3.696570000E-03  6.666670000E-02  2.129611738E-01 -2.692118763E+03 
       358  9.761960000E-01  4.551510000E-03  6.666670000E-02  1.169447907E-02  6.813033204E+02 
       359  1.008950000E+00  4.878050000E-03  6.666670000E-02  1.581350718E-02 -5.998590250E+02 
       360  9.860190000E-04  5.518970000E-03  6.666670000E-02  1.967131373E-01 -2.153187477E+03 
       361  9.686220000E-01  5.578890000E-03  6.666670000E-02  1.026266198E-02  6.822046879E+02 
       362  1.008950000E+00  6.097560000E-03  6.666670000E-02  1.804236577E-02 -6.024652524E+02 
       363  9.595320000E-01  6.799650000E-03  6.666670000E-02  8.946367589E-03  6.820388860E+02 
       364  1.008950000E+00  7.317070000E-03  6.666670000E-02  1.938528158E-02 -6.025965275E+02 
       365  1.752850000E-03  7.324960000E-03  6.666670000E-02  1.790262881E-01 -1.621044491E+03 
       366  9.486220000E-01  8.247430000E-03  6.666670000E-02  8.260180451E-03  6.771360142E+02 
       367  1.008950000E+00  8.536590000E-03  6.666670000E-02  2.008668234E-02 -6.005116730E+02 
       368  2.745270000E-03  9.124550000E-03  6.666670000E-02  1.602084273E-01 -1.110220338E+03 
       369  1.008950000E+00  9.756100000E-03  6.666670000E-02  2.034593414E-02 -5.965932031E+02 
       370  9.355260000E-01  9.960600000E-03  6.666670000E-02  5.984113366E-03  6.645841975E+02 
       371  3.983540000E-03  1.093890000E-02  6.666670000E-02  1.411747994E-01 -6.447431681E+02 
       372  9.988390000E-01  1.096260000E-02  6.666670000E-02  3.171222731E-03  6.895870668E+02 
       373  1.008950000E+00  1.097560000E-02  6.666670000E-02  2.028812864E-02 -5.912139350E+02 
       374  9.198070000E-01  1.198220000E-02  6.666670000E-02  5.865236412E-03  6.422991698E+02 
       375  1.008950000E+00  1.219510000E-02  6.666670000E-02  2.002111038E-02 -5.847093414E+02 
       376  5.510960000E-03  1.280140000E-02  6.666670000E-02  1.230780571E-01 -2.682730522E+02 
       377  1.008950000E+00  1.341460000E-02  6.666670000E-02  1.961021353E-02 -5.774036500E+02 
       378  9.009380000E-01  1.436040000E-02  6.666670000E-02  1.601637380E-02  6.059831277E+02 
       379  1.008950000E+00  1.463410000E-02  6.666670000E-02  1.909484996E-02 -5.695674733E+02 
       380  7.411530000E-03  1.476420000E-02  6.666670000E-02  1.056442364E-01  4.070993820E+01 
       381  1.008950000E+00  1.585370000E-02  6.666670000E-02  1.850720872E-02 -5.614310624E+02 
       382  9.850590000E-03  1.691540000E-02  6.666670000E-02  8.769469726E-02  3.186705622E+02 
       383  1.008950000E+00  1.707320000E-02  6.666670000E-02  1.787283027E-02 -5.531631063E+02 
       384  8.782860000E-01  1.714700000E-02  6.666670000E-02  3.079322912E-02  5.555947671E+02 
       385  1.008950000E+00  1.829270000E-02  6.666670000E-02  1.721114947E-02 -5.448930091E+02 
       386  1.318260000E-02  1.942040000E-02  6.666670000E-02  6.826946577E-02  5.621949531E+02 
       387  1.008950000E+00  1.951220000E-02  6.666670000E-02  1.653373543E-02 -5.367055291E+02 
       388  8.510930000E-01  2.039720000E-02  6.666670000E-02  4.154526180E-02  5.013253467E+02 
       389  1.008950000E+00  2.073170000E-02  6.666670000E-02  1.584469743E-02 -5.286512064E+02 
       390  1.001370000E+00  2.073980000E-02  6.666670000E-02  4.495820170E-03  6.918231826E+02 
       391  1.008950000E+00  2.195120000E-02  6.666670000E-02  1.514707318E-02 -5.207830876E+02 
       392  1.821900000E-02  2.259850000E-02  6.666670000E-02  4.694673831E-02  7.584581303E+02 
       393  1.008950000E+00  2.317070000E-02  6.666670000E-02  1.444759156E-02 -5.131778893E+02 
       394  1.008950000E+00  2.439020000E-02  6.666670000E-02  1.375327809E-02 -5.058831089E+02 
       395  8.159680000E-01  2.444550000E-02  6.666670000E-02  4.887436945E-02  4.529574036E+02 
       396  1.008950000E+00  2.560980000E-02  6.666670000E-02  1.306587352E-02 -4.989051623E+02 
       397  2.634450000E-02  2.677890000E-02  6.666670000E-02  2.470167057E-02  8.889573724E+02 
       398  1.008950000E+00  2.682930000E-02  6.666670000E-02  1.238236742E-02 -4.922401741E+02 
       399  1.008950000E+00  2.804880000E-02  6.666670000E-02  1.169844131E-02 -4.858889612E+02 
       400  7.808250000E-01  2.833060000E-02  6.666670000E-02  5.338507055E-02  4.201856548E+02 
       401  1.003480000E+00  2.887370000E-02  6.666670000E-02  4.526929861E-03  7.077793530E+02 
       402  1.008950000E+00  2.926830000E-02  6.666670000E-02  1.100991730E-02 -4.798545841E+02 
       403  1.008950000E+00  3.048780000E-02  6.666670000E-02  1.031210762E-02 -4.741420433E+02 
       404  3.777470000E-02  3.147510000E-02  6.666670000E-02  9.311178223E-03  9.456857718E+02 
       405  1.008950000E+00  3.170730000E-02  6.666670000E-02  9.599411111E-03 -4.687557333E+02 
       406  7.399050000E-01  3.264710000E-02  6.666670000E-02  5.655442316E-02  3.984920256E+02 
       407  1.008950000E+00  3.292680000E-02  6.666670000E-02  8.865535153E-03 -4.636967786E+02 
       408  1.008950000E+00  3.414630000E-02  6.666670000E-02  8.103197390E-03 -4.589643999E+02 
       409  1.008950000E+00  3.536590000E-02  6.666670000E-02  7.303163464E-03 -4.545609726E+02 
       410  1.005240000E+00  3.565510000E-02  6.666670000E-02  3.079728470E-03  7.465741906E+02 
       411  1.008950000E+00  3.658540000E-02  6.666670000E-02  6.453172811E-03 -4.504953601E+02 
       412  6.989630000E-01  3.673990000E-02  6.666670000E-02  5.865329950E-02  3.875533116E+02 
       413  5.488770000E-02  3.697740000E-02  6.666670000E-02  1.316858779E-02  9.376800354E+02 
       414  1.008950000E+00  3.780490000E-02  6.666670000E-02  5.535914180E-03 -4.467779718E+02 
       415  1.008950000E+00  3.902440000E-02  6.666670000E-02  4.526691043E-03 -4.434221482E+02 
       416  1.008950000E+00  4.024390000E-02  6.666670000E-02  3.394214707E-03 -4.404685678E+02 
       417  6.579970000E-01  4.059990000E-02  6.666670000E-02  5.997454915E-02  3.846072704E+02 
       418  1.006710000E+00  4.131690000E-02  6.666670000E-02  1.562006061E-02  8.108025575E+02 
       419  1.008950000E+00  4.146340000E-02  6.666670000E-02  2.128485116E-03 -4.380063744E+02 
       420  1.008950000E+00  4.268290000E-02  6.666670000E-02  1.295955471E-03 -4.362451017E+02 
       421  8.351470000E-02  4.379180000E-02  6.666670000E-02  3.027999754E-02  8.792309304E+02 
       422  1.008950000E+00  4.390240000E-02  6.666670000E-02  2.158956868E-03 -4.355575838E+02 
       423  6.170090000E-01  4.421250000E-02  6.666670000E-02  6.090164514E-02  3.874034142E+02 
       424  1.008950000E+00  4.512200000E-02  6.666670000E-02  4.761416476E-03 -4.366716237E+02 
       425  1.007930000E+00  4.604710000E-02  6.666670000E-02  5.386566817E-02  8.024930760E+02 
       426  1.008950000E+00  4.634150000E-02  6.666670000E-02  8.462089235E-03 -4.417895055E+02 
       427  5.759990000E-01  4.755650000E-02  6.666670000E-02  6.161990462E-02  3.943266003E+02 
       428  1.008950000E+00  4.756100000E-02  6.666670000E-02  1.380182492E-02 -4.498390216E+02 
       429  1.008950000E+00  4.878050000E-02  6.666670000E-02  1.858889755E-02 -4.912903879E+02 
       430  1.008950000E+00  5.000000000E-02  6.666670000E-02  4.924060963E-02  1.119617780E+02 
       431  1.241140000E-01  5.043730000E-02  6.666670000E-02  4.487614068E-02  7.895162766E+02 
       432  5.349650000E-01  5.060440000E-02  6.666670000E-02  6.207079375E-02  4.049838349E+02 
       433  4.939080000E-01  5.332060000E-02  6.666670000E-02  6.234315965E-02  4.192159878E+02 
       434  1.650180000E-01  5.486620000E-02  6.666670000E-02  5.350212448E-02  7.078638625E+02 
       435  4.528280000E-01  5.566140000E-02  6.666670000E-02  6.251083662E-02  4.369214295E+02 
       436  4.117260000E-01  5.757270000E-02  6.666670000E-02  6.258479360E-02  4.582663227E+02 
       437  2.060650000E-01  5.771190000E-02  6.666670000E-02  5.782670707E-02  6.438480416E+02 
       438  3.706030000E-01  5.898830000E-02  6.666670000E-02  6.251983857E-02  4.837013106E+02 
       439  2.471780000E-01  5.933890000E-02  6.666670000E-02  6.025073049E-02  5.922604368E+02 
       440  3.294650000E-01  5.982680000E-02  6.666670000E-02  6.223610255E-02  5.137563575E+02 
       441  2.883190000E-01  5.998690000E-02  6.666670000E-02  6.158691747E-02  5.495099285E+02 
       442  2.883190000E-01 -5.998690000E-02  1.000000000E-01  6.269185764E-03 -5.903077563E+02 
       443  3.294650000E-01 -5.982680000E-02  1.000000000E-01  3.447652930E-03 -5.854608170E+02 
       444  2.471780000E-01 -5.933890000E-02  1.000000000E-01  9.998253262E-03 -5.974954264E+02 
       445  3.706030000E-01 -5.898830000E-02  1.000000000E-01  1.189370661E-03 -5.826151559E+02 
       446  2.060650000E-01 -5.771190000E-02  1.000000000E-01  1.490335894E-02 -6.102050545E+02 
       447  4.117260000E-01 -5.757270000E-02  1.000000000E-01  1.159603875E-03 -5.831402736E+02 
       448  4.528280000E-01 -5.566140000E-02  1.000000000E-01  2.531734193E-03 -5.866604110E+02 
       449  1.650180000E-01 -5.486620000E-02  1.000000000E-01  2.002990796E-02 -6.357023268E+02 
       450  4.939080000E-01 -5.332060000E-02  1.000000000E-01  3.077254236E-03 -5.918960665E+02 
       451  5.349650000E-01 -5.060440000E-02  1.000000000E-01  2.733893637E-03 -5.997430957E+02 
       452  1.241140000E-01 -5.043730000E-02  1.000000000E-01  2.135309324E-02 -7.062923762E+02 
       453  5.759990000E-01 -4.755650000E-02  1.000000000E-01  1.316592405E-03 -6.108744641E+02 
       454  6.170090000E-01 -4.421250000E-02  1.000000000E-01  2.282490665E-03 -6.239874852E+02 
       455  8.351470000E-02 -4.379180000E-02  1.000000000E-01  1.040648600E-02 -8.897292603E+02 
       456  6.579970000E-01 -4.059990000E-02  1.000000000E-01  6.349310167E-03 -6.373481516E+02 
       457  5.488770000E-02 -3.697740000E-02  1.000000000E-01  2.829579551E-02 -1.185945920E+03 
       458  6.989630000E-01 -3.673990000E-02  1.000000000E-01  1.014380320E-02 -6.496313236E+02 
       459  7.399050000E-01 -3.264710000E-02  1.000000000E-01  1.271458886E-02 -6.592466213E+02 
       460  3.777470000E-02 -3.147510000E-02  1.000000000E-01  7.558988074E-02 -1.572583286E+03 
       461  7.808250000E-01 -2.833060000E-02  1.000000000E-01  1.375199609E-02 -6.649277644E+02 
       462  2.634450000E-02 -2.677890000E-02  1.000000000E-01  1.174623969E-01 -2.055886018E+03 
       463  8.159680000E-01 -2.444550000E-02  1.000000000E-01  1.352848222E-02 -6.663602758E+02 
       464  1.821900000E-02 -2.259850000E-02  1.000000000E-01  1.495811654E-01 -2.574897469E+03 
       465  8.510930000E-01 -2.039720000E-02  1.000000000E-01  1.226433293E-02 -6.638765706E+02 
       466  1.318260000E-02 -1.942040000E-02  1.000000000E-01  1.748805802E-01 -3.056122073E+03 
       467  8.782860000E-01 -1.714700000E-02  1.000000000E-01  1.020864984E-02 -6.589912861E+02 
       468  9.850590000E-03 -1.691540000E-02  1.000000000E-01  1.965553979E-01 -3.508938549E+03 
       469  7.411530000E-03 -1.476420000E-02  1.000000000E-01  2.155523294E-01 -3.880691120E+03 
       470  9.009380000E-01 -1.436040000E-02  1.000000000E-01  7.679281942E-03 -6.531136404E+02 
       471  5.510960000E-03 -1.280140000E-02  1.000000000E-01  2.284398802E-01 -4.113480522E+03 
       472  9.198070000E-01 -1.198220000E-02  1.000000000E-01  5.082789630E-03 -6.471001273E+02 
       473  3.983540000E-03 -1.093890000E-02  1.000000000E-01  2.357925907E-01 -4.274321457E+03 
       474  9.355260000E-01 -9.960600000E-03  1.000000000E-01  2.596478520E-03 -6.416671271E+02 
       475  2.745270000E-03 -9.124550000E-03  1.000000000E-01  2.414399971E-01 -4.396921119E+03 
       476  9.486220000E-01 -8.247430000E-03  1.000000000E-01  1.081017800E-03 -6.369747690E+02 
       477  1.752850000E-03 -7.324960000E-03  1.000000000E-01  2.453830045E-01 -4.451308465E+03 
       478  9.595320000E-01 -6.799650000E-03  1.000000000E-01  1.700550836E-03 -6.328721874E+02 
       479  9.686220000E-01 -5.578890000E-03  1.000000000E-01  3.413351243E-03 -6.290929831E+02 
       480  9.860190000E-04 -5.518970000E-03  1.000000000E-01  2.468412918E-01 -4.407096882E+03 
       481  9.761960000E-01 -4.551510000E-03  1.000000000E-01  4.824270510E-03 -6.253502330E+02 
       482  4.384000000E-04 -3.696570000E-03  1.000000000E-01  2.461290755E-01 -4.234717369E+03 
       483  9.825070000E-01 -3.688230000E-03  1.000000000E-01  5.952279659E-03 -6.214017018E+02 
       484  9.877650000E-01 -2.963870000E-03  1.000000000E-01  6.846045074E-03 -6.170877333E+02 
       485  9.921460000E-01 -2.356690000E-03  1.000000000E-01  7.587236041E-03 -6.123599492E+02 
       486  1.095110000E-04 -1.855900000E-03  1.000000000E-01  2.436447823E-01 -3.938923795E+03 
       487  9.957970000E-01 -1.848260000E-03  1.000000000E-01  8.278655585E-03 -6.073305216E+02 
       488  9.988390000E-01 -1.422790000E-03  1.000000000E-01  9.018318924E-03 -6.021934472E+02 
       489  1.001370000E+00 -1.062990000E-03  1.000000000E-01  9.881205817E-03 -5.971819453E+02 
       490  1.003480000E+00 -7.543150000E-04  1.000000000E-01  1.094042984E-02 -5.924187488E+02 
       491  1.005240000E+00 -4.991700000E-04  1.000000000E-01  1.228112159E-02 -5.879024234E+02 
       492  1.006710000E+00 -2.932730000E-04  1.000000000E-01  1.392067424E-02 -5.838173260E+02 
       493  1.007930000E+00 -1.294160000E-04  1.000000000E-01  1.587059534E-02 -5.771416813E+02 
       494  0.000000000E+00  0.000000000E+00  1.000000000E-01  2.377635002E-01 -3.584712783E+03 
       495  1.008950000E+00  0.000000000E+00  1.000000000E-01  1.300767561E-02 -5.807990566E+02 
       496  1.008950000E+00  1.219510000E-03  1.000000000E-01  6.526316842E-03 -5.915767955E+02 
       497  9.957970000E-01  1.848260000E-03  1.000000000E-01  2.504403781E-03  6.940951718E+02 
       498  1.095110000E-04  1.855900000E-03  1.000000000E-01  2.270941622E-01 -3.182011736E+03 
       499  9.921460000E-01  2.356690000E-03  1.000000000E-01  5.288317787E-03  6.943488234E+02 
       500  1.008950000E+00  2.439020000E-03  1.000000000E-01  8.923709167E-03 -5.905065994E+02 
       501  9.877650000E-01  2.963870000E-03  1.000000000E-01  1.011025592E-02  6.890537318E+02 
       502  1.008950000E+00  3.658540000E-03  1.000000000E-01  1.258179985E-02 -5.953576966E+02 
       503  9.825070000E-01  3.688230000E-03  1.000000000E-01  1.231968512E-02  6.835711320E+02 
       504  4.384000000E-04  3.696570000E-03  1.000000000E-01  2.129611216E-01 -2.692116993E+03 
       505  9.761960000E-01  4.551510000E-03  1.000000000E-01  1.171828205E-02  6.812791537E+02 
       506  1.008950000E+00  4.878050000E-03  1.000000000E-01  1.581226346E-02 -5.998747279E+02 
       507  9.860190000E-04  5.518970000E-03  1.000000000E-01  1.967130254E-01 -2.153183941E+03 
       508  9.686220000E-01  5.578890000E-03  1.000000000E-01  1.028336518E-02  6.821937251E+02 
       509  1.008950000E+00  6.097560000E-03  1.000000000E-01  1.804169505E-02 -6.024824290E+02 
       510  9.595320000E-01  6.799650000E-03  1.000000000E-01  8.959518800E-03  6.820619964E+02 
       511  1.008950000E+00  7.317070000E-03  1.000000000E-01  1.938500011E-02 -6.026147133E+02 
       512  1.752850000E-03  7.324960000E-03  1.000000000E-01  1.790260891E-01 -1.621038840E+03 
       513  9.486220000E-01  8.247430000E-03  1.000000000E-01  8.273338291E-03  6.771774256E+02 
       514  1.008950000E+00  8.536590000E-03  1.000000000E-01  2.008672723E-02 -6.005310761E+02 
       515  2.745270000E-03  9.124550000E-03  1.000000000E-01  1.602081119E-01 -1.110212175E+03 
       516  1.008950000E+00  9.756100000E-03  1.000000000E-01  2.034620348E-02 -5.966130280E+02 
       517  9.355260000E-01  9.960600000E-03  1.000000000E-01  6.001393518E-03  6.646242051E+02 
       518  3.983540000E-03  1.093890000E-02  1.000000000E-01  1.411743927E-01 -6.447338395E+02 
       519  9.988390000E-01  1.096260000E-02  1.000000000E-01  3.191454276E-03  6.896042498E+02 
       520  1.008950000E+00  1.097560000E-02  1.000000000E-01  2.028852448E-02 -5.912338460E+02 
       521  9.198070000E-01  1.198220000E-02  1.000000000E-01  5.869939639E-03  6.423283819E+02 
       522  1.008950000E+00  1.219510000E-02  1.000000000E-01  2.002155547E-02 -5.847287886E+02 
       523  5.510960000E-03  1.280140000E-02  1.000000000E-01  1.230775956E-01 -2.682645089E+02 
       524  1.008950000E+00  1.341460000E-02  1.000000000E-01  1.961066724E-02 -5.774222064E+02 
       525  9.009380000E-01  1.436040000E-02  1.000000000E-01  1.601092318E-02  6.059997560E+02 
       526  1.008950000E+00  1.463410000E-02  1.000000000E-01  1.909530271E-02 -5.695848648E+02 
       527  7.411530000E-03  1.476420000E-02  1.000000000E-01  1.056437350E-01  4.071842779E+01 
       528  1.008950000E+00  1.585370000E-02  1.000000000E-01  1.850766763E-02 -5.614471750E+02 
       529  9.850590000E-03  1.691540000E-02  1.000000000E-01  8.769418334E-02  3.186778297E+02 
       530  1.008950000E+00  1.707320000E-02  1.000000000E-01  1.787331425E-02 -5.531778875E+02 
       531  8.782860000E-01  1.714700000E-02  1.000000000E-01  3.079241706E-02  5.556005583E+02 
       532  1.008950000E+00  1.829270000E-02  1.000000000E-01  1.721168410E-02 -5.449063888E+02 
       533  1.318260000E-02  1.942040000E-02  1.000000000E-01  6.826907699E-02  5.621992641E+02 
       534  1.008950000E+00  1.951220000E-02  1.000000000E-01  1.653434702E-02 -5.367174498E+02 
       535  8.510930000E-01  2.039720000E-02  1.000000000E-01  4.154544395E-02  5.013256803E+02 
       536  1.008950000E+00  2.073170000E-02  1.000000000E-01  1.584541395E-02 -5.286616356E+02 
       537  1.001370000E+00  2.073980000E-02  1.000000000E-01  4.550258299E-03  6.918539266E+02 
       538  1.008950000E+00  2.195120000E-02  1.000000000E-01  1.514792422E-02 -5.207920634E+02 
       539  1.821900000E-02  2.259850000E-02  1.000000000E-01  4.694655490E-02  7.584595113E+02 
       540  1.008950000E+00  2.317070000E-02  1.000000000E-01  1.444858683E-02 -5.131853278E+02 
       541  1.008950000E+00  2.439020000E-02  1.000000000E-01  1.375440014E-02 -5.058888602E+02 
       542  8.159680000E-01  2.444550000E-02  1.000000000E-01  4.887436819E-02  4.529571980E+02 
       543  1.008950000E+00  2.560980000E-02  1.000000000E-01  1.306710960E-02 -4.989091601E+02 
       544  2.634450000E-02  2.677890000E-02  1.000000000E-01  2.470145899E-02  8.889582642E+02 
       545  1.008950000E+00  2.682930000E-02  1.000000000E-01  1.238372826E-02 -4.922423969E+02 
       546  1.008950000E+00  2.804880000E-02  1.000000000E-01  1.169995728E-02 -4.858894742E+02 
       547  7.808250000E-01  2.833060000E-02  1.000000000E-01  5.338508414E-02  4.201853719E+02 
       548  1.003480000E+00  2.887370000E-02  1.000000000E-01  4.597504662E-03  7.078263435E+02 
       549  1.008950000E+00  2.926830000E-02  1.000000000E-01  1.101162610E-02 -4.798534772E+02 
       550  1.008950000E+00  3.048780000E-02  1.000000000E-01  1.031404072E-02 -4.741393948E+02 
       551  3.777470000E-02  3.147510000E-02  1.000000000E-01  9.311000581E-03  9.456861974E+02 
       552  1.008950000E+00  3.170730000E-02  1.000000000E-01  9.601589703E-03 -4.687516270E+02 
       553  7.399050000E-01  3.264710000E-02  1.000000000E-01  5.655441917E-02  3.984920030E+02 
       554  1.008950000E+00  3.292680000E-02  1.000000000E-01  8.867973087E-03 -4.636913262E+02 
       555  1.008950000E+00  3.414630000E-02  1.000000000E-01  8.105909254E-03 -4.589577358E+02 
       556  1.008950000E+00  3.536590000E-02  1.000000000E-01  7.306174637E-03 -4.545532529E+02 
       557  1.005240000E+00  3.565510000E-02  1.000000000E-01  3.101832052E-03  7.464523525E+02 
       558  1.008950000E+00  3.658540000E-02  1.000000000E-01  6.456527212E-03 -4.504867597E+02 
       559  6.989630000E-01  3.673990000E-02  1.000000000E-01  5.865329900E-02  3.875532942E+02 
       560  5.488770000E-02  3.697740000E-02  1.000000000E-01  1.316911155E-02  9.376788734E+02 
       561  1.008950000E+00  3.780490000E-02  1.000000000E-01  5.539683566E-03 -4.467686160E+02 
       562  1.008950000E+00  3.902440000E-02  1.000000000E-01  4.530999394E-03 -4.434121168E+02 
       563  1.008950000E+00  4.024390000E-02  1.000000000E-01  3.399270394E-03 -4.404575937E+02 
       564  6.579970000E-01  4.059990000E-02  1.000000000E-01  5.997454691E-02  3.846072537E+02 
       565  1.006710000E+00  4.131690000E-02  1.000000000E-01  1.551547930E-02  8.103133118E+02 
       566  1.008950000E+00  4.146340000E-02  1.000000000E-01  2.134201213E-03 -4.379937532E+02 
       567  1.008950000E+00  4.268290000E-02  1.000000000E-01  1.294829091E-03 -4.362286551E+02 
       568  8.351470000E-02  4.379180000E-02  1.000000000E-01  3.028034682E-02  8.792291929E+02 
       569  1.008950000E+00  4.390240000E-02  1.000000000E-01  2.145141618E-03 -4.355310038E+02 
       570  6.170090000E-01  4.421250000E-02  1.000000000E-01  6.090164220E-02  3.874033939E+02 
       571  1.008950000E+00  4.512200000E-02  1.000000000E-01  4.734007294E-03 -4.366197896E+02 
       572  1.007930000E+00  4.604710000E-02  1.000000000E-01  5.315816329E-02  8.021599377E+02 
       573  1.008950000E+00  4.634150000E-02  1.000000000E-01  8.412610376E-03 -4.416611277E+02 
       574  5.759990000E-01  4.755650000E-02  1.000000000E-01  6.161990135E-02  3.943265728E+02 
       575  1.008950000E+00  4.756100000E-02  1.000000000E-01  1.371095919E-02 -4.495814375E+02 
       576  1.008950000E+00  4.878050000E-02  1.000000000E-01  1.846048866E-02 -4.906318445E+02 
       577  1.008950000E+00  5.000000000E-02  1.000000000E-01  5.458822329E-02  2.953415554E+01 
       578  1.241140000E-01  5.043730000E-02  1.000000000E-01  4.487620984E-02  7.895157350E+02 
       579  5.349650000E-01  5.060440000E-02  1.000000000E-01  6.207079059E-02  4.049838020E+02 
       580  4.939080000E-01  5.332060000E-02  1.000000000E-01  6.234315685E-02  4.192159564E+02 
       581  1.650180000E-01  5.486620000E-02  1.000000000E-01  5.350215156E-02  7.078635198E+02 
       582  4.528280000E-01  5.566140000E-02  1.000000000E-01  6.251083400E-02  4.369213749E+02 
       583  4.117260000E-01  5.757270000E-02  1.000000000E-01  6.258479142E-02  4.582662605E+02 
       584  2.060650000E-01  5.771190000E-02  1.000000000E-01  5.782671542E-02  6.438478831E+02 
       585  3.706030000E-01  5.898830000E-02  1.000000000E-01  6.251983696E-02  4.837012610E+02 
       586  2.471780000E-01  5.933890000E-02  1.000000000E-01  6.025073464E-02  5.922603105E+02 
       587  3.294650000E-01  5.982680000E-02  1.000000000E-01  6.223610122E-02  5.137563429E+02 
       588  2.883190000E-01  5.998690000E-02  1.000000000E-01  6.158691781E-02  5.495098646E+02 
