nodenumber     x-coordinate     y-coordinate     z-coordinate      mach-number         pressure 
         1  2.806150000E-01 -5.993150000E-02  0.000000000E+00  5.292547353E-02  1.738220562E+02 
         2  3.217610000E-01 -5.991180000E-02  0.000000000E+00  5.265091472E-02  1.496126742E+02 
         3  3.629010000E-01 -5.919190000E-02  0.000000000E+00  5.223035252E-02  1.308457999E+02 
         4  2.394770000E-01 -5.911490000E-02  0.000000000E+00  5.318393745E-02  2.055862927E+02 
         5  4.040270000E-01 -5.787770000E-02  0.000000000E+00  5.169042545E-02  1.161038207E+02 
         6  1.983720000E-01 -5.728050000E-02  0.000000000E+00  5.332737401E-02  2.482348227E+02 
         7  4.451330000E-01 -5.605380000E-02  0.000000000E+00  5.112487051E-02  1.044288750E+02 
         8  1.573450000E-01 -5.417140000E-02  0.000000000E+00  5.260242644E-02  3.049439612E+02 
         9  4.862170000E-01 -5.378900000E-02  0.000000000E+00  5.060128758E-02  9.511141557E+01 
        10  5.272790000E-01 -5.113940000E-02  0.000000000E+00  5.022504691E-02  8.762863081E+01 
        11  1.202710000E-01 -4.991900000E-02  0.000000000E+00  5.062845221E-02  3.726839568E+02 
        12  5.683170000E-01 -4.815070000E-02  0.000000000E+00  5.000049970E-02  8.161647024E+01 
        13  9.306150000E-02 -4.561390000E-02  0.000000000E+00  4.787041749E-02  4.427871167E+02 
        14  6.093320000E-01 -4.485980000E-02  0.000000000E+00  4.978664799E-02  7.677786192E+01 
        15  7.291850000E-02 -4.153400000E-02  0.000000000E+00  4.424450618E-02  5.095217064E+02 
        16  6.503240000E-01 -4.129580000E-02  0.000000000E+00  4.951181120E-02  7.288118362E+01 
        17  5.784750000E-02 -3.779840000E-02  0.000000000E+00  3.897115231E-02  5.712972647E+02 
        18  6.912940000E-01 -3.748080000E-02  0.000000000E+00  4.916569025E-02  6.987005151E+01 
        19  4.622950000E-02 -3.437270000E-02  0.000000000E+00  3.226329007E-02  6.237915043E+02 
        20  7.322410000E-01 -3.343080000E-02  0.000000000E+00  4.878478015E-02  6.773488935E+01 
        21  3.773810000E-02 -3.146170000E-02  0.000000000E+00  2.496449001E-02  6.639794243E+02 
        22  7.731650000E-01 -2.915570000E-02  0.000000000E+00  4.838952151E-02  6.643834331E+01 
        23  3.116110000E-02 -2.889070000E-02  0.000000000E+00  1.698130035E-02  6.936561228E+02 
        24  2.560400000E-02 -2.643350000E-02  0.000000000E+00  7.759408291E-03  7.130587120E+02 
        25  8.140650000E-01 -2.466010000E-02  0.000000000E+00  4.794677647E-02  6.625044663E+01 
        26  2.088830000E-02 -2.407660000E-02  0.000000000E+00  4.805880574E-03  7.178589225E+02 
        27  1.718170000E-02 -2.199000000E-02  0.000000000E+00  1.190502432E-02  7.060340145E+02 
        28  1.434980000E-02 -2.021170000E-02  0.000000000E+00  2.184397890E-02  6.800653669E+02 
        29  8.549410000E-01 -1.994340000E-02  0.000000000E+00  4.736450002E-02  6.770682576E+01 
        30  1.215370000E-02 -1.868920000E-02  0.000000000E+00  3.138042433E-02  6.408615232E+02 
        31  1.039400000E-02 -1.735310000E-02  0.000000000E+00  4.052398342E-02  5.898536947E+02 
        32  8.934580000E-03 -1.614610000E-02  0.000000000E+00  4.935593334E-02  5.284711504E+02 
        33  7.691470000E-03 -1.502910000E-02  0.000000000E+00  5.799800210E-02  4.574265662E+02 
        34  8.957900000E-01 -1.500020000E-02  0.000000000E+00  4.655619663E-02  7.105107663E+01 
        35  6.611940000E-03 -1.397620000E-02  0.000000000E+00  6.652249444E-02  3.771066792E+02 
        36  5.661740000E-03 -1.296940000E-02  0.000000000E+00  7.495903606E-02  2.876117112E+02 
        37  4.817870000E-03 -1.199580000E-02  0.000000000E+00  8.332643271E-02  1.886284484E+02 
        38  4.064360000E-03 -1.104610000E-02  0.000000000E+00  9.168881964E-02  7.854790445E+01 
        39  9.299640000E-01 -1.068010000E-02  0.000000000E+00  4.556409166E-02  7.684103041E+01 
        40  3.389900000E-03 -1.011310000E-02  0.000000000E+00  1.002547874E-01 -4.621527359E+01 
        41  2.786500000E-03 -9.191220000E-03  0.000000000E+00  1.093816862E-01 -1.920643875E+02 
        42  2.248510000E-03 -8.276020000E-03  0.000000000E+00  1.192634639E-01 -3.644798553E+02 
        43  1.771900000E-03 -7.363930000E-03  0.000000000E+00  1.296964990E-01 -5.611000772E+02 
        44  1.354040000E-03 -6.452250000E-03  0.000000000E+00  1.402032440E-01 -7.728160779E+02 
        45  9.641170000E-01 -6.185660000E-03  0.000000000E+00  4.486611939E-02  8.594682592E+01 
        46  9.933350000E-04 -5.539130000E-03  0.000000000E+00  1.503112386E-01 -9.899422530E+02 
        47  6.889250000E-04 -4.623390000E-03  0.000000000E+00  1.598878140E-01 -1.209506490E+03 
        48  4.403020000E-04 -3.704510000E-03  0.000000000E+00  1.690222462E-01 -1.432129028E+03 
        49  9.885790000E-01 -2.851310000E-03  0.000000000E+00  4.491088548E-02  1.007920238E+02 
        50  2.472400000E-04 -2.782370000E-03  0.000000000E+00  1.776583775E-01 -1.654540445E+03 
        51  1.096670000E-04 -1.857220000E-03  0.000000000E+00  1.855962350E-01 -1.871669944E+03 
        52  2.735770000E-05 -9.295720000E-04  0.000000000E+00  1.926282756E-01 -2.079576060E+03 
        53  0.000000000E+00  0.000000000E+00  0.000000000E+00  1.986418566E-01 -2.276193225E+03 
        54  1.008950000E+00  0.000000000E+00  0.000000000E+00  3.767204878E-02  1.099320783E+02 
        55  2.735770000E-05  9.295720000E-04  0.000000000E+00  2.036895384E-01 -2.460649820E+03 
        56  1.096670000E-04  1.857220000E-03  0.000000000E+00  2.079263107E-01 -2.635103973E+03 
        57  2.472400000E-04  2.782370000E-03  0.000000000E+00  2.115130888E-01 -2.799283832E+03 
        58  9.885790000E-01  2.851310000E-03  0.000000000E+00  1.337222191E-02  8.269271836E+01 
        59  4.403020000E-04  3.704510000E-03  0.000000000E+00  2.145726581E-01 -2.946704534E+03 
        60  6.889250000E-04  4.623390000E-03  0.000000000E+00  2.171510767E-01 -3.076418288E+03 
        61  9.933350000E-04  5.539130000E-03  0.000000000E+00  2.192319288E-01 -3.188440464E+03 
        62  9.641170000E-01  6.185660000E-03  0.000000000E+00  1.286653822E-02  6.014872656E+01 
        63  1.354040000E-03  6.452250000E-03  0.000000000E+00  2.208449470E-01 -3.281683823E+03 
        64  1.771900000E-03  7.363930000E-03  0.000000000E+00  2.220464682E-01 -3.358637503E+03 
        65  2.248510000E-03  8.276020000E-03  0.000000000E+00  2.228644449E-01 -3.420370273E+03 
        66  2.786500000E-03  9.191220000E-03  0.000000000E+00  2.231987368E-01 -3.467425340E+03 
        67  3.389900000E-03  1.011310000E-02  0.000000000E+00  2.226417512E-01 -3.494118102E+03 
        68  9.299640000E-01  1.068010000E-02  0.000000000E+00  1.664292898E-02  3.005914187E+01 
        69  4.064360000E-03  1.104610000E-02  0.000000000E+00  2.209738798E-01 -3.493750001E+03 
        70  4.817870000E-03  1.199580000E-02  0.000000000E+00  2.184375697E-01 -3.470316955E+03 
        71  5.661740000E-03  1.296940000E-02  0.000000000E+00  2.152158920E-01 -3.429498602E+03 
        72  6.611940000E-03  1.397620000E-02  0.000000000E+00  2.113055104E-01 -3.371854737E+03 
        73  8.957900000E-01  1.500020000E-02  0.000000000E+00  2.068552326E-02 -4.222149941E+00 
        74  7.691470000E-03  1.502910000E-02  0.000000000E+00  2.066016994E-01 -3.297749239E+03 
        75  8.934580000E-03  1.614610000E-02  0.000000000E+00  2.009542647E-01 -3.204097410E+03 
        76  1.039400000E-02  1.735310000E-02  0.000000000E+00  1.946970723E-01 -3.093269147E+03 
        77  1.215370000E-02  1.868920000E-02  0.000000000E+00  1.881004000E-01 -2.987122560E+03 
        78  8.549410000E-01  1.994340000E-02  0.000000000E+00  2.424270704E-02 -4.172901532E+01 
        79  1.434980000E-02  2.021170000E-02  0.000000000E+00  1.803265787E-01 -2.873910537E+03 
        80  1.718170000E-02  2.199000000E-02  0.000000000E+00  1.708672403E-01 -2.729834300E+03 
        81  2.088830000E-02  2.407660000E-02  0.000000000E+00  1.601672828E-01 -2.566989442E+03 
        82  8.140650000E-01  2.466010000E-02  0.000000000E+00  2.744374086E-02 -7.985756011E+01 
        83  2.560400000E-02  2.643350000E-02  0.000000000E+00  1.485863011E-01 -2.395468805E+03 
        84  3.116110000E-02  2.889070000E-02  0.000000000E+00  1.365013590E-01 -2.225095818E+03 
        85  7.731650000E-01  2.915570000E-02  0.000000000E+00  3.027582312E-02 -1.172724219E+02 
        86  3.773810000E-02  3.146170000E-02  0.000000000E+00  1.242018066E-01 -2.061557190E+03 
        87  7.322410000E-01  3.343080000E-02  0.000000000E+00  3.274680750E-02 -1.543796448E+02 
        88  4.622950000E-02  3.437270000E-02  0.000000000E+00  1.117200557E-01 -1.895302302E+03 
        89  6.912940000E-01  3.748080000E-02  0.000000000E+00  3.494322648E-02 -1.916979310E+02 
        90  5.784750000E-02  3.779840000E-02  0.000000000E+00  9.940640635E-02 -1.722287809E+03 
        91  6.503240000E-01  4.129580000E-02  0.000000000E+00  3.700392095E-02 -2.296659984E+02 
        92  7.291850000E-02  4.153400000E-02  0.000000000E+00  8.811320218E-02 -1.550151041E+03 
        93  6.093320000E-01  4.485980000E-02  0.000000000E+00  3.895832390E-02 -2.688196182E+02 
        94  9.306150000E-02  4.561390000E-02  0.000000000E+00  7.880113817E-02 -1.380865687E+03 
        95  5.683170000E-01  4.815070000E-02  0.000000000E+00  4.080583002E-02 -3.097640550E+02 
        96  1.202710000E-01  4.991900000E-02  0.000000000E+00  7.214960485E-02 -1.210420690E+03 
        97  5.272790000E-01  5.113940000E-02  0.000000000E+00  4.259560131E-02 -3.530264290E+02 
        98  4.862170000E-01  5.378900000E-02  0.000000000E+00  4.441238458E-02 -3.992447010E+02 
        99  1.573450000E-01  5.417140000E-02  0.000000000E+00  6.755280636E-02 -1.045914004E+03 
       100  4.451330000E-01  5.605380000E-02  0.000000000E+00  4.647781092E-02 -4.490698487E+02 
       101  1.983720000E-01  5.728050000E-02  0.000000000E+00  6.341456658E-02 -9.068199957E+02 
       102  4.040270000E-01  5.787770000E-02  0.000000000E+00  4.879801457E-02 -5.034179705E+02 
       103  2.394770000E-01  5.911490000E-02  0.000000000E+00  5.934144855E-02 -7.976600049E+02 
       104  3.629010000E-01  5.919190000E-02  0.000000000E+00  5.117926202E-02 -5.634849964E+02 
       105  3.217610000E-01  5.991180000E-02  0.000000000E+00  5.353929822E-02 -6.310053605E+02 
       106  2.806150000E-01  5.993150000E-02  0.000000000E+00  5.606561904E-02 -7.080399034E+02 
       107  2.806150000E-01 -5.993150000E-02  1.666670000E-01  5.292547282E-02  1.738220562E+02 
       108  3.217610000E-01 -5.991180000E-02  1.666670000E-01  5.265091438E-02  1.496126758E+02 
       109  3.629010000E-01 -5.919190000E-02  1.666670000E-01  5.223035245E-02  1.308458023E+02 
       110  2.394770000E-01 -5.911490000E-02  1.666670000E-01  5.318393709E-02  2.055862858E+02 
       111  4.040270000E-01 -5.787770000E-02  1.666670000E-01  5.169042544E-02  1.161038213E+02 
       112  1.983720000E-01 -5.728050000E-02  1.666670000E-01  5.332737699E-02  2.482348123E+02 
       113  4.451330000E-01 -5.605380000E-02  1.666670000E-01  5.112487051E-02  1.044288738E+02 
       114  1.573450000E-01 -5.417140000E-02  1.666670000E-01  5.260243373E-02  3.049439723E+02 
       115  4.862170000E-01 -5.378900000E-02  1.666670000E-01  5.060128764E-02  9.511141462E+01 
       116  5.272790000E-01 -5.113940000E-02  1.666670000E-01  5.022504697E-02  8.762862982E+01 
       117  1.202710000E-01 -4.991900000E-02  1.666670000E-01  5.062845428E-02  3.726839684E+02 
       118  5.683170000E-01 -4.815070000E-02  1.666670000E-01  5.000049975E-02  8.161647044E+01 
       119  9.306150000E-02 -4.561390000E-02  1.666670000E-01  4.787040159E-02  4.427871096E+02 
       120  6.093320000E-01 -4.485980000E-02  1.666670000E-01  4.978664799E-02  7.677786213E+01 
       121  7.291850000E-02 -4.153400000E-02  1.666670000E-01  4.424447096E-02  5.095216876E+02 
       122  6.503240000E-01 -4.129580000E-02  1.666670000E-01  4.951181121E-02  7.288118416E+01 
       123  5.784750000E-02 -3.779840000E-02  1.666670000E-01  3.897111044E-02  5.712972200E+02 
       124  6.912940000E-01 -3.748080000E-02  1.666670000E-01  4.916569035E-02  6.987005243E+01 
       125  4.622950000E-02 -3.437270000E-02  1.666670000E-01  3.226325186E-02  6.237914628E+02 
       126  7.322410000E-01 -3.343080000E-02  1.666670000E-01  4.878478018E-02  6.773488955E+01 
       127  3.773810000E-02 -3.146170000E-02  1.666670000E-01  2.496443476E-02  6.639794521E+02 
       128  7.731650000E-01 -2.915570000E-02  1.666670000E-01  4.838952142E-02  6.643834302E+01 
       129  3.116110000E-02 -2.889070000E-02  1.666670000E-01  1.698108390E-02  6.936564500E+02 
       130  2.560400000E-02 -2.643350000E-02  1.666670000E-01  7.758802058E-03  7.130589579E+02 
       131  8.140650000E-01 -2.466010000E-02  1.666670000E-01  4.794677646E-02  6.625044629E+01 
       132  2.088830000E-02 -2.407660000E-02  1.666670000E-01  4.806657471E-03  7.178596935E+02 
       133  1.718170000E-02 -2.199000000E-02  1.666670000E-01  1.190729119E-02  7.060301573E+02 
       134  1.434980000E-02 -2.021170000E-02  1.666670000E-01  2.184484097E-02  6.800535225E+02 
       135  8.549410000E-01 -1.994340000E-02  1.666670000E-01  4.736450040E-02  6.770682341E+01 
       136  1.215370000E-02 -1.868920000E-02  1.666670000E-01  3.137922183E-02  6.408470732E+02 
       137  1.039400000E-02 -1.735310000E-02  1.666670000E-01  4.052161689E-02  5.898421730E+02 
       138  8.934580000E-03 -1.614610000E-02  1.666670000E-01  4.935332995E-02  5.284641163E+02 
       139  7.691470000E-03 -1.502910000E-02  1.666670000E-01  5.799582961E-02  4.574221566E+02 
       140  8.957900000E-01 -1.500020000E-02  1.666670000E-01  4.655619671E-02  7.105107384E+01 
       141  6.611940000E-03 -1.397620000E-02  1.666670000E-01  6.652096741E-02  3.771045192E+02 
       142  5.661740000E-03 -1.296940000E-02  1.666670000E-01  7.495817676E-02  2.876120335E+02 
       143  4.817870000E-03 -1.199580000E-02  1.666670000E-01  8.332619594E-02  1.886317529E+02 
       144  4.064360000E-03 -1.104610000E-02  1.666670000E-01  9.168912862E-02  7.855513960E+01 
       145  9.299640000E-01 -1.068010000E-02  1.666670000E-01  4.556409145E-02  7.684102772E+01 
       146  3.389900000E-03 -1.011310000E-02  1.666670000E-01  1.002554883E-01 -4.620384149E+01 
       147  2.786500000E-03 -9.191220000E-03  1.666670000E-01  1.093827643E-01 -1.920481061E+02 
       148  2.248510000E-03 -8.276020000E-03  1.666670000E-01  1.192652244E-01 -3.644637664E+02 
       149  1.771900000E-03 -7.363930000E-03  1.666670000E-01  1.296990567E-01 -5.610888637E+02 
       150  1.354040000E-03 -6.452250000E-03  1.666670000E-01  1.402064664E-01 -7.728089010E+02 
       151  9.641170000E-01 -6.185660000E-03  1.666670000E-01  4.486611951E-02  8.594681876E+01 
       152  9.933350000E-04 -5.539130000E-03  1.666670000E-01  1.503149809E-01 -9.899385514E+02 
       153  6.889250000E-04 -4.623390000E-03  1.666670000E-01  1.598918489E-01 -1.209503776E+03 
       154  4.403020000E-04 -3.704510000E-03  1.666670000E-01  1.690263936E-01 -1.432125997E+03 
       155  9.885790000E-01 -2.851310000E-03  1.666670000E-01  4.491088601E-02  1.007920305E+02 
       156  2.472400000E-04 -2.782370000E-03  1.666670000E-01  1.776625093E-01 -1.654536871E+03 
       157  1.096670000E-04 -1.857220000E-03  1.666670000E-01  1.856002033E-01 -1.871665375E+03 
       158  2.735770000E-05 -9.295720000E-04  1.666670000E-01  1.926319226E-01 -2.079570211E+03 
       159  0.000000000E+00  0.000000000E+00  1.666670000E-01  1.986450538E-01 -2.276186272E+03 
       160  1.008950000E+00  0.000000000E+00  1.666670000E-01  3.028033099E-02  1.008575145E+02 
       161  2.735770000E-05  9.295720000E-04  1.666670000E-01  2.036922632E-01 -2.460641934E+03 
       162  1.096670000E-04  1.857220000E-03  1.666670000E-01  2.079285833E-01 -2.635098037E+03 
       163  2.472400000E-04  2.782370000E-03  1.666670000E-01  2.115149949E-01 -2.799278318E+03 
       164  9.885790000E-01  2.851310000E-03  1.666670000E-01  1.337222624E-02  8.269273284E+01 
       165  4.403020000E-04  3.704510000E-03  1.666670000E-01  2.145741953E-01 -2.946700520E+03 
       166  6.889250000E-04  4.623390000E-03  1.666670000E-01  2.171520117E-01 -3.076413338E+03 
       167  9.933350000E-04  5.539130000E-03  1.666670000E-01  2.192323347E-01 -3.188432496E+03 
       168  9.641170000E-01  6.185660000E-03  1.666670000E-01  1.286653902E-02  6.014873074E+01 
       169  1.354040000E-03  6.452250000E-03  1.666670000E-01  2.208450681E-01 -3.281678331E+03 
       170  1.771900000E-03  7.363930000E-03  1.666670000E-01  2.220463746E-01 -3.358634799E+03 
       171  2.248510000E-03  8.276020000E-03  1.666670000E-01  2.228641950E-01 -3.420370847E+03 
       172  2.786500000E-03  9.191220000E-03  1.666670000E-01  2.231982855E-01 -3.467428771E+03 
       173  3.389900000E-03  1.011310000E-02  1.666670000E-01  2.226409368E-01 -3.494120906E+03 
       174  9.299640000E-01  1.068010000E-02  1.666670000E-01  1.664292843E-02  3.005915964E+01 
       175  4.064360000E-03  1.104610000E-02  1.666670000E-01  2.209726922E-01 -3.493750919E+03 
       176  4.817870000E-03  1.199580000E-02  1.666670000E-01  2.184360986E-01 -3.470317561E+03 
       177  5.661740000E-03  1.296940000E-02  1.666670000E-01  2.152141325E-01 -3.429498366E+03 
       178  6.611940000E-03  1.397620000E-02  1.666670000E-01  2.113034418E-01 -3.371852248E+03 
       179  8.957900000E-01  1.500020000E-02  1.666670000E-01  2.068552398E-02 -4.222138345E+00 
       180  7.691470000E-03  1.502910000E-02  1.666670000E-01  2.065993558E-01 -3.297743665E+03 
       181  8.934580000E-03  1.614610000E-02  1.666670000E-01  2.009519570E-01 -3.204088878E+03 
       182  1.039400000E-02  1.735310000E-02  1.666670000E-01  1.946950905E-01 -3.093273505E+03 
       183  1.215370000E-02  1.868920000E-02  1.666670000E-01  1.880983564E-01 -2.987135423E+03 
       184  8.549410000E-01  1.994340000E-02  1.666670000E-01  2.424270931E-02 -4.172901771E+01 
       185  1.434980000E-02  2.021170000E-02  1.666670000E-01  1.803243269E-01 -2.873912148E+03 
       186  1.718170000E-02  2.199000000E-02  1.666670000E-01  1.708653559E-01 -2.729834256E+03 
       187  2.088830000E-02  2.407660000E-02  1.666670000E-01  1.601661034E-01 -2.566989958E+03 
       188  8.140650000E-01  2.466010000E-02  1.666670000E-01  2.744374125E-02 -7.985753585E+01 
       189  2.560400000E-02  2.643350000E-02  1.666670000E-01  1.485858981E-01 -2.395467250E+03 
       190  3.116110000E-02  2.889070000E-02  1.666670000E-01  1.365015961E-01 -2.225095153E+03 
       191  7.731650000E-01  2.915570000E-02  1.666670000E-01  3.027582341E-02 -1.172723898E+02 
       192  3.773810000E-02  3.146170000E-02  1.666670000E-01  1.242022973E-01 -2.061556284E+03 
       193  7.322410000E-01  3.343080000E-02  1.666670000E-01  3.274680940E-02 -1.543796242E+02 
       194  4.622950000E-02  3.437270000E-02  1.666670000E-01  1.117204616E-01 -1.895301481E+03 
       195  6.912940000E-01  3.748080000E-02  1.666670000E-01  3.494323004E-02 -1.916979192E+02 
       196  5.784750000E-02  3.779840000E-02  1.666670000E-01  9.940658943E-02 -1.722287588E+03 
       197  6.503240000E-01  4.129580000E-02  1.666670000E-01  3.700392502E-02 -2.296659822E+02 
       198  7.291850000E-02  4.153400000E-02  1.666670000E-01  8.811323541E-02 -1.550151374E+03 
       199  6.093320000E-01  4.485980000E-02  1.666670000E-01  3.895832775E-02 -2.688196081E+02 
       200  9.306150000E-02  4.561390000E-02  1.666670000E-01  7.880112811E-02 -1.380866265E+03 
       201  5.683170000E-01  4.815070000E-02  1.666670000E-01  4.080583196E-02 -3.097640623E+02 
       202  1.202710000E-01  4.991900000E-02  1.666670000E-01  7.214959866E-02 -1.210421144E+03 
       203  5.272790000E-01  5.113940000E-02  1.666670000E-01  4.259559934E-02 -3.530264561E+02 
       204  4.862170000E-01  5.378900000E-02  1.666670000E-01  4.441237862E-02 -3.992447627E+02 
       205  1.573450000E-01  5.417140000E-02  1.666670000E-01  6.755282860E-02 -1.045914063E+03 
       206  4.451330000E-01  5.605380000E-02  1.666670000E-01  4.647780053E-02 -4.490699386E+02 
       207  1.983720000E-01  5.728050000E-02  1.666670000E-01  6.341461333E-02 -9.068197161E+02 
       208  4.040270000E-01  5.787770000E-02  1.666670000E-01  4.879800013E-02 -5.034180794E+02 
       209  2.394770000E-01  5.911490000E-02  1.666670000E-01  5.934149014E-02 -7.976597006E+02 
       210  3.629010000E-01  5.919190000E-02  1.666670000E-01  5.117924588E-02 -5.634850836E+02 
       211  3.217610000E-01  5.991180000E-02  1.666670000E-01  5.353929003E-02 -6.310053567E+02 
       212  2.806150000E-01  5.993150000E-02  1.666670000E-01  5.606563419E-02 -7.080397489E+02 
       213  2.806150000E-01 -5.993150000E-02  3.333330000E-01  5.292547282E-02  1.738220562E+02 
       214  3.217610000E-01 -5.991180000E-02  3.333330000E-01  5.265091438E-02  1.496126758E+02 
       215  3.629010000E-01 -5.919190000E-02  3.333330000E-01  5.223035244E-02  1.308458023E+02 
       216  2.394770000E-01 -5.911490000E-02  3.333330000E-01  5.318393709E-02  2.055862858E+02 
       217  4.040270000E-01 -5.787770000E-02  3.333330000E-01  5.169042544E-02  1.161038213E+02 
       218  1.983720000E-01 -5.728050000E-02  3.333330000E-01  5.332737699E-02  2.482348122E+02 
       219  4.451330000E-01 -5.605380000E-02  3.333330000E-01  5.112487051E-02  1.044288738E+02 
       220  1.573450000E-01 -5.417140000E-02  3.333330000E-01  5.260243373E-02  3.049439722E+02 
       221  4.862170000E-01 -5.378900000E-02  3.333330000E-01  5.060128764E-02  9.511141461E+01 
       222  5.272790000E-01 -5.113940000E-02  3.333330000E-01  5.022504697E-02  8.762862981E+01 
       223  1.202710000E-01 -4.991900000E-02  3.333330000E-01  5.062845428E-02  3.726839684E+02 
       224  5.683170000E-01 -4.815070000E-02  3.333330000E-01  5.000049975E-02  8.161647044E+01 
       225  9.306150000E-02 -4.561390000E-02  3.333330000E-01  4.787040159E-02  4.427871096E+02 
       226  6.093320000E-01 -4.485980000E-02  3.333330000E-01  4.978664799E-02  7.677786213E+01 
       227  7.291850000E-02 -4.153400000E-02  3.333330000E-01  4.424447096E-02  5.095216876E+02 
       228  6.503240000E-01 -4.129580000E-02  3.333330000E-01  4.951181121E-02  7.288118415E+01 
       229  5.784750000E-02 -3.779840000E-02  3.333330000E-01  3.897111044E-02  5.712972200E+02 
       230  6.912940000E-01 -3.748080000E-02  3.333330000E-01  4.916569035E-02  6.987005243E+01 
       231  4.622950000E-02 -3.437270000E-02  3.333330000E-01  3.226325186E-02  6.237914628E+02 
       232  7.322410000E-01 -3.343080000E-02  3.333330000E-01  4.878478018E-02  6.773488955E+01 
       233  3.773810000E-02 -3.146170000E-02  3.333330000E-01  2.496443476E-02  6.639794522E+02 
       234  7.731650000E-01 -2.915570000E-02  3.333330000E-01  4.838952142E-02  6.643834302E+01 
       235  3.116110000E-02 -2.889070000E-02  3.333330000E-01  1.698108389E-02  6.936564500E+02 
       236  2.560400000E-02 -2.643350000E-02  3.333330000E-01  7.758802049E-03  7.130589579E+02 
       237  8.140650000E-01 -2.466010000E-02  3.333330000E-01  4.794677646E-02  6.625044631E+01 
       238  2.088830000E-02 -2.407660000E-02  3.333330000E-01  4.806657471E-03  7.178596935E+02 
       239  1.718170000E-02 -2.199000000E-02  3.333330000E-01  1.190729119E-02  7.060301574E+02 
       240  1.434980000E-02 -2.021170000E-02  3.333330000E-01  2.184484096E-02  6.800535226E+02 
       241  8.549410000E-01 -1.994340000E-02  3.333330000E-01  4.736450040E-02  6.770682343E+01 
       242  1.215370000E-02 -1.868920000E-02  3.333330000E-01  3.137922183E-02  6.408470732E+02 
       243  1.039400000E-02 -1.735310000E-02  3.333330000E-01  4.052161689E-02  5.898421731E+02 
       244  8.934580000E-03 -1.614610000E-02  3.333330000E-01  4.935332997E-02  5.284641163E+02 
       245  7.691470000E-03 -1.502910000E-02  3.333330000E-01  5.799582963E-02  4.574221567E+02 
       246  8.957900000E-01 -1.500020000E-02  3.333330000E-01  4.655619671E-02  7.105107386E+01 
       247  6.611940000E-03 -1.397620000E-02  3.333330000E-01  6.652096742E-02  3.771045192E+02 
       248  5.661740000E-03 -1.296940000E-02  3.333330000E-01  7.495817677E-02  2.876120336E+02 
       249  4.817870000E-03 -1.199580000E-02  3.333330000E-01  8.332619595E-02  1.886317529E+02 
       250  4.064360000E-03 -1.104610000E-02  3.333330000E-01  9.168912864E-02  7.855513959E+01 
       251  9.299640000E-01 -1.068010000E-02  3.333330000E-01  4.556409145E-02  7.684102772E+01 
       252  3.389900000E-03 -1.011310000E-02  3.333330000E-01  1.002554884E-01 -4.620384153E+01 
       253  2.786500000E-03 -9.191220000E-03  3.333330000E-01  1.093827643E-01 -1.920481061E+02 
       254  2.248510000E-03 -8.276020000E-03  3.333330000E-01  1.192652244E-01 -3.644637665E+02 
       255  1.771900000E-03 -7.363930000E-03  3.333330000E-01  1.296990567E-01 -5.610888638E+02 
       256  1.354040000E-03 -6.452250000E-03  3.333330000E-01  1.402064664E-01 -7.728089012E+02 
       257  9.641170000E-01 -6.185660000E-03  3.333330000E-01  4.486611951E-02  8.594681876E+01 
       258  9.933350000E-04 -5.539130000E-03  3.333330000E-01  1.503149810E-01 -9.899385516E+02 
       259  6.889250000E-04 -4.623390000E-03  3.333330000E-01  1.598918489E-01 -1.209503776E+03 
       260  4.403020000E-04 -3.704510000E-03  3.333330000E-01  1.690263936E-01 -1.432125997E+03 
       261  9.885790000E-01 -2.851310000E-03  3.333330000E-01  4.491088601E-02  1.007920305E+02 
       262  2.472400000E-04 -2.782370000E-03  3.333330000E-01  1.776625093E-01 -1.654536872E+03 
       263  1.096670000E-04 -1.857220000E-03  3.333330000E-01  1.856002033E-01 -1.871665375E+03 
       264  2.735770000E-05 -9.295720000E-04  3.333330000E-01  1.926319226E-01 -2.079570211E+03 
       265  0.000000000E+00  0.000000000E+00  3.333330000E-01  1.986450538E-01 -2.276186272E+03 
       266  1.008950000E+00  0.000000000E+00  3.333330000E-01  3.028033099E-02  1.008575145E+02 
       267  2.735770000E-05  9.295720000E-04  3.333330000E-01  2.036922632E-01 -2.460641934E+03 
       268  1.096670000E-04  1.857220000E-03  3.333330000E-01  2.079285833E-01 -2.635098037E+03 
       269  2.472400000E-04  2.782370000E-03  3.333330000E-01  2.115149949E-01 -2.799278318E+03 
       270  9.885790000E-01  2.851310000E-03  3.333330000E-01  1.337222624E-02  8.269273282E+01 
       271  4.403020000E-04  3.704510000E-03  3.333330000E-01  2.145741954E-01 -2.946700521E+03 
       272  6.889250000E-04  4.623390000E-03  3.333330000E-01  2.171520117E-01 -3.076413338E+03 
       273  9.933350000E-04  5.539130000E-03  3.333330000E-01  2.192323348E-01 -3.188432496E+03 
       274  9.641170000E-01  6.185660000E-03  3.333330000E-01  1.286653903E-02  6.014873070E+01 
       275  1.354040000E-03  6.452250000E-03  3.333330000E-01  2.208450681E-01 -3.281678331E+03 
       276  1.771900000E-03  7.363930000E-03  3.333330000E-01  2.220463746E-01 -3.358634800E+03 
       277  2.248510000E-03  8.276020000E-03  3.333330000E-01  2.228641950E-01 -3.420370848E+03 
       278  2.786500000E-03  9.191220000E-03  3.333330000E-01  2.231982855E-01 -3.467428772E+03 
       279  3.389900000E-03  1.011310000E-02  3.333330000E-01  2.226409368E-01 -3.494120906E+03 
       280  9.299640000E-01  1.068010000E-02  3.333330000E-01  1.664292844E-02  3.005915958E+01 
       281  4.064360000E-03  1.104610000E-02  3.333330000E-01  2.209726922E-01 -3.493750919E+03 
       282  4.817870000E-03  1.199580000E-02  3.333330000E-01  2.184360986E-01 -3.470317561E+03 
       283  5.661740000E-03  1.296940000E-02  3.333330000E-01  2.152141325E-01 -3.429498366E+03 
       284  6.611940000E-03  1.397620000E-02  3.333330000E-01  2.113034419E-01 -3.371852248E+03 
       285  8.957900000E-01  1.500020000E-02  3.333330000E-01  2.068552398E-02 -4.222138411E+00 
       286  7.691470000E-03  1.502910000E-02  3.333330000E-01  2.065993558E-01 -3.297743665E+03 
       287  8.934580000E-03  1.614610000E-02  3.333330000E-01  2.009519570E-01 -3.204088878E+03 
       288  1.039400000E-02  1.735310000E-02  3.333330000E-01  1.946950905E-01 -3.093273505E+03 
       289  1.215370000E-02  1.868920000E-02  3.333330000E-01  1.880983564E-01 -2.987135423E+03 
       290  8.549410000E-01  1.994340000E-02  3.333330000E-01  2.424270930E-02 -4.172901775E+01 
       291  1.434980000E-02  2.021170000E-02  3.333330000E-01  1.803243269E-01 -2.873912148E+03 
       292  1.718170000E-02  2.199000000E-02  3.333330000E-01  1.708653559E-01 -2.729834256E+03 
       293  2.088830000E-02  2.407660000E-02  3.333330000E-01  1.601661034E-01 -2.566989958E+03 
       294  8.140650000E-01  2.466010000E-02  3.333330000E-01  2.744374123E-02 -7.985753585E+01 
       295  2.560400000E-02  2.643350000E-02  3.333330000E-01  1.485858981E-01 -2.395467249E+03 
       296  3.116110000E-02  2.889070000E-02  3.333330000E-01  1.365015961E-01 -2.225095152E+03 
       297  7.731650000E-01  2.915570000E-02  3.333330000E-01  3.027582340E-02 -1.172723897E+02 
       298  3.773810000E-02  3.146170000E-02  3.333330000E-01  1.242022973E-01 -2.061556284E+03 
       299  7.322410000E-01  3.343080000E-02  3.333330000E-01  3.274680939E-02 -1.543796242E+02 
       300  4.622950000E-02  3.437270000E-02  3.333330000E-01  1.117204616E-01 -1.895301481E+03 
       301  6.912940000E-01  3.748080000E-02  3.333330000E-01  3.494323002E-02 -1.916979191E+02 
       302  5.784750000E-02  3.779840000E-02  3.333330000E-01  9.940658941E-02 -1.722287588E+03 
       303  6.503240000E-01  4.129580000E-02  3.333330000E-01  3.700392501E-02 -2.296659821E+02 
       304  7.291850000E-02  4.153400000E-02  3.333330000E-01  8.811323538E-02 -1.550151374E+03 
       305  6.093320000E-01  4.485980000E-02  3.333330000E-01  3.895832775E-02 -2.688196081E+02 
       306  9.306150000E-02  4.561390000E-02  3.333330000E-01  7.880112809E-02 -1.380866265E+03 
       307  5.683170000E-01  4.815070000E-02  3.333330000E-01  4.080583195E-02 -3.097640623E+02 
       308  1.202710000E-01  4.991900000E-02  3.333330000E-01  7.214959864E-02 -1.210421144E+03 
       309  5.272790000E-01  5.113940000E-02  3.333330000E-01  4.259559934E-02 -3.530264561E+02 
       310  4.862170000E-01  5.378900000E-02  3.333330000E-01  4.441237861E-02 -3.992447626E+02 
       311  1.573450000E-01  5.417140000E-02  3.333330000E-01  6.755282858E-02 -1.045914063E+03 
       312  4.451330000E-01  5.605380000E-02  3.333330000E-01  4.647780053E-02 -4.490699385E+02 
       313  1.983720000E-01  5.728050000E-02  3.333330000E-01  6.341461332E-02 -9.068197161E+02 
       314  4.040270000E-01  5.787770000E-02  3.333330000E-01  4.879800012E-02 -5.034180793E+02 
       315  2.394770000E-01  5.911490000E-02  3.333330000E-01  5.934149013E-02 -7.976597006E+02 
       316  3.629010000E-01  5.919190000E-02  3.333330000E-01  5.117924588E-02 -5.634850835E+02 
       317  3.217610000E-01  5.991180000E-02  3.333330000E-01  5.353929003E-02 -6.310053566E+02 
       318  2.806150000E-01  5.993150000E-02  3.333330000E-01  5.606563418E-02 -7.080397488E+02 
       319  2.806150000E-01 -5.993150000E-02  5.000000000E-01  5.292547353E-02  1.738220561E+02 
       320  3.217610000E-01 -5.991180000E-02  5.000000000E-01  5.265091472E-02  1.496126741E+02 
       321  3.629010000E-01 -5.919190000E-02  5.000000000E-01  5.223035252E-02  1.308457998E+02 
       322  2.394770000E-01 -5.911490000E-02  5.000000000E-01  5.318393745E-02  2.055862926E+02 
       323  4.040270000E-01 -5.787770000E-02  5.000000000E-01  5.169042544E-02  1.161038206E+02 
       324  1.983720000E-01 -5.728050000E-02  5.000000000E-01  5.332737401E-02  2.482348226E+02 
       325  4.451330000E-01 -5.605380000E-02  5.000000000E-01  5.112487051E-02  1.044288750E+02 
       326  1.573450000E-01 -5.417140000E-02  5.000000000E-01  5.260242644E-02  3.049439611E+02 
       327  4.862170000E-01 -5.378900000E-02  5.000000000E-01  5.060128758E-02  9.511141555E+01 
       328  5.272790000E-01 -5.113940000E-02  5.000000000E-01  5.022504691E-02  8.762863080E+01 
       329  1.202710000E-01 -4.991900000E-02  5.000000000E-01  5.062845221E-02  3.726839567E+02 
       330  5.683170000E-01 -4.815070000E-02  5.000000000E-01  5.000049969E-02  8.161647023E+01 
       331  9.306150000E-02 -4.561390000E-02  5.000000000E-01  4.787041749E-02  4.427871166E+02 
       332  6.093320000E-01 -4.485980000E-02  5.000000000E-01  4.978664799E-02  7.677786192E+01 
       333  7.291850000E-02 -4.153400000E-02  5.000000000E-01  4.424450618E-02  5.095217064E+02 
       334  6.503240000E-01 -4.129580000E-02  5.000000000E-01  4.951181120E-02  7.288118362E+01 
       335  5.784750000E-02 -3.779840000E-02  5.000000000E-01  3.897115230E-02  5.712972647E+02 
       336  6.912940000E-01 -3.748080000E-02  5.000000000E-01  4.916569024E-02  6.987005151E+01 
       337  4.622950000E-02 -3.437270000E-02  5.000000000E-01  3.226329006E-02  6.237915043E+02 
       338  7.322410000E-01 -3.343080000E-02  5.000000000E-01  4.878478015E-02  6.773488935E+01 
       339  3.773810000E-02 -3.146170000E-02  5.000000000E-01  2.496449000E-02  6.639794244E+02 
       340  7.731650000E-01 -2.915570000E-02  5.000000000E-01  4.838952151E-02  6.643834333E+01 
       341  3.116110000E-02 -2.889070000E-02  5.000000000E-01  1.698130034E-02  6.936561229E+02 
       342  2.560400000E-02 -2.643350000E-02  5.000000000E-01  7.759408274E-03  7.130587121E+02 
       343  8.140650000E-01 -2.466010000E-02  5.000000000E-01  4.794677647E-02  6.625044666E+01 
       344  2.088830000E-02 -2.407660000E-02  5.000000000E-01  4.805880573E-03  7.178589226E+02 
       345  1.718170000E-02 -2.199000000E-02  5.000000000E-01  1.190502433E-02  7.060340145E+02 
       346  1.434980000E-02 -2.021170000E-02  5.000000000E-01  2.184397888E-02  6.800653669E+02 
       347  8.549410000E-01 -1.994340000E-02  5.000000000E-01  4.736450002E-02  6.770682580E+01 
       348  1.215370000E-02 -1.868920000E-02  5.000000000E-01  3.138042432E-02  6.408615233E+02 
       349  1.039400000E-02 -1.735310000E-02  5.000000000E-01  4.052398344E-02  5.898536948E+02 
       350  8.934580000E-03 -1.614610000E-02  5.000000000E-01  4.935593336E-02  5.284711505E+02 
       351  7.691470000E-03 -1.502910000E-02  5.000000000E-01  5.799800213E-02  4.574265663E+02 
       352  8.957900000E-01 -1.500020000E-02  5.000000000E-01  4.655619663E-02  7.105107666E+01 
       353  6.611940000E-03 -1.397620000E-02  5.000000000E-01  6.652249446E-02  3.771066792E+02 
       354  5.661740000E-03 -1.296940000E-02  5.000000000E-01  7.495903608E-02  2.876117112E+02 
       355  4.817870000E-03 -1.199580000E-02  5.000000000E-01  8.332643273E-02  1.886284484E+02 
       356  4.064360000E-03 -1.104610000E-02  5.000000000E-01  9.168881967E-02  7.854790442E+01 
       357  9.299640000E-01 -1.068010000E-02  5.000000000E-01  4.556409167E-02  7.684103042E+01 
       358  3.389900000E-03 -1.011310000E-02  5.000000000E-01  1.002547874E-01 -4.621527366E+01 
       359  2.786500000E-03 -9.191220000E-03  5.000000000E-01  1.093816863E-01 -1.920643876E+02 
       360  2.248510000E-03 -8.276020000E-03  5.000000000E-01  1.192634639E-01 -3.644798555E+02 
       361  1.771900000E-03 -7.363930000E-03  5.000000000E-01  1.296964991E-01 -5.611000775E+02 
       362  1.354040000E-03 -6.452250000E-03  5.000000000E-01  1.402032440E-01 -7.728160783E+02 
       363  9.641170000E-01 -6.185660000E-03  5.000000000E-01  4.486611940E-02  8.594682592E+01 
       364  9.933350000E-04 -5.539130000E-03  5.000000000E-01  1.503112387E-01 -9.899422534E+02 
       365  6.889250000E-04 -4.623390000E-03  5.000000000E-01  1.598878140E-01 -1.209506491E+03 
       366  4.403020000E-04 -3.704510000E-03  5.000000000E-01  1.690222462E-01 -1.432129028E+03 
       367  9.885790000E-01 -2.851310000E-03  5.000000000E-01  4.491088548E-02  1.007920238E+02 
       368  2.472400000E-04 -2.782370000E-03  5.000000000E-01  1.776583775E-01 -1.654540446E+03 
       369  1.096670000E-04 -1.857220000E-03  5.000000000E-01  1.855962350E-01 -1.871669945E+03 
       370  2.735770000E-05 -9.295720000E-04  5.000000000E-01  1.926282756E-01 -2.079576061E+03 
       371  0.000000000E+00  0.000000000E+00  5.000000000E-01  1.986418566E-01 -2.276193226E+03 
       372  1.008950000E+00  0.000000000E+00  5.000000000E-01  3.767204878E-02  1.099320783E+02 
       373  2.735770000E-05  9.295720000E-04  5.000000000E-01  2.036895384E-01 -2.460649821E+03 
       374  1.096670000E-04  1.857220000E-03  5.000000000E-01  2.079263108E-01 -2.635103973E+03 
       375  2.472400000E-04  2.782370000E-03  5.000000000E-01  2.115130888E-01 -2.799283833E+03 
       376  9.885790000E-01  2.851310000E-03  5.000000000E-01  1.337222191E-02  8.269271833E+01 
       377  4.403020000E-04  3.704510000E-03  5.000000000E-01  2.145726581E-01 -2.946704535E+03 
       378  6.889250000E-04  4.623390000E-03  5.000000000E-01  2.171510768E-01 -3.076418289E+03 
       379  9.933350000E-04  5.539130000E-03  5.000000000E-01  2.192319289E-01 -3.188440466E+03 
       380  9.641170000E-01  6.185660000E-03  5.000000000E-01  1.286653823E-02  6.014872648E+01 
       381  1.354040000E-03  6.452250000E-03  5.000000000E-01  2.208449471E-01 -3.281683825E+03 
       382  1.771900000E-03  7.363930000E-03  5.000000000E-01  2.220464683E-01 -3.358637504E+03 
       383  2.248510000E-03  8.276020000E-03  5.000000000E-01  2.228644449E-01 -3.420370274E+03 
       384  2.786500000E-03  9.191220000E-03  5.000000000E-01  2.231987368E-01 -3.467425341E+03 
       385  3.389900000E-03  1.011310000E-02  5.000000000E-01  2.226417513E-01 -3.494118103E+03 
       386  9.299640000E-01  1.068010000E-02  5.000000000E-01  1.664292899E-02  3.005914173E+01 
       387  4.064360000E-03  1.104610000E-02  5.000000000E-01  2.209738798E-01 -3.493750002E+03 
       388  4.817870000E-03  1.199580000E-02  5.000000000E-01  2.184375697E-01 -3.470316956E+03 
       389  5.661740000E-03  1.296940000E-02  5.000000000E-01  2.152158921E-01 -3.429498603E+03 
       390  6.611940000E-03  1.397620000E-02  5.000000000E-01  2.113055104E-01 -3.371854737E+03 
       391  8.957900000E-01  1.500020000E-02  5.000000000E-01  2.068552326E-02 -4.222150073E+00 
       392  7.691470000E-03  1.502910000E-02  5.000000000E-01  2.066016994E-01 -3.297749240E+03 
       393  8.934580000E-03  1.614610000E-02  5.000000000E-01  2.009542647E-01 -3.204097410E+03 
       394  1.039400000E-02  1.735310000E-02  5.000000000E-01  1.946970723E-01 -3.093269148E+03 
       395  1.215370000E-02  1.868920000E-02  5.000000000E-01  1.881004000E-01 -2.987122561E+03 
       396  8.549410000E-01  1.994340000E-02  5.000000000E-01  2.424270702E-02 -4.172901540E+01 
       397  1.434980000E-02  2.021170000E-02  5.000000000E-01  1.803265787E-01 -2.873910538E+03 
       398  1.718170000E-02  2.199000000E-02  5.000000000E-01  1.708672403E-01 -2.729834301E+03 
       399  2.088830000E-02  2.407660000E-02  5.000000000E-01  1.601672828E-01 -2.566989442E+03 
       400  8.140650000E-01  2.466010000E-02  5.000000000E-01  2.744374083E-02 -7.985756012E+01 
       401  2.560400000E-02  2.643350000E-02  5.000000000E-01  1.485863011E-01 -2.395468804E+03 
       402  3.116110000E-02  2.889070000E-02  5.000000000E-01  1.365013590E-01 -2.225095818E+03 
       403  7.731650000E-01  2.915570000E-02  5.000000000E-01  3.027582309E-02 -1.172724218E+02 
       404  3.773810000E-02  3.146170000E-02  5.000000000E-01  1.242018066E-01 -2.061557190E+03 
       405  7.322410000E-01  3.343080000E-02  5.000000000E-01  3.274680747E-02 -1.543796447E+02 
       406  4.622950000E-02  3.437270000E-02  5.000000000E-01  1.117200557E-01 -1.895302302E+03 
       407  6.912940000E-01  3.748080000E-02  5.000000000E-01  3.494322646E-02 -1.916979309E+02 
       408  5.784750000E-02  3.779840000E-02  5.000000000E-01  9.940640630E-02 -1.722287809E+03 
       409  6.503240000E-01  4.129580000E-02  5.000000000E-01  3.700392093E-02 -2.296659983E+02 
       410  7.291850000E-02  4.153400000E-02  5.000000000E-01  8.811320213E-02 -1.550151041E+03 
       411  6.093320000E-01  4.485980000E-02  5.000000000E-01  3.895832389E-02 -2.688196181E+02 
       412  9.306150000E-02  4.561390000E-02  5.000000000E-01  7.880113813E-02 -1.380865687E+03 
       413  5.683170000E-01  4.815070000E-02  5.000000000E-01  4.080583002E-02 -3.097640548E+02 
       414  1.202710000E-01  4.991900000E-02  5.000000000E-01  7.214960481E-02 -1.210420690E+03 
       415  5.272790000E-01  5.113940000E-02  5.000000000E-01  4.259560131E-02 -3.530264289E+02 
       416  4.862170000E-01  5.378900000E-02  5.000000000E-01  4.441238458E-02 -3.992447009E+02 
       417  1.573450000E-01  5.417140000E-02  5.000000000E-01  6.755280633E-02 -1.045914004E+03 
       418  4.451330000E-01  5.605380000E-02  5.000000000E-01  4.647781091E-02 -4.490698486E+02 
       419  1.983720000E-01  5.728050000E-02  5.000000000E-01  6.341456656E-02 -9.068199956E+02 
       420  4.040270000E-01  5.787770000E-02  5.000000000E-01  4.879801456E-02 -5.034179704E+02 
       421  2.394770000E-01  5.911490000E-02  5.000000000E-01  5.934144853E-02 -7.976600048E+02 
       422  3.629010000E-01  5.919190000E-02  5.000000000E-01  5.117926202E-02 -5.634849962E+02 
       423  3.217610000E-01  5.991180000E-02  5.000000000E-01  5.353929821E-02 -6.310053604E+02 
       424  2.806150000E-01  5.993150000E-02  5.000000000E-01  5.606561903E-02 -7.080399033E+02 
