(title "Pressure Coefficient vs. X-Coordinate")
(labels "X-Coordinate" "Pressure Coefficient")

((xy/key/label "wing")
0.988579	-273.661
0.964117	-262.741
0.964117	-297.516
0.988579	-310.7
0.933785	-280.773
0.933785	-303.099
0.903435	-292.23
0.903435	-305.252
0.862592	-304.899
0.862592	-313.316
0.821721	-318.275
0.821721	-321.757
0.780825	-323.634
0.780825	-325.476
0.739905	-315.457
0.739905	-325.585
0.698963	-307.29
0.698963	-327.33
0.657997	-310.019
0.657997	-327.481
0.617009	-312.653
0.617009	-319.104
0.575999	-302.156
0.575999	-306.459
0.534965	-291.536
0.534965	-305.064
0.493908	-314.05
0.493908	-340.353
0.452828	-406.815
0.452828	-447.804
0.411726	-596.509
0.411726	-644.853
0.370603	-862.078
0.370603	-903.45
0.329465	-1163.16
0.329465	-1192.57
0.288319	-1492.42
0.288319	-1512.99
0.247178	-1868.65
0.247178	-1883.45
0.206065	-2327.82
0.206065	-2338.91
0.165018	-2934
0.165018	-2942.53
0.124114	-3837.9
0.124114	-3844.75
0.0835147	-5195.54
0.0835147	-5201.43
0.0548877	-6917.15
0.0548877	-6922.74
0.0377747	-8856.61
0.0377747	-8862.4
0.0263445	-11035.9
0.0263445	-11042.2
0.018219	-13385
0.018219	-13391.9
0.0131826	-15640.3
0.0131826	-15647.9
0.00985059	-17700.1
0.00985059	-17708.4
0.00741153	-19616.5
0.00741153	-19625.4
0.00551096	-21416.1
0.00551096	-21425.6
0.00398354	-23078.7
0.00398354	-23088.7
0.00274527	-24525.4
0.00274527	-24535.9
0.00175285	-25647.1
0.00175285	-25657.9
0.000986019	-26288
0.000986019	-26298.8
0.0004384	-26294.4
0.0004384	-26305
0.000109511	-25614.1
0.000109511	-25624.2
0	-24314.7
0	-24324
0.000109511	-22519.4
0.000109511	-22527.8
0.0004384	-20333.9
0.0004384	-20341.4
0.000986019	-17900.2
0.000986019	-17906.7
0.00175285	-15402.2
0.00175285	-15407.7
0.00274527	-12976.5
0.00274527	-12981.1
0.00398354	-10692.9
0.00398354	-10696.7
0.00551096	-8588.59
0.00551096	-8591.66
0.00741153	-6677.75
0.00741153	-6680.18
0.00985059	-4935.37
0.00985059	-4937.24
0.0131826	-3322.75
0.0131826	-3324.11
0.018219	-1846.13
0.018219	-1847.04
0.0263445	-625.069
0.0263445	-625.613
0.0377747	248.019
0.0377747	247.732
0.0548877	797.478
0.0548877	797.351
0.0835147	1083.58
0.0835147	1083.55
0.124114	1166.4
0.124114	1166.41
0.165018	1131.46
0.165018	1131.49
0.206065	1062.96
0.206065	1063
0.247178	988.542
0.247178	988.593
0.288319	914.721
0.288319	914.792
0.329465	844.997
0.329465	845.097
0.370603	779.663
0.370603	779.798
0.411726	718.452
0.411726	718.628
0.452828	660.798
0.452828	661.016
0.493908	606.087
0.493908	606.342
0.534965	553.73
0.534965	553.999
0.575999	503.235
0.575999	503.465
0.617009	454.241
0.617009	454.317
0.657997	406.542
0.657997	406.237
0.698963	360.019
0.698963	358.932
0.739905	314.397
0.739905	311.935
0.780825	268.751
0.780825	264.3
0.821721	220.82
0.821721	214.283
0.862592	166.788
0.862592	159.592
0.903435	105.505
0.903435	101.112
0.933785	38.5168
0.933785	41.2239
0.964117	-38.8451
0.964117	-26.7498
0.988579	-124.968
0.988579	-107.803
0.988579	-291.925
0.964117	-252.296
0.933785	-251.626
0.903435	-249.583
0.862592	-256.138
0.821721	-278.494
0.780825	-304.075
0.739905	-310.876
0.698963	-293.209
0.657997	-273.909
0.617009	-277.456
0.575999	-283.705
0.534965	-272.415
0.493908	-273.012
0.452828	-338.836
0.411726	-515.107
0.370603	-790.238
0.329465	-1111.15
0.288319	-1455.86
0.247178	-1842.29
0.206065	-2307.99
0.165018	-2918.54
0.124114	-3825.33
0.0835147	-5184.61
0.0548877	-6906.67
0.0377747	-8845.67
0.0263445	-11024
0.018219	-13371.7
0.0131826	-15625.7
0.00985059	-17684.2
0.00741153	-19599.3
0.00551096	-21397.8
0.00398354	-23059.4
0.00274527	-24505.2
0.00175285	-25626.3
0.000986019	-26267
0.0004384	-26273.8
0.000109511	-25594.5
0	-24296.5
0.000109511	-22502.9
0.0004384	-20319.3
0.000986019	-17887.6
0.00175285	-15391.5
0.00274527	-12967.5
0.00398354	-10685.5
0.00551096	-8582.64
0.00741153	-6673.03
0.00985059	-4931.75
0.0131826	-3320.11
0.018219	-1844.36
0.0263445	-624.013
0.0377747	248.575
0.0548877	797.725
0.0835147	1083.65
0.124114	1166.38
0.165018	1131.41
0.206065	1062.89
0.247178	988.444
0.288319	914.584
0.329465	844.808
0.370603	779.408
0.411726	718.121
0.452828	660.39
0.493908	605.617
0.534965	553.237
0.575999	502.811
0.617009	454.086
0.657997	407.069
0.698963	362.023
0.739905	319.235
0.780825	278.328
0.821721	236.941
0.862592	189.19
0.903435	129.164
0.933785	52.1495
0.964117	-51.3463
0.988579	-169.352
0.988579	-347.228
0.964117	-276.625
0.933785	-244.807
0.903435	-219.958
0.862592	-215.795
0.821721	-242.194
0.780825	-286.357
0.739905	-316.422
0.698963	-299.169
0.657997	-255.262
0.617009	-248.709
0.575999	-269.557
0.534965	-266.82
0.493908	-258.277
0.452828	-311.845
0.411726	-482.05
0.370603	-759.769
0.329465	-1088.56
0.288319	-1439.87
0.247178	-1830.72
0.206065	-2299.23
0.165018	-2911.61
0.124114	-3819.61
0.0835147	-5179.56
0.0548877	-6901.78
0.0377747	-8840.52
0.0263445	-11018.3
0.018219	-13365.4
0.0131826	-15618.7
0.00985059	-17676.6
0.00741153	-19591.1
0.00551096	-21389
0.00398354	-23050.1
0.00274527	-24495.4
0.00175285	-25616.2
0.000986019	-26256.9
0.0004384	-26263.9
0.000109511	-25585.1
0	-24287.8
0.000109511	-22495
0.0004384	-20312.3
0.000986019	-17881.6
0.00175285	-15386.4
0.00274527	-12963.2
0.00398354	-10682
0.00551096	-8579.76
0.00741153	-6670.75
0.00985059	-4929.99
0.0131826	-3318.83
0.018219	-1843.51
0.0263445	-623.502
0.0377747	248.846
0.0548877	797.845
0.0835147	1083.68
0.124114	1166.37
0.165018	1131.39
0.206065	1062.86
0.247178	988.397
0.288319	914.519
0.329465	844.719
0.370603	779.288
0.411726	717.967
0.452828	660.201
0.493908	605.401
0.534965	553.011
0.575999	502.615
0.617009	454.006
0.657997	407.292
0.698963	362.941
0.739905	321.61
0.780825	283.452
0.821721	246.525
0.862592	204.396
0.903435	148.43
0.933785	68.4894
0.964117	-51.7522
0.988579	-196.571
)
