nodenumber     x-coordinate     y-coordinate     z-coordinate      mach-number         pressure 
         1  2.883190000E-01 -5.998690000E-02  0.000000000E+00  1.016797151E-02 -1.337391591E+03 
         2  3.294650000E-01 -5.982680000E-02  0.000000000E+00  8.850840221E-03 -1.330601794E+03 
         3  2.471780000E-01 -5.933890000E-02  0.000000000E+00  1.183316674E-02 -1.346044304E+03 
         4  3.706030000E-01 -5.898830000E-02  0.000000000E+00  7.833180020E-03 -1.325179537E+03 
         5  2.060650000E-01 -5.771190000E-02  0.000000000E+00  1.382648326E-02 -1.356734650E+03 
         6  4.117260000E-01 -5.757270000E-02  0.000000000E+00  7.013538637E-03 -1.320736667E+03 
         7  4.528280000E-01 -5.566140000E-02  0.000000000E+00  6.338999736E-03 -1.316983332E+03 
         8  1.650180000E-01 -5.486620000E-02  0.000000000E+00  1.646881318E-02 -1.369244608E+03 
         9  4.939080000E-01 -5.332060000E-02  0.000000000E+00  5.867794062E-03 -1.313669126E+03 
        10  5.349650000E-01 -5.060440000E-02  0.000000000E+00  5.835079674E-03 -1.310556467E+03 
        11  1.241140000E-01 -5.043730000E-02  0.000000000E+00  1.964718235E-02 -1.384032063E+03 
        12  5.759990000E-01 -4.755650000E-02  0.000000000E+00  6.409383019E-03 -1.307320069E+03 
        13  6.170090000E-01 -4.421250000E-02  0.000000000E+00  7.183198214E-03 -1.303452935E+03 
        14  8.351470000E-02 -4.379180000E-02  0.000000000E+00  2.122864385E-02 -1.397248880E+03 
        15  6.579970000E-01 -4.059990000E-02  0.000000000E+00  7.673944353E-03 -1.298617291E+03 
        16  5.488770000E-02 -3.697740000E-02  0.000000000E+00  2.044457978E-02 -1.398862043E+03 
        17  6.989630000E-01 -3.673990000E-02  0.000000000E+00  7.900815531E-03 -1.292997864E+03 
        18  7.399050000E-01 -3.264710000E-02  0.000000000E+00  7.873411202E-03 -1.286772291E+03 
        19  3.777470000E-02 -3.147510000E-02  0.000000000E+00  1.801925500E-02 -1.399002681E+03 
        20  7.808250000E-01 -2.833060000E-02  0.000000000E+00  7.533275288E-03 -1.279682326E+03 
        21  2.634450000E-02 -2.677890000E-02  0.000000000E+00  1.297671375E-02 -1.427514055E+03 
        22  8.159680000E-01 -2.444550000E-02  0.000000000E+00  7.033327708E-03 -1.272102421E+03 
        23  1.821900000E-02 -2.259850000E-02  0.000000000E+00  3.585647298E-02 -1.576175590E+03 
        24  8.510930000E-01 -2.039720000E-02  0.000000000E+00  6.540805857E-03 -1.263200627E+03 
        25  1.318260000E-02 -1.942040000E-02  0.000000000E+00  8.657860311E-02 -1.935662388E+03 
        26  8.782860000E-01 -1.714700000E-02  0.000000000E+00  6.452480529E-03 -1.254090558E+03 
        27  9.850590000E-03 -1.691540000E-02  0.000000000E+00  1.310945033E-01 -2.468054385E+03 
        28  7.411530000E-03 -1.476420000E-02  0.000000000E+00  1.670283582E-01 -3.090774622E+03 
        29  9.009380000E-01 -1.436040000E-02  0.000000000E+00  7.441493925E-03 -1.244212243E+03 
        30  5.510960000E-03 -1.280140000E-02  0.000000000E+00  1.987450737E-01 -3.778324934E+03 
        31  9.198070000E-01 -1.198220000E-02  0.000000000E+00  1.042942470E-02 -1.233839040E+03 
        32  3.983540000E-03 -1.093890000E-02  0.000000000E+00  2.274441967E-01 -4.421199136E+03 
        33  9.355260000E-01 -9.960600000E-03  0.000000000E+00  1.510395369E-02 -1.225332615E+03 
        34  2.745270000E-03 -9.124550000E-03  0.000000000E+00  2.496686270E-01 -4.953137852E+03 
        35  9.486220000E-01 -8.247430000E-03  0.000000000E+00  1.883918999E-02 -1.220131502E+03 
        36  1.752850000E-03 -7.324960000E-03  0.000000000E+00  2.659470150E-01 -5.416546290E+03 
        37  9.595320000E-01 -6.799650000E-03  0.000000000E+00  2.045318502E-02 -1.216502518E+03 
        38  9.686220000E-01 -5.578890000E-03  0.000000000E+00  2.116951471E-02 -1.212732600E+03 
        39  9.860190000E-04 -5.518970000E-03  0.000000000E+00  2.790418336E-01 -5.796352496E+03 
        40  9.761960000E-01 -4.551510000E-03  0.000000000E+00  2.144936136E-02 -1.208116213E+03 
        41  4.384000000E-04 -3.696570000E-03  0.000000000E+00  2.884740805E-01 -6.047357945E+03 
        42  9.825070000E-01 -3.688230000E-03  0.000000000E+00  2.096068866E-02 -1.203111612E+03 
        43  9.877650000E-01 -2.963870000E-03  0.000000000E+00  1.938730726E-02 -1.198553597E+03 
        44  9.921460000E-01 -2.356690000E-03  0.000000000E+00  1.665015367E-02 -1.194690965E+03 
        45  1.095110000E-04 -1.855900000E-03  0.000000000E+00  2.945374736E-01 -6.116633840E+03 
        46  9.957970000E-01 -1.848260000E-03  0.000000000E+00  1.289737836E-02 -1.193108134E+03 
        47  9.988390000E-01 -1.422790000E-03  0.000000000E+00  8.534920493E-03 -1.195639837E+03 
        48  1.001370000E+00 -1.062990000E-03  0.000000000E+00  4.333756827E-03 -1.202228121E+03 
        49  1.003480000E+00 -7.543150000E-04  0.000000000E+00  1.749747499E-03 -1.210505206E+03 
        50  1.005240000E+00 -4.991700000E-04  0.000000000E+00  9.242246583E-04 -1.216446110E+03 
        51  1.006710000E+00 -2.932730000E-04  0.000000000E+00  2.773808704E-03 -1.216902949E+03 
        52  1.007930000E+00 -1.294160000E-04  0.000000000E+00  1.281020230E-02 -1.231919560E+03 
        53  0.000000000E+00  0.000000000E+00  0.000000000E+00  2.980644066E-01 -5.974339179E+03 
        54  1.008950000E+00  0.000000000E+00  0.000000000E+00  3.270446928E-02 -1.182368621E+03 
        55  1.008950000E+00  1.219510000E-03  0.000000000E+00  3.791441683E-02 -1.117188912E+03 
        56  9.957970000E-01  1.848260000E-03  0.000000000E+00  1.325055675E-03  9.143681165E+02 
        57  1.095110000E-04  1.855900000E-03  0.000000000E+00  2.972371498E-01 -5.668358994E+03 
        58  9.921460000E-01  2.356690000E-03  0.000000000E+00  4.082866538E-03  9.140544350E+02 
        59  1.008950000E+00  2.439020000E-03  0.000000000E+00  3.464872107E-02 -1.109925220E+03 
        60  9.877650000E-01  2.963870000E-03  0.000000000E+00  7.442107717E-03  9.114740316E+02 
        61  1.008950000E+00  3.658540000E-03  0.000000000E+00  3.303393362E-02 -1.100251761E+03 
        62  9.825070000E-01  3.688230000E-03  0.000000000E+00  8.587696042E-03  9.095250573E+02 
        63  4.384000000E-04  3.696570000E-03  0.000000000E+00  2.893881432E-01 -5.258159925E+03 
        64  9.761960000E-01  4.551510000E-03  0.000000000E+00  7.832240227E-03  9.094217954E+02 
        65  1.008950000E+00  4.878050000E-03  0.000000000E+00  3.197307872E-02 -1.096132569E+03 
        66  9.860190000E-04  5.518970000E-03  0.000000000E+00  2.761243020E-01 -4.708901261E+03 
        67  9.686220000E-01  5.578890000E-03  0.000000000E+00  7.293040188E-03  9.097083902E+02 
        68  1.008950000E+00  6.097560000E-03  0.000000000E+00  3.133669998E-02 -1.094152328E+03 
        69  9.595320000E-01  6.799650000E-03  0.000000000E+00  8.036104282E-03  9.064707386E+02 
        70  1.008950000E+00  7.317070000E-03  0.000000000E+00  3.089295606E-02 -1.093379731E+03 
        71  1.752850000E-03  7.324960000E-03  0.000000000E+00  2.600227790E-01 -4.044633840E+03 
        72  9.486220000E-01  8.247430000E-03  0.000000000E+00  7.457935517E-03  8.978426349E+02 
        73  1.008950000E+00  8.536590000E-03  0.000000000E+00  3.053353415E-02 -1.093009351E+03 
        74  2.745270000E-03  9.124550000E-03  0.000000000E+00  2.415131128E-01 -3.340496492E+03 
        75  1.008950000E+00  9.756100000E-03  0.000000000E+00  3.019390642E-02 -1.092738447E+03 
        76  9.355260000E-01  9.960600000E-03  0.000000000E+00  6.979713373E-03  8.825627719E+02 
        77  3.983540000E-03  1.093890000E-02  0.000000000E+00  2.210013661E-01 -2.608955304E+03 
        78  9.988390000E-01  1.096260000E-02  0.000000000E+00  1.102985159E-03  9.118118454E+02 
        79  1.008950000E+00  1.097560000E-02  0.000000000E+00  2.984180988E-02 -1.092468440E+03 
        80  9.198070000E-01  1.198220000E-02  0.000000000E+00  1.767717288E-02  8.517718397E+02 
        81  1.008950000E+00  1.219510000E-02  0.000000000E+00  2.945843159E-02 -1.092148015E+03 
        82  5.510960000E-03  1.280140000E-02  0.000000000E+00  2.000579834E-01 -1.914613637E+03 
        83  1.008950000E+00  1.341460000E-02  0.000000000E+00  2.903135327E-02 -1.091742868E+03 
        84  9.009380000E-01  1.436040000E-02  0.000000000E+00  3.464795211E-02  8.029338894E+02 
        85  1.008950000E+00  1.463410000E-02  0.000000000E+00  2.855201162E-02 -1.091232992E+03 
        86  7.411530000E-03  1.476420000E-02  0.000000000E+00  1.801881957E-01 -1.331113999E+03 
        87  1.008950000E+00  1.585370000E-02  0.000000000E+00  2.801497769E-02 -1.090611239E+03 
        88  9.850590000E-03  1.691540000E-02  0.000000000E+00  1.605802685E-01 -8.285746137E+02 
        89  1.008950000E+00  1.707320000E-02  0.000000000E+00  2.741749555E-02 -1.089881861E+03 
        90  8.782860000E-01  1.714700000E-02  0.000000000E+00  4.573264765E-02  7.526497671E+02 
        91  1.008950000E+00  1.829270000E-02  0.000000000E+00  2.675886278E-02 -1.089053776E+03 
        92  1.318260000E-02  1.942040000E-02  0.000000000E+00  1.389575784E-01 -3.401860470E+02 
        93  1.008950000E+00  1.951220000E-02  0.000000000E+00  2.603871472E-02 -1.088132843E+03 
        94  8.510930000E-01  2.039720000E-02  0.000000000E+00  5.225773565E-02  7.157621953E+02 
        95  1.008950000E+00  2.073170000E-02  0.000000000E+00  2.525606190E-02 -1.087135567E+03 
        96  1.001370000E+00  2.073980000E-02  0.000000000E+00  9.458875396E-04  9.062607570E+02 
        97  1.008950000E+00  2.195120000E-02  0.000000000E+00  2.441099882E-02 -1.086102521E+03 
        98  1.821900000E-02  2.259850000E-02  0.000000000E+00  1.138341770E-01  1.435170163E+02 
        99  1.008950000E+00  2.317070000E-02  0.000000000E+00  2.350347986E-02 -1.085095114E+03 
       100  1.008950000E+00  2.439020000E-02  0.000000000E+00  2.253050904E-02 -1.084136230E+03 
       101  8.159680000E-01  2.444550000E-02  0.000000000E+00  5.624370409E-02  6.946873312E+02 
       102  1.008950000E+00  2.560980000E-02  0.000000000E+00  2.148836183E-02 -1.083208591E+03 
       103  2.634450000E-02  2.677890000E-02  0.000000000E+00  8.646838292E-02  5.627962219E+02 
       104  1.008950000E+00  2.682930000E-02  0.000000000E+00  2.037443958E-02 -1.082326827E+03 
       105  1.008950000E+00  2.804880000E-02  0.000000000E+00  1.918547514E-02 -1.081527590E+03 
       106  7.808250000E-01  2.833060000E-02  0.000000000E+00  5.803926464E-02  6.905144390E+02 
       107  1.003480000E+00  2.887370000E-02  0.000000000E+00  1.746521224E-03  8.959453109E+02 
       108  1.008950000E+00  2.926830000E-02  0.000000000E+00  1.791634406E-02 -1.080845870E+03 
       109  1.008950000E+00  3.048780000E-02  0.000000000E+00  1.656059620E-02 -1.080315524E+03 
       110  3.777470000E-02  3.147510000E-02  0.000000000E+00  6.001902717E-02  8.640501094E+02 
       111  1.008950000E+00  3.170730000E-02  0.000000000E+00  1.511174110E-02 -1.079965648E+03 
       112  7.399050000E-01  3.264710000E-02  0.000000000E+00  5.869398324E-02  6.977195169E+02 
       113  1.008950000E+00  3.292680000E-02  0.000000000E+00  1.356398266E-02 -1.079819612E+03 
       114  1.008950000E+00  3.414630000E-02  0.000000000E+00  1.191285959E-02 -1.079891473E+03 
       115  1.008950000E+00  3.536590000E-02  0.000000000E+00  1.015531797E-02 -1.080201782E+03 
       116  1.005240000E+00  3.565510000E-02  0.000000000E+00  5.942109241E-03  8.901900406E+02 
       117  1.008950000E+00  3.658540000E-02  0.000000000E+00  8.290658157E-03 -1.080813423E+03 
       118  6.989630000E-01  3.673990000E-02  0.000000000E+00  5.875228721E-02  7.115987692E+02 
       119  5.488770000E-02  3.697740000E-02  0.000000000E+00  3.492232963E-02  1.052325649E+03 
       120  1.008950000E+00  3.780490000E-02  0.000000000E+00  6.323802888E-03 -1.081791497E+03 
       121  1.008950000E+00  3.902440000E-02  0.000000000E+00  4.268901329E-03 -1.083259795E+03 
       122  1.008950000E+00  4.024390000E-02  0.000000000E+00  2.244144835E-03 -1.085383929E+03 
       123  6.579970000E-01  4.059990000E-02  0.000000000E+00  5.831434898E-02  7.303809552E+02 
       124  1.006710000E+00  4.131690000E-02  0.000000000E+00  2.258262174E-02  9.091330109E+02 
       125  1.008950000E+00  4.146340000E-02  0.000000000E+00  1.621595456E-03 -1.088322339E+03 
       126  1.008950000E+00  4.268290000E-02  0.000000000E+00  3.258411401E-03 -1.092333888E+03 
       127  8.351470000E-02  4.379180000E-02  0.000000000E+00  1.176284960E-02  1.146459508E+03 
       128  1.008950000E+00  4.390240000E-02  0.000000000E+00  6.080153962E-03 -1.097921589E+03 
       129  6.170090000E-01  4.421250000E-02  0.000000000E+00  5.750572076E-02  7.525384891E+02 
       130  1.008950000E+00  4.512200000E-02  0.000000000E+00  9.503142157E-03 -1.105867567E+03 
       131  1.007930000E+00  4.604710000E-02  0.000000000E+00  6.779289254E-02  8.537850468E+02 
       132  1.008950000E+00  4.634150000E-02  0.000000000E+00  1.371802095E-02 -1.118357874E+03 
       133  5.759990000E-01  4.755650000E-02  0.000000000E+00  5.644002672E-02  7.770190948E+02 
       134  1.008950000E+00  4.756100000E-02  0.000000000E+00  1.931523187E-02 -1.132984092E+03 
       135  1.008950000E+00  4.878050000E-02  0.000000000E+00  2.386059011E-02 -1.193557497E+03 
       136  1.008950000E+00  5.000000000E-02  0.000000000E+00  6.973402991E-02 -3.661965269E+02 
       137  1.241140000E-01  5.043730000E-02  0.000000000E+00  8.476709179E-03  1.159362180E+03 
       138  5.349650000E-01  5.060440000E-02  0.000000000E+00  5.524952923E-02  8.034862442E+02 
       139  4.939080000E-01  5.332060000E-02  0.000000000E+00  5.394824430E-02  8.318050406E+02 
       140  1.650180000E-01  5.486620000E-02  0.000000000E+00  2.154580104E-02  1.129799558E+03 
       141  4.528280000E-01  5.566140000E-02  0.000000000E+00  5.242619232E-02  8.619557842E+02 
       142  4.117260000E-01  5.757270000E-02  0.000000000E+00  5.052096284E-02  8.939556170E+02 
       143  2.060650000E-01  5.771190000E-02  0.000000000E+00  3.064596299E-02  1.088078350E+03 
       144  3.706030000E-01  5.898830000E-02  0.000000000E+00  4.814280051E-02  9.279877195E+02 
       145  2.471780000E-01  5.933890000E-02  0.000000000E+00  3.707935141E-02  1.044890205E+03 
       146  3.294650000E-01  5.982680000E-02  0.000000000E+00  4.525360467E-02  9.643968904E+02 
       147  2.883190000E-01  5.998690000E-02  0.000000000E+00  4.172821706E-02  1.003384086E+03 
       148  2.883190000E-01 -5.998690000E-02  3.333330000E-02  1.016798125E-02 -1.337391604E+03 
       149  3.294650000E-01 -5.982680000E-02  3.333330000E-02  8.850853869E-03 -1.330601781E+03 
       150  2.471780000E-01 -5.933890000E-02  3.333330000E-02  1.183316841E-02 -1.346044293E+03 
       151  3.706030000E-01 -5.898830000E-02  3.333330000E-02  7.833193891E-03 -1.325179522E+03 
       152  2.060650000E-01 -5.771190000E-02  3.333330000E-02  1.382648050E-02 -1.356734559E+03 
       153  4.117260000E-01 -5.757270000E-02  3.333330000E-02  7.013549913E-03 -1.320736655E+03 
       154  4.528280000E-01 -5.566140000E-02  3.333330000E-02  6.339003489E-03 -1.316983323E+03 
       155  1.650180000E-01 -5.486620000E-02  3.333330000E-02  1.646882672E-02 -1.369244455E+03 
       156  4.939080000E-01 -5.332060000E-02  3.333330000E-02  5.867780875E-03 -1.313669119E+03 
       157  5.349650000E-01 -5.060440000E-02  3.333330000E-02  5.835040771E-03 -1.310556467E+03 
       158  1.241140000E-01 -5.043730000E-02  3.333330000E-02  1.964721812E-02 -1.384031940E+03 
       159  5.759990000E-01 -4.755650000E-02  3.333330000E-02  6.409324686E-03 -1.307320076E+03 
       160  6.170090000E-01 -4.421250000E-02  3.333330000E-02  7.183144584E-03 -1.303452952E+03 
       161  8.351470000E-02 -4.379180000E-02  3.333330000E-02  2.122866716E-02 -1.397248962E+03 
       162  6.579970000E-01 -4.059990000E-02  3.333330000E-02  7.673896211E-03 -1.298617304E+03 
       163  5.488770000E-02 -3.697740000E-02  3.333330000E-02  2.044455591E-02 -1.398861835E+03 
       164  6.989630000E-01 -3.673990000E-02  3.333330000E-02  7.900769916E-03 -1.292997850E+03 
       165  7.399050000E-01 -3.264710000E-02  3.333330000E-02  7.873377341E-03 -1.286772254E+03 
       166  3.777470000E-02 -3.147510000E-02  3.333330000E-02  1.801919036E-02 -1.399002709E+03 
       167  7.808250000E-01 -2.833060000E-02  3.333330000E-02  7.533247692E-03 -1.279682211E+03 
       168  2.634450000E-02 -2.677890000E-02  3.333330000E-02  1.297665110E-02 -1.427514474E+03 
       169  8.159680000E-01 -2.444550000E-02  3.333330000E-02  7.033308072E-03 -1.272102315E+03 
       170  1.821900000E-02 -2.259850000E-02  3.333330000E-02  3.585690412E-02 -1.576177546E+03 
       171  8.510930000E-01 -2.039720000E-02  3.333330000E-02  6.540793415E-03 -1.263200357E+03 
       172  1.318260000E-02 -1.942040000E-02  3.333330000E-02  8.657956632E-02 -1.935671494E+03 
       173  8.782860000E-01 -1.714700000E-02  3.333330000E-02  6.452543738E-03 -1.254090183E+03 
       174  9.850590000E-03 -1.691540000E-02  3.333330000E-02  1.310955941E-01 -2.468070756E+03 
       175  7.411530000E-03 -1.476420000E-02  3.333330000E-02  1.670293078E-01 -3.090793605E+03 
       176  9.009380000E-01 -1.436040000E-02  3.333330000E-02  7.441813779E-03 -1.244211609E+03 
       177  5.510960000E-03 -1.280140000E-02  3.333330000E-02  1.987458862E-01 -3.778343912E+03 
       178  9.198070000E-01 -1.198220000E-02  3.333330000E-02  1.043024001E-02 -1.233838183E+03 
       179  3.983540000E-03 -1.093890000E-02  3.333330000E-02  2.274447800E-01 -4.421211482E+03 
       180  9.355260000E-01 -9.960600000E-03  3.333330000E-02  1.510503384E-02 -1.225332010E+03 
       181  2.745270000E-03 -9.124550000E-03  3.333330000E-02  2.496689185E-01 -4.953145967E+03 
       182  9.486220000E-01 -8.247430000E-03  3.333330000E-02  1.883992235E-02 -1.220131562E+03 
       183  1.752850000E-03 -7.324960000E-03  3.333330000E-02  2.659471785E-01 -5.416550994E+03 
       184  9.595320000E-01 -6.799650000E-03  3.333330000E-02  2.045357298E-02 -1.216502929E+03 
       185  9.686220000E-01 -5.578890000E-03  3.333330000E-02  2.116983782E-02 -1.212732772E+03 
       186  9.860190000E-04 -5.518970000E-03  3.333330000E-02  2.790419105E-01 -5.796354675E+03 
       187  9.761960000E-01 -4.551510000E-03  3.333330000E-02  2.144957409E-02 -1.208116113E+03 
       188  4.384000000E-04 -3.696570000E-03  3.333330000E-02  2.884741086E-01 -6.047358570E+03 
       189  9.825070000E-01 -3.688230000E-03  3.333330000E-02  2.096069416E-02 -1.203111513E+03 
       190  9.877650000E-01 -2.963870000E-03  3.333330000E-02  1.938706345E-02 -1.198553500E+03 
       191  9.921460000E-01 -2.356690000E-03  3.333330000E-02  1.664965081E-02 -1.194690919E+03 
       192  1.095110000E-04 -1.855900000E-03  3.333330000E-02  2.945374833E-01 -6.116633895E+03 
       193  9.957970000E-01 -1.848260000E-03  3.333330000E-02  1.289664814E-02 -1.193108517E+03 
       194  9.988390000E-01 -1.422790000E-03  3.333330000E-02  8.533994773E-03 -1.195640919E+03 
       195  1.001370000E+00 -1.062990000E-03  3.333330000E-02  4.332786042E-03 -1.202229898E+03 
       196  1.003480000E+00 -7.543150000E-04  3.333330000E-02  1.749675762E-03 -1.210507469E+03 
       197  1.005240000E+00 -4.991700000E-04  3.333330000E-02  9.247700740E-04 -1.216448270E+03 
       198  1.006710000E+00 -2.932730000E-04  3.333330000E-02  2.773645610E-03 -1.216904501E+03 
       199  1.007930000E+00 -1.294160000E-04  3.333330000E-02  1.280976887E-02 -1.231920593E+03 
       200  0.000000000E+00  0.000000000E+00  3.333330000E-02  2.980644115E-01 -5.974339273E+03 
       201  1.008950000E+00  0.000000000E+00  3.333330000E-02  3.053148820E-02 -1.182888228E+03 
       202  1.008950000E+00  1.219510000E-03  3.333330000E-02  3.791500054E-02 -1.117188823E+03 
       203  9.957970000E-01  1.848260000E-03  3.333330000E-02  1.322241586E-03  9.143653203E+02 
       204  1.095110000E-04  1.855900000E-03  3.333330000E-02  2.972371594E-01 -5.668359492E+03 
       205  9.921460000E-01  2.356690000E-03  3.333330000E-02  4.081953965E-03  9.140538706E+02 
       206  1.008950000E+00  2.439020000E-03  3.333330000E-02  3.464932892E-02 -1.109926822E+03 
       207  9.877650000E-01  2.963870000E-03  3.333330000E-02  7.441384740E-03  9.114742144E+02 
       208  1.008950000E+00  3.658540000E-03  3.333330000E-02  3.303453357E-02 -1.100253295E+03 
       209  9.825070000E-01  3.688230000E-03  3.333330000E-02  8.587433340E-03  9.095252977E+02 
       210  4.384000000E-04  3.696570000E-03  3.333330000E-02  2.893881855E-01 -5.258161504E+03 
       211  9.761960000E-01  4.551510000E-03  3.333330000E-02  7.832427887E-03  9.094221077E+02 
       212  1.008950000E+00  4.878050000E-03  3.333330000E-02  3.197363563E-02 -1.096134087E+03 
       213  9.860190000E-04  5.518970000E-03  3.333330000E-02  2.761244024E-01 -4.708905457E+03 
       214  9.686220000E-01  5.578890000E-03  3.333330000E-02  7.293324893E-03  9.097095175E+02 
       215  1.008950000E+00  6.097560000E-03  3.333330000E-02  3.133722664E-02 -1.094153795E+03 
       216  9.595320000E-01  6.799650000E-03  3.333330000E-02  8.036459409E-03  9.064729706E+02 
       217  1.008950000E+00  7.317070000E-03  3.333330000E-02  3.089346161E-02 -1.093381243E+03 
       218  1.752850000E-03  7.324960000E-03  3.333330000E-02  2.600229719E-01 -4.044641409E+03 
       219  9.486220000E-01  8.247430000E-03  3.333330000E-02  7.458658433E-03  8.978451822E+02 
       220  1.008950000E+00  8.536590000E-03  3.333330000E-02  3.053402862E-02 -1.093010954E+03 
       221  2.745270000E-03  9.124550000E-03  3.333330000E-02  2.415134374E-01 -3.340508240E+03 
       222  1.008950000E+00  9.756100000E-03  3.333330000E-02  3.019439749E-02 -1.092740172E+03 
       223  9.355260000E-01  9.960600000E-03  3.333330000E-02  6.979857658E-03  8.825649679E+02 
       224  3.983540000E-03  1.093890000E-02  3.333330000E-02  2.210018344E-01 -2.608971557E+03 
       225  9.988390000E-01  1.096260000E-02  3.333330000E-02  1.103558923E-03  9.118030916E+02 
       226  1.008950000E+00  1.097560000E-02  3.333330000E-02  2.984230399E-02 -1.092470291E+03 
       227  9.198070000E-01  1.198220000E-02  3.333330000E-02  1.767673881E-02  8.517734264E+02 
       228  1.008950000E+00  1.219510000E-02  3.333330000E-02  2.945893513E-02 -1.092150004E+03 
       229  5.510960000E-03  1.280140000E-02  3.333330000E-02  2.000585287E-01 -1.914630644E+03 
       230  1.008950000E+00  1.341460000E-02  3.333330000E-02  2.903187424E-02 -1.091745010E+03 
       231  9.009380000E-01  1.436040000E-02  3.333330000E-02  3.464780095E-02  8.029347516E+02 
       232  1.008950000E+00  1.463410000E-02  3.333330000E-02  2.855255959E-02 -1.091235304E+03 
       233  7.411530000E-03  1.476420000E-02  3.333330000E-02  1.801887545E-01 -1.331129162E+03 
       234  1.008950000E+00  1.585370000E-02  3.333330000E-02  2.801556377E-02 -1.090613734E+03 
       235  9.850590000E-03  1.691540000E-02  3.333330000E-02  1.605808289E-01 -8.285880353E+02 
       236  1.008950000E+00  1.707320000E-02  3.333330000E-02  2.741813249E-02 -1.089884555E+03 
       237  8.782860000E-01  1.714700000E-02  3.333330000E-02  4.573255693E-02  7.526502708E+02 
       238  1.008950000E+00  1.829270000E-02  3.333330000E-02  2.675956539E-02 -1.089056682E+03 
       239  1.318260000E-02  1.942040000E-02  3.333330000E-02  1.389580290E-01 -3.401955916E+02 
       240  1.008950000E+00  1.951220000E-02  3.333330000E-02  2.603950018E-02 -1.088135970E+03 
       241  8.510930000E-01  2.039720000E-02  3.333330000E-02  5.225767512E-02  7.157625374E+02 
       242  1.008950000E+00  2.073170000E-02  3.333330000E-02  2.525695031E-02 -1.087138913E+03 
       243  1.001370000E+00  2.073980000E-02  3.333330000E-02  9.418703136E-04  9.062353597E+02 
       244  1.008950000E+00  2.195120000E-02  3.333330000E-02  2.441201212E-02 -1.086106041E+03 
       245  1.821900000E-02  2.259850000E-02  3.333330000E-02  1.138344052E-01  1.435130713E+02 
       246  1.008950000E+00  2.317070000E-02  3.333330000E-02  2.350464529E-02 -1.085098710E+03 
       247  1.008950000E+00  2.439020000E-02  3.333330000E-02  2.253186070E-02 -1.084139883E+03 
       248  8.159680000E-01  2.444550000E-02  3.333330000E-02  5.624370109E-02  6.946873355E+02 
       249  1.008950000E+00  2.560980000E-02  3.333330000E-02  2.148993471E-02 -1.083212294E+03 
       250  2.634450000E-02  2.677890000E-02  3.333330000E-02  8.646865356E-02  5.627926911E+02 
       251  1.008950000E+00  2.682930000E-02  3.333330000E-02  2.037627043E-02 -1.082330481E+03 
       252  1.008950000E+00  2.804880000E-02  3.333330000E-02  1.918760702E-02 -1.081531078E+03 
       253  7.808250000E-01  2.833060000E-02  3.333330000E-02  5.803925597E-02  6.905144224E+02 
       254  1.003480000E+00  2.887370000E-02  3.333330000E-02  1.754516851E-03  8.958989266E+02 
       255  1.008950000E+00  2.926830000E-02  3.333330000E-02  1.791882752E-02 -1.080849052E+03 
       256  1.008950000E+00  3.048780000E-02  3.333330000E-02  1.656348892E-02 -1.080318242E+03 
       257  3.777470000E-02  3.147510000E-02  3.333330000E-02  6.001956008E-02  8.640451249E+02 
       258  1.008950000E+00  3.170730000E-02  3.333330000E-02  1.511510660E-02 -1.079967736E+03 
       259  7.399050000E-01  3.264710000E-02  3.333330000E-02  5.869398112E-02  6.977195225E+02 
       260  1.008950000E+00  3.292680000E-02  3.333330000E-02  1.356789158E-02 -1.079820900E+03 
       261  1.008950000E+00  3.414630000E-02  3.333330000E-02  1.191738736E-02 -1.079891739E+03 
       262  1.008950000E+00  3.536590000E-02  3.333330000E-02  1.016055570E-02 -1.080200831E+03 
       263  1.005240000E+00  3.565510000E-02  3.333330000E-02  5.954602851E-03  8.901732313E+02 
       264  1.008950000E+00  3.658540000E-02  3.333330000E-02  8.296717592E-03 -1.080810810E+03 
       265  6.989630000E-01  3.673990000E-02  3.333330000E-02  5.875228441E-02  7.115987594E+02 
       266  5.488770000E-02  3.697740000E-02  3.333330000E-02  3.492308049E-02  1.052321610E+03 
       267  1.008950000E+00  3.780490000E-02  3.333330000E-02  6.330791604E-03 -1.081786305E+03 
       268  1.008950000E+00  3.902440000E-02  3.333330000E-02  4.276846930E-03 -1.083250890E+03 
       269  1.008950000E+00  4.024390000E-02  3.333330000E-02  2.251425605E-03 -1.085370029E+03 
       270  6.579970000E-01  4.059990000E-02  3.333330000E-02  5.831434516E-02  7.303809582E+02 
       271  1.006710000E+00  4.131690000E-02  3.333330000E-02  2.262574956E-02  9.092103314E+02 
       272  1.008950000E+00  4.146340000E-02  3.333330000E-02  1.619174869E-03 -1.088301698E+03 
       273  1.008950000E+00  4.268290000E-02  3.333330000E-02  3.245573879E-03 -1.092304088E+03 
       274  8.351470000E-02  4.379180000E-02  3.333330000E-02  1.176328660E-02  1.146458614E+03 
       275  1.008950000E+00  4.390240000E-02  3.333330000E-02  6.064032969E-03 -1.097879517E+03 
       276  6.170090000E-01  4.421250000E-02  3.333330000E-02  5.750571625E-02  7.525384954E+02 
       277  1.008950000E+00  4.512200000E-02  3.333330000E-02  9.484405486E-03 -1.105810465E+03 
       278  1.007930000E+00  4.604710000E-02  3.333330000E-02  6.786717042E-02  8.536775901E+02 
       279  1.008950000E+00  4.634150000E-02  3.333330000E-02  1.369823583E-02 -1.118285241E+03 
       280  5.759990000E-01  4.755650000E-02  3.333330000E-02  5.644002036E-02  7.770191123E+02 
       281  1.008950000E+00  4.756100000E-02  3.333330000E-02  1.929832977E-02 -1.132909436E+03 
       282  1.008950000E+00  4.878050000E-02  3.333330000E-02  2.385023525E-02 -1.193505715E+03 
       283  1.008950000E+00  5.000000000E-02  3.333330000E-02  6.196785251E-02 -2.370443000E+02 
       284  1.241140000E-01  5.043730000E-02  3.333330000E-02  8.476619131E-03  1.159362295E+03 
       285  5.349650000E-01  5.060440000E-02  3.333330000E-02  5.524952176E-02  8.034862639E+02 
       286  4.939080000E-01  5.332060000E-02  3.333330000E-02  5.394823721E-02  8.318050501E+02 
       287  1.650180000E-01  5.486620000E-02  3.333330000E-02  2.154575137E-02  1.129799737E+03 
       288  4.528280000E-01  5.566140000E-02  3.333330000E-02  5.242618328E-02  8.619558276E+02 
       289  4.117260000E-01  5.757270000E-02  3.333330000E-02  5.052095319E-02  8.939556646E+02 
       290  2.060650000E-01  5.771190000E-02  3.333330000E-02  3.064594350E-02  1.088078449E+03 
       291  3.706030000E-01  5.898830000E-02  3.333330000E-02  4.814279244E-02  9.279877435E+02 
       292  2.471780000E-01  5.933890000E-02  3.333330000E-02  3.707933661E-02  1.044890290E+03 
       293  3.294650000E-01  5.982680000E-02  3.333330000E-02  4.525360050E-02  9.643968692E+02 
       294  2.883190000E-01  5.998690000E-02  3.333330000E-02  4.172820886E-02  1.003384116E+03 
       295  2.883190000E-01 -5.998690000E-02  6.666670000E-02  1.016800564E-02 -1.337391603E+03 
       296  3.294650000E-01 -5.982680000E-02  6.666670000E-02  8.850874424E-03 -1.330601770E+03 
       297  2.471780000E-01 -5.933890000E-02  6.666670000E-02  1.183319010E-02 -1.346044257E+03 
       298  3.706030000E-01 -5.898830000E-02  6.666670000E-02  7.833207712E-03 -1.325179505E+03 
       299  2.060650000E-01 -5.771190000E-02  6.666670000E-02  1.382649636E-02 -1.356734458E+03 
       300  4.117260000E-01 -5.757270000E-02  6.666670000E-02  7.013558268E-03 -1.320736641E+03 
       301  4.528280000E-01 -5.566140000E-02  6.666670000E-02  6.339002990E-03 -1.316983315E+03 
       302  1.650180000E-01 -5.486620000E-02  6.666670000E-02  1.646883177E-02 -1.369244310E+03 
       303  4.939080000E-01 -5.332060000E-02  6.666670000E-02  5.867761071E-03 -1.313669118E+03 
       304  5.349650000E-01 -5.060440000E-02  6.666670000E-02  5.834993074E-03 -1.310556469E+03 
       305  1.241140000E-01 -5.043730000E-02  6.666670000E-02  1.964720652E-02 -1.384031804E+03 
       306  5.759990000E-01 -4.755650000E-02  6.666670000E-02  6.409267127E-03 -1.307320084E+03 
       307  6.170090000E-01 -4.421250000E-02  6.666670000E-02  7.183114103E-03 -1.303452977E+03 
       308  8.351470000E-02 -4.379180000E-02  6.666670000E-02  2.122864010E-02 -1.397248858E+03 
       309  6.579970000E-01 -4.059990000E-02  6.666670000E-02  7.673866498E-03 -1.298617328E+03 
       310  5.488770000E-02 -3.697740000E-02  6.666670000E-02  2.044451716E-02 -1.398861766E+03 
       311  6.989630000E-01 -3.673990000E-02  6.666670000E-02  7.900719403E-03 -1.292997837E+03 
       312  7.399050000E-01 -3.264710000E-02  6.666670000E-02  7.873336055E-03 -1.286772195E+03 
       313  3.777470000E-02 -3.147510000E-02  6.666670000E-02  1.801915180E-02 -1.399002659E+03 
       314  7.808250000E-01 -2.833060000E-02  6.666670000E-02  7.533221070E-03 -1.279682096E+03 
       315  2.634450000E-02 -2.677890000E-02  6.666670000E-02  1.297663811E-02 -1.427514444E+03 
       316  8.159680000E-01 -2.444550000E-02  6.666670000E-02  7.033289351E-03 -1.272102140E+03 
       317  1.821900000E-02 -2.259850000E-02  6.666670000E-02  3.585690783E-02 -1.576177515E+03 
       318  8.510930000E-01 -2.039720000E-02  6.666670000E-02  6.540786833E-03 -1.263200104E+03 
       319  1.318260000E-02 -1.942040000E-02  6.666670000E-02  8.657956409E-02 -1.935671393E+03 
       320  8.782860000E-01 -1.714700000E-02  6.666670000E-02  6.452614785E-03 -1.254089786E+03 
       321  9.850590000E-03 -1.691540000E-02  6.666670000E-02  1.310955871E-01 -2.468070565E+03 
       322  7.411530000E-03 -1.476420000E-02  6.666670000E-02  1.670292971E-01 -3.090793289E+03 
       323  9.009380000E-01 -1.436040000E-02  6.666670000E-02  7.442179740E-03 -1.244210891E+03 
       324  5.510960000E-03 -1.280140000E-02  6.666670000E-02  1.987458728E-01 -3.778343520E+03 
       325  9.198070000E-01 -1.198220000E-02  6.666670000E-02  1.043120348E-02 -1.233837236E+03 
       326  3.983540000E-03 -1.093890000E-02  6.666670000E-02  2.274447618E-01 -4.421210935E+03 
       327  9.355260000E-01 -9.960600000E-03  6.666670000E-02  1.510632615E-02 -1.225331413E+03 
       328  2.745270000E-03 -9.124550000E-03  6.666670000E-02  2.496688976E-01 -4.953145298E+03 
       329  9.486220000E-01 -8.247430000E-03  6.666670000E-02  1.884077520E-02 -1.220131768E+03 
       330  1.752850000E-03 -7.324960000E-03  6.666670000E-02  2.659471618E-01 -5.416550371E+03 
       331  9.595320000E-01 -6.799650000E-03  6.666670000E-02  2.045396788E-02 -1.216503485E+03 
       332  9.686220000E-01 -5.578890000E-03  6.666670000E-02  2.117014882E-02 -1.212733037E+03 
       333  9.860190000E-04 -5.518970000E-03  6.666670000E-02  2.790418978E-01 -5.796354082E+03 
       334  9.761960000E-01 -4.551510000E-03  6.666670000E-02  2.144981654E-02 -1.208116122E+03 
       335  4.384000000E-04 -3.696570000E-03  6.666670000E-02  2.884740975E-01 -6.047358019E+03 
       336  9.825070000E-01 -3.688230000E-03  6.666670000E-02  2.096085869E-02 -1.203111436E+03 
       337  9.877650000E-01 -2.963870000E-03  6.666670000E-02  1.938719056E-02 -1.198553386E+03 
       338  9.921460000E-01 -2.356690000E-03  6.666670000E-02  1.664979784E-02 -1.194690751E+03 
       339  1.095110000E-04 -1.855900000E-03  6.666670000E-02  2.945374726E-01 -6.116633377E+03 
       340  9.957970000E-01 -1.848260000E-03  6.666670000E-02  1.289686877E-02 -1.193108203E+03 
       341  9.988390000E-01 -1.422790000E-03  6.666670000E-02  8.534336048E-03 -1.195640307E+03 
       342  1.001370000E+00 -1.062990000E-03  6.666670000E-02  4.333209747E-03 -1.202228817E+03 
       343  1.003480000E+00 -7.543150000E-04  6.666670000E-02  1.749657959E-03 -1.210505870E+03 
       344  1.005240000E+00 -4.991700000E-04  6.666670000E-02  9.244600235E-04 -1.216446508E+03 
       345  1.006710000E+00 -2.932730000E-04  6.666670000E-02  2.773755030E-03 -1.216903018E+03 
       346  1.007930000E+00 -1.294160000E-04  6.666670000E-02  1.280991401E-02 -1.231919258E+03 
       347  0.000000000E+00  0.000000000E+00  6.666670000E-02  2.980644005E-01 -5.974338773E+03 
       348  1.008950000E+00  0.000000000E+00  6.666670000E-02  3.053107304E-02 -1.182888037E+03 
       349  1.008950000E+00  1.219510000E-03  6.666670000E-02  3.791437172E-02 -1.117188362E+03 
       350  9.957970000E-01  1.848260000E-03  6.666670000E-02  1.322233823E-03  9.143652109E+02 
       351  1.095110000E-04  1.855900000E-03  6.666670000E-02  2.972371482E-01 -5.668359008E+03 
       352  9.921460000E-01  2.356690000E-03  6.666670000E-02  4.081927100E-03  9.140537652E+02 
       353  1.008950000E+00  2.439020000E-03  6.666670000E-02  3.464882990E-02 -1.109925229E+03 
       354  9.877650000E-01  2.963870000E-03  6.666670000E-02  7.441328995E-03  9.114741464E+02 
       355  1.008950000E+00  3.658540000E-03  6.666670000E-02  3.303408178E-02 -1.100252119E+03 
       356  9.825070000E-01  3.688230000E-03  6.666670000E-02  8.587363522E-03  9.095252684E+02 
       357  4.384000000E-04  3.696570000E-03  6.666670000E-02  2.893881753E-01 -5.258161050E+03 
       358  9.761960000E-01  4.551510000E-03  6.666670000E-02  7.832365787E-03  9.094220815E+02 
       359  1.008950000E+00  4.878050000E-03  6.666670000E-02  3.197323696E-02 -1.096133072E+03 
       360  9.860190000E-04  5.518970000E-03  6.666670000E-02  2.761243938E-01 -4.708905050E+03 
       361  9.686220000E-01  5.578890000E-03  6.666670000E-02  7.293285383E-03  9.097094704E+02 
       362  1.008950000E+00  6.097560000E-03  6.666670000E-02  3.133684583E-02 -1.094152910E+03 
       363  9.595320000E-01  6.799650000E-03  6.666670000E-02  8.036442157E-03  9.064729160E+02 
       364  1.008950000E+00  7.317070000E-03  6.666670000E-02  3.089308980E-02 -1.093380387E+03 
       365  1.752850000E-03  7.324960000E-03  6.666670000E-02  2.600229646E-01 -4.044641054E+03 
       366  9.486220000E-01  8.247430000E-03  6.666670000E-02  7.458659947E-03  8.978451365E+02 
       367  1.008950000E+00  8.536590000E-03  6.666670000E-02  3.053365967E-02 -1.093010077E+03 
       368  2.745270000E-03  9.124550000E-03  6.666670000E-02  2.415134316E-01 -3.340507943E+03 
       369  1.008950000E+00  9.756100000E-03  6.666670000E-02  3.019402274E-02 -1.092739287E+03 
       370  9.355260000E-01  9.960600000E-03  6.666670000E-02  6.979843701E-03  8.825649429E+02 
       371  3.983540000E-03  1.093890000E-02  6.666670000E-02  2.210018301E-01 -2.608971321E+03 
       372  9.988390000E-01  1.096260000E-02  6.666670000E-02  1.103549144E-03  9.118029518E+02 
       373  1.008950000E+00  1.097560000E-02  6.666670000E-02  2.984191628E-02 -1.092469369E+03 
       374  9.198070000E-01  1.198220000E-02  6.666670000E-02  1.767669610E-02  8.517734426E+02 
       375  1.008950000E+00  1.219510000E-02  6.666670000E-02  2.945852908E-02 -1.092149031E+03 
       376  5.510960000E-03  1.280140000E-02  6.666670000E-02  2.000585255E-01 -1.914630444E+03 
       377  1.008950000E+00  1.341460000E-02  6.666670000E-02  2.903144704E-02 -1.091743981E+03 
       378  9.009380000E-01  1.436040000E-02  6.666670000E-02  3.464776689E-02  8.029347983E+02 
       379  1.008950000E+00  1.463410000E-02  6.666670000E-02  2.855211014E-02 -1.091234222E+03 
       380  7.411530000E-03  1.476420000E-02  6.666670000E-02  1.801887519E-01 -1.331128980E+03 
       381  1.008950000E+00  1.585370000E-02  6.666670000E-02  2.801509220E-02 -1.090612606E+03 
       382  9.850590000E-03  1.691540000E-02  6.666670000E-02  1.605808269E-01 -8.285878782E+02 
       383  1.008950000E+00  1.707320000E-02  6.666670000E-02  2.741763968E-02 -1.089883391E+03 
       384  8.782860000E-01  1.714700000E-02  6.666670000E-02  4.573253589E-02  7.526503125E+02 
       385  1.008950000E+00  1.829270000E-02  6.666670000E-02  2.675905263E-02 -1.089055496E+03 
       386  1.318260000E-02  1.942040000E-02  6.666670000E-02  1.389580277E-01 -3.401954637E+02 
       387  1.008950000E+00  1.951220000E-02  6.666670000E-02  2.603896993E-02 -1.088134778E+03 
       388  8.510930000E-01  2.039720000E-02  6.666670000E-02  5.225766100E-02  7.157625604E+02 
       389  1.008950000E+00  2.073170000E-02  6.666670000E-02  2.525640564E-02 -1.087137746E+03 
       390  1.001370000E+00  2.073980000E-02  6.666670000E-02  9.418736104E-04  9.062350458E+02 
       391  1.008950000E+00  2.195120000E-02  6.666670000E-02  2.441145733E-02 -1.086104980E+03 
       392  1.821900000E-02  2.259850000E-02  6.666670000E-02  1.138344048E-01  1.435131685E+02 
       393  1.008950000E+00  2.317070000E-02  6.666670000E-02  2.350408253E-02 -1.085097848E+03 
       394  1.008950000E+00  2.439020000E-02  6.666670000E-02  2.253128955E-02 -1.084139154E+03 
       395  8.159680000E-01  2.444550000E-02  6.666670000E-02  5.624368988E-02  6.946873445E+02 
       396  1.008950000E+00  2.560980000E-02  6.666670000E-02  2.148936051E-02 -1.083211618E+03 
       397  2.634450000E-02  2.677890000E-02  6.666670000E-02  8.646865396E-02  5.627927612E+02 
       398  1.008950000E+00  2.682930000E-02  6.666670000E-02  2.037570241E-02 -1.082329889E+03 
       399  1.008950000E+00  2.804880000E-02  6.666670000E-02  1.918705305E-02 -1.081530593E+03 
       400  7.808250000E-01  2.833060000E-02  6.666670000E-02  5.803924563E-02  6.905144258E+02 
       401  1.003480000E+00  2.887370000E-02  6.666670000E-02  1.754522027E-03  8.958983582E+02 
       402  1.008950000E+00  2.926830000E-02  6.666670000E-02  1.791829430E-02 -1.080848685E+03 
       403  1.008950000E+00  3.048780000E-02  6.666670000E-02  1.656298211E-02 -1.080317998E+03 
       404  3.777470000E-02  3.147510000E-02  6.666670000E-02  6.001956121E-02  8.640451760E+02 
       405  1.008950000E+00  3.170730000E-02  6.666670000E-02  1.511463090E-02 -1.079967617E+03 
       406  7.399050000E-01  3.264710000E-02  6.666670000E-02  5.869397194E-02  6.977195226E+02 
       407  1.008950000E+00  3.292680000E-02  6.666670000E-02  1.356745083E-02 -1.079820906E+03 
       408  1.008950000E+00  3.414630000E-02  6.666670000E-02  1.191698423E-02 -1.079891863E+03 
       409  1.008950000E+00  3.536590000E-02  6.666670000E-02  1.016019130E-02 -1.080201066E+03 
       410  1.005240000E+00  3.565510000E-02  6.666670000E-02  5.954587232E-03  8.901725135E+02 
       411  1.008950000E+00  3.658540000E-02  6.666670000E-02  8.296392135E-03 -1.080811152E+03 
       412  6.989630000E-01  3.673990000E-02  6.666670000E-02  5.875227493E-02  7.115987589E+02 
       413  5.488770000E-02  3.697740000E-02  6.666670000E-02  3.492308205E-02  1.052321649E+03 
       414  1.008950000E+00  3.780490000E-02  6.666670000E-02  6.330505003E-03 -1.081786751E+03 
       415  1.008950000E+00  3.902440000E-02  6.666670000E-02  4.276599686E-03 -1.083251432E+03 
       416  1.008950000E+00  4.024390000E-02  6.666670000E-02  2.251244149E-03 -1.085370656E+03 
       417  6.579970000E-01  4.059990000E-02  6.666670000E-02  5.831433416E-02  7.303809564E+02 
       418  1.006710000E+00  4.131690000E-02  6.666670000E-02  2.262572966E-02  9.092094569E+02 
       419  1.008950000E+00  4.146340000E-02  6.666670000E-02  1.619180338E-03 -1.088302405E+03 
       420  1.008950000E+00  4.268290000E-02  6.666670000E-02  3.245724004E-03 -1.092304881E+03 
       421  8.351470000E-02  4.379180000E-02  6.666670000E-02  1.176328667E-02  1.146458641E+03 
       422  1.008950000E+00  4.390240000E-02  6.666670000E-02  6.064181808E-03 -1.097880405E+03 
       423  6.170090000E-01  4.421250000E-02  6.666670000E-02  5.750570400E-02  7.525384939E+02 
       424  1.008950000E+00  4.512200000E-02  6.666670000E-02  9.484544334E-03 -1.105811460E+03 
       425  1.007930000E+00  4.604710000E-02  6.666670000E-02  6.786712307E-02  8.536767607E+02 
       426  1.008950000E+00  4.634150000E-02  6.666670000E-02  1.369836059E-02 -1.118286361E+03 
       427  5.759990000E-01  4.755650000E-02  6.666670000E-02  5.644000491E-02  7.770191107E+02 
       428  1.008950000E+00  4.756100000E-02  6.666670000E-02  1.929842793E-02 -1.132910594E+03 
       429  1.008950000E+00  4.878050000E-02  6.666670000E-02  2.385029770E-02 -1.193507130E+03 
       430  1.008950000E+00  5.000000000E-02  6.666670000E-02  6.196783859E-02 -2.370454822E+02 
       431  1.241140000E-01  5.043730000E-02  6.666670000E-02  8.476617330E-03  1.159362314E+03 
       432  5.349650000E-01  5.060440000E-02  6.666670000E-02  5.524950370E-02  8.034862622E+02 
       433  4.939080000E-01  5.332060000E-02  6.666670000E-02  5.394821882E-02  8.318050493E+02 
       434  1.650180000E-01  5.486620000E-02  6.666670000E-02  2.154574870E-02  1.129799754E+03 
       435  4.528280000E-01  5.566140000E-02  6.666670000E-02  5.242616521E-02  8.619558278E+02 
       436  4.117260000E-01  5.757270000E-02  6.666670000E-02  5.052093633E-02  8.939556664E+02 
       437  2.060650000E-01  5.771190000E-02  6.666670000E-02  3.064593854E-02  1.088078463E+03 
       438  3.706030000E-01  5.898830000E-02  6.666670000E-02  4.814277712E-02  9.279877472E+02 
       439  2.471780000E-01  5.933890000E-02  6.666670000E-02  3.707932833E-02  1.044890302E+03 
       440  3.294650000E-01  5.982680000E-02  6.666670000E-02  4.525358680E-02  9.643968754E+02 
       441  2.883190000E-01  5.998690000E-02  6.666670000E-02  4.172819735E-02  1.003384125E+03 
       442  2.883190000E-01 -5.998690000E-02  1.000000000E-01  1.016802029E-02 -1.337391589E+03 
       443  3.294650000E-01 -5.982680000E-02  1.000000000E-01  8.850881330E-03 -1.330601772E+03 
       444  2.471780000E-01 -5.933890000E-02  1.000000000E-01  1.183321013E-02 -1.346044231E+03 
       445  3.706030000E-01 -5.898830000E-02  1.000000000E-01  7.833207662E-03 -1.325179504E+03 
       446  2.060650000E-01 -5.771190000E-02  1.000000000E-01  1.382651497E-02 -1.356734448E+03 
       447  4.117260000E-01 -5.757270000E-02  1.000000000E-01  7.013555349E-03 -1.320736640E+03 
       448  4.528280000E-01 -5.566140000E-02  1.000000000E-01  6.338998737E-03 -1.316983316E+03 
       449  1.650180000E-01 -5.486620000E-02  1.000000000E-01  1.646882327E-02 -1.369244318E+03 
       450  4.939080000E-01 -5.332060000E-02  1.000000000E-01  5.867754454E-03 -1.313669123E+03 
       451  5.349650000E-01 -5.060440000E-02  1.000000000E-01  5.834984280E-03 -1.310556471E+03 
       452  1.241140000E-01 -5.043730000E-02  1.000000000E-01  1.964715916E-02 -1.384031792E+03 
       453  5.759990000E-01 -4.755650000E-02  1.000000000E-01  6.409267902E-03 -1.307320085E+03 
       454  6.170090000E-01 -4.421250000E-02  1.000000000E-01  7.183137253E-03 -1.303452986E+03 
       455  8.351470000E-02 -4.379180000E-02  1.000000000E-01  2.122858973E-02 -1.397248671E+03 
       456  6.579970000E-01 -4.059990000E-02  1.000000000E-01  7.673884927E-03 -1.298617337E+03 
       457  5.488770000E-02 -3.697740000E-02  1.000000000E-01  2.044450228E-02 -1.398861905E+03 
       458  6.989630000E-01 -3.673990000E-02  1.000000000E-01  7.900714504E-03 -1.292997837E+03 
       459  7.399050000E-01 -3.264710000E-02  1.000000000E-01  7.873328630E-03 -1.286772171E+03 
       460  3.777470000E-02 -3.147510000E-02  1.000000000E-01  1.801917789E-02 -1.399002581E+03 
       461  7.808250000E-01 -2.833060000E-02  1.000000000E-01  7.533222043E-03 -1.279682096E+03 
       462  2.634450000E-02 -2.677890000E-02  1.000000000E-01  1.297668778E-02 -1.427513994E+03 
       463  8.159680000E-01 -2.444550000E-02  1.000000000E-01  7.033290266E-03 -1.272102072E+03 
       464  1.821900000E-02 -2.259850000E-02  1.000000000E-01  3.585648040E-02 -1.576175527E+03 
       465  8.510930000E-01 -2.039720000E-02  1.000000000E-01  6.540792692E-03 -1.263200122E+03 
       466  1.318260000E-02 -1.942040000E-02  1.000000000E-01  8.657859866E-02 -1.935662187E+03 
       467  8.782860000E-01 -1.714700000E-02  1.000000000E-01  6.452622621E-03 -1.254089763E+03 
       468  9.850590000E-03 -1.691540000E-02  1.000000000E-01  1.310944893E-01 -2.468054003E+03 
       469  7.411530000E-03 -1.476420000E-02  1.000000000E-01  1.670283368E-01 -3.090773989E+03 
       470  9.009380000E-01 -1.436040000E-02  1.000000000E-01  7.442225843E-03 -1.244210805E+03 
       471  5.510960000E-03 -1.280140000E-02  1.000000000E-01  1.987450469E-01 -3.778324150E+03 
       472  9.198070000E-01 -1.198220000E-02  1.000000000E-01  1.043135163E-02 -1.233837146E+03 
       473  3.983540000E-03 -1.093890000E-02  1.000000000E-01  2.274441603E-01 -4.421198042E+03 
       474  9.355260000E-01 -9.960600000E-03  1.000000000E-01  1.510653830E-02 -1.225331422E+03 
       475  2.745270000E-03 -9.124550000E-03  1.000000000E-01  2.496685853E-01 -4.953136516E+03 
       476  9.486220000E-01 -8.247430000E-03  1.000000000E-01  1.884089571E-02 -1.220131914E+03 
       477  1.752850000E-03 -7.324960000E-03  1.000000000E-01  2.659469815E-01 -5.416545045E+03 
       478  9.595320000E-01 -6.799650000E-03  1.000000000E-01  2.045397483E-02 -1.216503630E+03 
       479  9.686220000E-01 -5.578890000E-03  1.000000000E-01  2.117013670E-02 -1.212733131E+03 
       480  9.860190000E-04 -5.518970000E-03  1.000000000E-01  2.790418081E-01 -5.796351311E+03 
       481  9.761960000E-01 -4.551510000E-03  1.000000000E-01  2.144984626E-02 -1.208116230E+03 
       482  4.384000000E-04 -3.696570000E-03  1.000000000E-01  2.884740582E-01 -6.047356842E+03 
       483  9.825070000E-01 -3.688230000E-03  1.000000000E-01  2.096101772E-02 -1.203111458E+03 
       484  9.877650000E-01 -2.963870000E-03  1.000000000E-01  1.938756150E-02 -1.198553369E+03 
       485  9.921460000E-01 -2.356690000E-03  1.000000000E-01  1.665044772E-02 -1.194690629E+03 
       486  1.095110000E-04 -1.855900000E-03  1.000000000E-01  2.945374523E-01 -6.116632804E+03 
       487  9.957970000E-01 -1.848260000E-03  1.000000000E-01  1.289781961E-02 -1.193107505E+03 
       488  9.988390000E-01 -1.422790000E-03  1.000000000E-01  8.535603043E-03 -1.195638612E+03 
       489  1.001370000E+00 -1.062990000E-03  1.000000000E-01  4.334604236E-03 -1.202225960E+03 
       490  1.003480000E+00 -7.543150000E-04  1.000000000E-01  1.749711891E-03 -1.210502007E+03 
       491  1.005240000E+00 -4.991700000E-04  1.000000000E-01  9.236045580E-04 -1.216442586E+03 
       492  1.006710000E+00 -2.932730000E-04  1.000000000E-01  2.774027544E-03 -1.216899983E+03 
       493  1.007930000E+00 -1.294160000E-04  1.000000000E-01  1.281049260E-02 -1.231916889E+03 
       494  0.000000000E+00  0.000000000E+00  1.000000000E-01  2.980643845E-01 -5.974338179E+03 
       495  1.008950000E+00  0.000000000E+00  1.000000000E-01  3.270351549E-02 -1.182367794E+03 
       496  1.008950000E+00  1.219510000E-03  1.000000000E-01  3.791315920E-02 -1.117187989E+03 
       497  9.957970000E-01  1.848260000E-03  1.000000000E-01  1.325040125E-03  9.143678976E+02 
       498  1.095110000E-04  1.855900000E-03  1.000000000E-01  2.972371274E-01 -5.668358025E+03 
       499  9.921460000E-01  2.356690000E-03  1.000000000E-01  4.082812809E-03  9.140542241E+02 
       500  1.008950000E+00  2.439020000E-03  1.000000000E-01  3.464772302E-02 -1.109922035E+03 
       501  9.877650000E-01  2.963870000E-03  1.000000000E-01  7.441996227E-03  9.114738955E+02 
       502  1.008950000E+00  3.658540000E-03  1.000000000E-01  3.303303004E-02 -1.100249409E+03 
       503  9.825070000E-01  3.688230000E-03  1.000000000E-01  8.587556406E-03  9.095249987E+02 
       504  4.384000000E-04  3.696570000E-03  1.000000000E-01  2.893881228E-01 -5.258159018E+03 
       505  9.761960000E-01  4.551510000E-03  1.000000000E-01  7.832116028E-03  9.094217429E+02 
       506  1.008950000E+00  4.878050000E-03  1.000000000E-01  3.197228138E-02 -1.096130539E+03 
       507  9.860190000E-04  5.518970000E-03  1.000000000E-01  2.761242846E-01 -4.708900446E+03 
       508  9.686220000E-01  5.578890000E-03  1.000000000E-01  7.292961168E-03  9.097082960E+02 
       509  1.008950000E+00  6.097560000E-03  1.000000000E-01  3.133593838E-02 -1.094150559E+03 
       510  9.595320000E-01  6.799650000E-03  1.000000000E-01  8.036069777E-03  9.064706292E+02 
       511  1.008950000E+00  7.317070000E-03  1.000000000E-01  3.089221245E-02 -1.093378020E+03 
       512  1.752850000E-03  7.324960000E-03  1.000000000E-01  2.600227646E-01 -4.044633130E+03 
       513  9.486220000E-01  8.247430000E-03  1.000000000E-01  7.457938546E-03  8.978425435E+02 
       514  1.008950000E+00  8.536590000E-03  1.000000000E-01  3.053279627E-02 -1.093007597E+03 
       515  2.745270000E-03  9.124550000E-03  1.000000000E-01  2.415131012E-01 -3.340495897E+03 
       516  1.008950000E+00  9.756100000E-03  1.000000000E-01  3.019315694E-02 -1.092736679E+03 
       517  9.355260000E-01  9.960600000E-03  1.000000000E-01  6.979685459E-03  8.825627219E+02 
       518  3.983540000E-03  1.093890000E-02  1.000000000E-01  2.210013576E-01 -2.608954832E+03 
       519  9.988390000E-01  1.096260000E-02  1.000000000E-01  1.102965670E-03  9.118115663E+02 
       520  1.008950000E+00  1.097560000E-02  1.000000000E-01  2.984103446E-02 -1.092466597E+03 
       521  9.198070000E-01  1.198220000E-02  1.000000000E-01  1.767708745E-02  8.517718721E+02 
       522  1.008950000E+00  1.219510000E-02  1.000000000E-01  2.945761949E-02 -1.092146069E+03 
       523  5.510960000E-03  1.280140000E-02  1.000000000E-01  2.000579771E-01 -1.914613238E+03 
       524  1.008950000E+00  1.341460000E-02  1.000000000E-01  2.903049887E-02 -1.091740810E+03 
       525  9.009380000E-01  1.436040000E-02  1.000000000E-01  3.464788398E-02  8.029339828E+02 
       526  1.008950000E+00  1.463410000E-02  1.000000000E-01  2.855111272E-02 -1.091230828E+03 
       527  7.411530000E-03  1.476420000E-02  1.000000000E-01  1.801881904E-01 -1.331113635E+03 
       528  1.008950000E+00  1.585370000E-02  1.000000000E-01  2.801403455E-02 -1.090608982E+03 
       529  9.850590000E-03  1.691540000E-02  1.000000000E-01  1.605802644E-01 -8.285742996E+02 
       530  1.008950000E+00  1.707320000E-02  1.000000000E-01  2.741650993E-02 -1.089879534E+03 
       531  8.782860000E-01  1.714700000E-02  1.000000000E-01  4.573260557E-02  7.526498506E+02 
       532  1.008950000E+00  1.829270000E-02  1.000000000E-01  2.675783727E-02 -1.089051404E+03 
       533  1.318260000E-02  1.942040000E-02  1.000000000E-01  1.389575758E-01 -3.401857912E+02 
       534  1.008950000E+00  1.951220000E-02  1.000000000E-01  2.603765423E-02 -1.088130459E+03 
       535  8.510930000E-01  2.039720000E-02  1.000000000E-01  5.225770740E-02  7.157622413E+02 
       536  1.008950000E+00  2.073170000E-02  1.000000000E-01  2.525497256E-02 -1.087133233E+03 
       537  1.001370000E+00  2.073980000E-02  1.000000000E-01  9.458939551E-04  9.062601305E+02 
       538  1.008950000E+00  2.195120000E-02  1.000000000E-01  2.440988924E-02 -1.086100399E+03 
       539  1.821900000E-02  2.259850000E-02  1.000000000E-01  1.138341760E-01  1.435172108E+02 
       540  1.008950000E+00  2.317070000E-02  1.000000000E-01  2.350235434E-02 -1.085093389E+03 
       541  1.008950000E+00  2.439020000E-02  1.000000000E-01  2.252936673E-02 -1.084134772E+03 
       542  8.159680000E-01  2.444550000E-02  1.000000000E-01  5.624368167E-02  6.946873494E+02 
       543  1.008950000E+00  2.560980000E-02  1.000000000E-01  2.148721343E-02 -1.083207239E+03 
       544  2.634450000E-02  2.677890000E-02  1.000000000E-01  8.646838371E-02  5.627963620E+02 
       545  1.008950000E+00  2.682930000E-02  1.000000000E-01  2.037330354E-02 -1.082325644E+03 
       546  1.008950000E+00  2.804880000E-02  1.000000000E-01  1.918436721E-02 -1.081526619E+03 
       547  7.808250000E-01  2.833060000E-02  1.000000000E-01  5.803924396E-02  6.905144458E+02 
       548  1.003480000E+00  2.887370000E-02  1.000000000E-01  1.746531716E-03  8.959441750E+02 
       549  1.008950000E+00  2.926830000E-02  1.000000000E-01  1.791527764E-02 -1.080845134E+03 
       550  1.008950000E+00  3.048780000E-02  1.000000000E-01  1.655958259E-02 -1.080315036E+03 
       551  3.777470000E-02  3.147510000E-02  1.000000000E-01  6.001902944E-02  8.640502116E+02 
       552  1.008950000E+00  3.170730000E-02  1.000000000E-01  1.511078971E-02 -1.079965409E+03 
       553  7.399050000E-01  3.264710000E-02  1.000000000E-01  5.869396489E-02  6.977195172E+02 
       554  1.008950000E+00  3.292680000E-02  1.000000000E-01  1.356310116E-02 -1.079819623E+03 
       555  1.008950000E+00  3.414630000E-02  1.000000000E-01  1.191205333E-02 -1.079891721E+03 
       556  1.008950000E+00  3.536590000E-02  1.000000000E-01  1.015458916E-02 -1.080202252E+03 
       557  1.005240000E+00  3.565510000E-02  1.000000000E-01  5.942078017E-03  8.901886050E+02 
       558  1.008950000E+00  3.658540000E-02  1.000000000E-01  8.290007244E-03 -1.080814108E+03 
       559  6.989630000E-01  3.673990000E-02  1.000000000E-01  5.875226824E-02  7.115987682E+02 
       560  5.488770000E-02  3.697740000E-02  1.000000000E-01  3.492233274E-02  1.052325725E+03 
       561  1.008950000E+00  3.780490000E-02  1.000000000E-01  6.323229686E-03 -1.081792389E+03 
       562  1.008950000E+00  3.902440000E-02  1.000000000E-01  4.268406843E-03 -1.083260878E+03 
       563  1.008950000E+00  4.024390000E-02  1.000000000E-01  2.243781924E-03 -1.085385182E+03 
       564  6.579970000E-01  4.059990000E-02  1.000000000E-01  5.831432699E-02  7.303809517E+02 
       565  1.006710000E+00  4.131690000E-02  1.000000000E-01  2.258258197E-02  9.091312627E+02 
       566  1.008950000E+00  4.146340000E-02  1.000000000E-01  1.621606393E-03 -1.088323753E+03 
       567  1.008950000E+00  4.268290000E-02  1.000000000E-01  3.258711651E-03 -1.092335473E+03 
       568  8.351470000E-02  4.379180000E-02  1.000000000E-01  1.176284974E-02  1.146459563E+03 
       569  1.008950000E+00  4.390240000E-02  1.000000000E-01  6.080451640E-03 -1.097923366E+03 
       570  6.170090000E-01  4.421250000E-02  1.000000000E-01  5.750569625E-02  7.525384860E+02 
       571  1.008950000E+00  4.512200000E-02  1.000000000E-01  9.503419853E-03 -1.105869558E+03 
       572  1.007930000E+00  4.604710000E-02  1.000000000E-01  6.779279794E-02  8.537833873E+02 
       573  1.008950000E+00  4.634150000E-02  1.000000000E-01  1.371827047E-02 -1.118360114E+03 
       574  5.759990000E-01  4.755650000E-02  1.000000000E-01  5.643999582E-02  7.770190916E+02 
       575  1.008950000E+00  4.756100000E-02  1.000000000E-01  1.931542819E-02 -1.132986408E+03 
       576  1.008950000E+00  4.878050000E-02  1.000000000E-01  2.386071502E-02 -1.193560327E+03 
       577  1.008950000E+00  5.000000000E-02  1.000000000E-01  6.973399912E-02 -3.661986207E+02 
       578  1.241140000E-01  5.043730000E-02  1.000000000E-01  8.476705578E-03  1.159362219E+03 
       579  5.349650000E-01  5.060440000E-02  1.000000000E-01  5.524949311E-02  8.034862408E+02 
       580  4.939080000E-01  5.332060000E-02  1.000000000E-01  5.394820752E-02  8.318050388E+02 
       581  1.650180000E-01  5.486620000E-02  1.000000000E-01  2.154579571E-02  1.129799591E+03 
       582  4.528280000E-01  5.566140000E-02  1.000000000E-01  5.242615617E-02  8.619557846E+02 
       583  4.117260000E-01  5.757270000E-02  1.000000000E-01  5.052092912E-02  8.939556206E+02 
       584  2.060650000E-01  5.771190000E-02  1.000000000E-01  3.064595307E-02  1.088078377E+03 
       585  3.706030000E-01  5.898830000E-02  1.000000000E-01  4.814276987E-02  9.279877270E+02 
       586  2.471780000E-01  5.933890000E-02  1.000000000E-01  3.707933486E-02  1.044890228E+03 
       587  3.294650000E-01  5.982680000E-02  1.000000000E-01  4.525357727E-02  9.643969028E+02 
       588  2.883190000E-01  5.998690000E-02  1.000000000E-01  4.172819405E-02  1.003384104E+03 
