nodenumber     x-coordinate     y-coordinate     z-coordinate      mach-number         pressure 
         1  2.883190000E-01 -5.998690000E-02  0.000000000E+00  7.824455085E-02 -8.630455428E+02 
         2  3.294650000E-01 -5.982680000E-02  0.000000000E+00  7.548828129E-02 -8.025757897E+02 
         3  2.471780000E-01 -5.933890000E-02  0.000000000E+00  8.192695602E-02 -9.324986134E+02 
         4  3.706030000E-01 -5.898830000E-02  0.000000000E+00  7.321775620E-02 -7.490065719E+02 
         5  2.060650000E-01 -5.771190000E-02  0.000000000E+00  8.713111123E-02 -1.014711684E+03 
         6  4.117260000E-01 -5.757270000E-02  0.000000000E+00  7.117332664E-02 -7.010214241E+02 
         7  4.528280000E-01 -5.566140000E-02  0.000000000E+00  6.922490628E-02 -6.576958280E+02 
         8  1.650180000E-01 -5.486620000E-02  0.000000000E+00  9.449845116E-02 -1.116732369E+03 
         9  4.939080000E-01 -5.332060000E-02  0.000000000E+00  6.734362514E-02 -6.183374331E+02 
        10  5.349650000E-01 -5.060440000E-02  0.000000000E+00  6.556988266E-02 -5.823626731E+02 
        11  1.241140000E-01 -5.043730000E-02  0.000000000E+00  1.040455618E-01 -1.260048008E+03 
        12  5.759990000E-01 -4.755650000E-02  0.000000000E+00  6.392290428E-02 -5.493300769E+02 
        13  6.170090000E-01 -4.421250000E-02  0.000000000E+00  6.238059429E-02 -5.187979192E+02 
        14  8.351470000E-02 -4.379180000E-02  0.000000000E+00  1.161628363E-01 -1.472521148E+03 
        15  6.579970000E-01 -4.059990000E-02  0.000000000E+00  6.091597894E-02 -4.902916899E+02 
        16  5.488770000E-02 -3.697740000E-02  0.000000000E+00  1.301656979E-01 -1.700954760E+03 
        17  6.989630000E-01 -3.673990000E-02  0.000000000E+00  5.952029759E-02 -4.633809242E+02 
        18  7.399050000E-01 -3.264710000E-02  0.000000000E+00  5.819259693E-02 -4.375456272E+02 
        19  3.777470000E-02 -3.147510000E-02  0.000000000E+00  1.450644645E-01 -1.916522969E+03 
        20  7.808250000E-01 -2.833060000E-02  0.000000000E+00  5.691258362E-02 -4.128211290E+02 
        21  2.634450000E-02 -2.677890000E-02  0.000000000E+00  1.597440453E-01 -2.138210252E+03 
        22  8.159680000E-01 -2.444550000E-02  0.000000000E+00  5.578977089E-02 -3.911762978E+02 
        23  1.821900000E-02 -2.259850000E-02  0.000000000E+00  1.736523163E-01 -2.364373122E+03 
        24  8.510930000E-01 -2.039720000E-02  0.000000000E+00  5.473962399E-02 -3.703605489E+02 
        25  1.318260000E-02 -1.942040000E-02  0.000000000E+00  1.870535563E-01 -2.591478127E+03 
        26  8.782860000E-01 -1.714700000E-02  0.000000000E+00  5.389317598E-02 -3.532560521E+02 
        27  9.850590000E-03 -1.691540000E-02  0.000000000E+00  1.970515136E-01 -2.722603648E+03 
        28  7.411530000E-03 -1.476420000E-02  0.000000000E+00  2.005307647E-01 -2.737755094E+03 
        29  9.009380000E-01 -1.436040000E-02  0.000000000E+00  5.320000063E-02 -3.387009332E+02 
        30  5.510960000E-03 -1.280140000E-02  0.000000000E+00  2.004610217E-01 -2.723407937E+03 
        31  9.198070000E-01 -1.198220000E-02  0.000000000E+00  5.263259373E-02 -3.259233153E+02 
        32  3.983540000E-03 -1.093890000E-02  0.000000000E+00  1.996576154E-01 -2.675966808E+03 
        33  9.355260000E-01 -9.960600000E-03  0.000000000E+00  5.216600502E-02 -3.145914049E+02 
        34  2.745270000E-03 -9.124550000E-03  0.000000000E+00  1.978067128E-01 -2.585742926E+03 
        35  9.486220000E-01 -8.247430000E-03  0.000000000E+00  5.176912555E-02 -3.043667459E+02 
        36  1.752850000E-03 -7.324960000E-03  0.000000000E+00  1.946260693E-01 -2.440811620E+03 
        37  9.595320000E-01 -6.799650000E-03  0.000000000E+00  5.141097561E-02 -2.949428580E+02 
        38  9.686220000E-01 -5.578890000E-03  0.000000000E+00  5.106708733E-02 -2.860994403E+02 
        39  9.860190000E-04 -5.518970000E-03  0.000000000E+00  1.902336760E-01 -2.235561440E+03 
        40  9.761960000E-01 -4.551510000E-03  0.000000000E+00  5.071775578E-02 -2.776765365E+02 
        41  4.384000000E-04 -3.696570000E-03  0.000000000E+00  1.844650995E-01 -1.977977196E+03 
        42  9.825070000E-01 -3.688230000E-03  0.000000000E+00  5.034871105E-02 -2.695720498E+02 
        43  9.877650000E-01 -2.963870000E-03  0.000000000E+00  4.995055497E-02 -2.617273332E+02 
        44  9.921460000E-01 -2.356690000E-03  0.000000000E+00  4.952085382E-02 -2.541206077E+02 
        45  1.095110000E-04 -1.855900000E-03  0.000000000E+00  1.758072044E-01 -1.700773658E+03 
        46  9.957970000E-01 -1.848260000E-03  0.000000000E+00  4.906613336E-02 -2.467538540E+02 
        47  9.988390000E-01 -1.422790000E-03  0.000000000E+00  4.856812561E-02 -2.395699622E+02 
        48  1.001370000E+00 -1.062990000E-03  0.000000000E+00  4.793722542E-02 -2.322066716E+02 
        49  1.003480000E+00 -7.543150000E-04  0.000000000E+00  4.715653521E-02 -2.243375727E+02 
        50  1.005240000E+00 -4.991700000E-04  0.000000000E+00  4.640493907E-02 -2.169358765E+02 
        51  1.006710000E+00 -2.932730000E-04  0.000000000E+00  4.584790677E-02 -2.109884144E+02 
        52  1.007930000E+00 -1.294160000E-04  0.000000000E+00  4.544668718E-02 -2.068159594E+02 
        53  0.000000000E+00  0.000000000E+00  0.000000000E+00  1.636385018E-01 -1.396768792E+03 
        54  1.008950000E+00  0.000000000E+00  0.000000000E+00  2.973772423E-02 -2.066673661E+02 
        55  1.008950000E+00  1.219510000E-03  0.000000000E+00  5.843800364E-03 -2.090925651E+02 
        56  9.957970000E-01  1.848260000E-03  0.000000000E+00  5.911176580E-04  4.144196512E+02 
        57  1.095110000E-04  1.855900000E-03  0.000000000E+00  1.491170207E-01 -1.048908135E+03 
        58  9.921460000E-01  2.356690000E-03  0.000000000E+00  6.658079220E-04  4.146222308E+02 
        59  1.008950000E+00  2.439020000E-03  0.000000000E+00  5.566396864E-03 -2.065369261E+02 
        60  9.877650000E-01  2.963870000E-03  0.000000000E+00  7.419447003E-04  4.146040760E+02 
        61  1.008950000E+00  3.658540000E-03  0.000000000E+00  4.967798507E-03 -2.059696653E+02 
        62  9.825070000E-01  3.688230000E-03  0.000000000E+00  7.606124507E-04  4.145256816E+02 
        63  4.384000000E-04  3.696570000E-03  0.000000000E+00  1.330950505E-01 -6.938746723E+02 
        64  9.761960000E-01  4.551510000E-03  0.000000000E+00  4.981952225E-04  4.144795891E+02 
        65  1.008950000E+00  4.878050000E-03  0.000000000E+00  4.263825270E-03 -2.062150557E+02 
        66  9.860190000E-04  5.518970000E-03  0.000000000E+00  1.162144971E-01 -3.642942762E+02 
        67  9.686220000E-01  5.578890000E-03  0.000000000E+00  6.093685955E-04  4.142740070E+02 
        68  1.008950000E+00  6.097560000E-03  0.000000000E+00  3.637415973E-03 -2.070652095E+02 
        69  9.595320000E-01  6.799650000E-03  0.000000000E+00  1.597705397E-03  4.136641261E+02 
        70  1.008950000E+00  7.317070000E-03  0.000000000E+00  3.119953915E-03 -2.083300296E+02 
        71  1.752850000E-03  7.324960000E-03  0.000000000E+00  9.913375595E-02 -7.534400912E+01 
        72  9.486220000E-01  8.247430000E-03  0.000000000E+00  2.599702510E-03  4.120005348E+02 
        73  1.008950000E+00  8.536590000E-03  0.000000000E+00  2.682294113E-03 -2.100264526E+02 
        74  2.745270000E-03  9.124550000E-03  0.000000000E+00  8.250968074E-02  1.627049454E+02 
        75  1.008950000E+00  9.756100000E-03  0.000000000E+00  2.298178652E-03 -2.121384804E+02 
        76  9.355260000E-01  9.960600000E-03  0.000000000E+00  2.725175260E-03  4.080746395E+02 
        77  3.983540000E-03  1.093890000E-02  0.000000000E+00  6.661714914E-02  3.482603459E+02 
        78  9.988390000E-01  1.096260000E-02  0.000000000E+00  8.956427164E-04  4.111764126E+02 
        79  1.008950000E+00  1.097560000E-02  0.000000000E+00  1.937949534E-03 -2.146891444E+02 
        80  9.198070000E-01  1.198220000E-02  0.000000000E+00  1.875842225E-03  3.999289637E+02 
        81  1.008950000E+00  1.219510000E-02  0.000000000E+00  1.582360078E-03 -2.176583343E+02 
        82  5.510960000E-03  1.280140000E-02  0.000000000E+00  5.130477288E-02  4.896735810E+02 
        83  1.008950000E+00  1.341460000E-02  0.000000000E+00  1.215771906E-03 -2.210413409E+02 
        84  9.009380000E-01  1.436040000E-02  0.000000000E+00  5.146017689E-03  3.846535061E+02 
        85  1.008950000E+00  1.463410000E-02  0.000000000E+00  8.322751341E-04 -2.248522544E+02 
        86  7.411530000E-03  1.476420000E-02  0.000000000E+00  3.640514632E-02  5.926106144E+02 
        87  1.008950000E+00  1.585370000E-02  0.000000000E+00  4.945315299E-04 -2.291124137E+02 
        88  9.850590000E-03  1.691540000E-02  0.000000000E+00  2.168322206E-02  6.606228706E+02 
        89  1.008950000E+00  1.707320000E-02  0.000000000E+00  4.860255109E-04 -2.338423788E+02 
        90  8.782860000E-01  1.714700000E-02  0.000000000E+00  1.433058132E-02  3.596673199E+02 
        91  1.008950000E+00  1.829270000E-02  0.000000000E+00  9.025524758E-04 -2.390650177E+02 
        92  1.318260000E-02  1.942040000E-02  0.000000000E+00  8.076679869E-03  6.952995821E+02 
        93  1.008950000E+00  1.951220000E-02  0.000000000E+00  1.523174464E-03 -2.448055969E+02 
        94  8.510930000E-01  2.039720000E-02  0.000000000E+00  2.439809802E-02  3.254617344E+02 
        95  1.008950000E+00  2.073170000E-02  0.000000000E+00  2.243085770E-03 -2.510897424E+02 
        96  1.001370000E+00  2.073980000E-02  0.000000000E+00  1.219490644E-03  4.010118935E+02 
        97  1.008950000E+00  2.195120000E-02  0.000000000E+00  3.051912605E-03 -2.579539076E+02 
        98  1.821900000E-02  2.259850000E-02  0.000000000E+00  9.019952508E-03  6.924821134E+02 
        99  1.008950000E+00  2.317070000E-02  0.000000000E+00  3.946331172E-03 -2.654347070E+02 
       100  1.008950000E+00  2.439020000E-02  0.000000000E+00  4.920540401E-03 -2.735477174E+02 
       101  8.159680000E-01  2.444550000E-02  0.000000000E+00  3.297164173E-02  2.863366394E+02 
       102  1.008950000E+00  2.560980000E-02  0.000000000E+00  5.969281571E-03 -2.823037251E+02 
       103  2.634450000E-02  2.677890000E-02  0.000000000E+00  2.364498837E-02  6.513173789E+02 
       104  1.008950000E+00  2.682930000E-02  0.000000000E+00  7.088087420E-03 -2.917148959E+02 
       105  1.008950000E+00  2.804880000E-02  0.000000000E+00  8.271897494E-03 -3.017829974E+02 
       106  7.808250000E-01  2.833060000E-02  0.000000000E+00  3.858926774E-02  2.528296767E+02 
       107  1.003480000E+00  2.887370000E-02  0.000000000E+00  7.269062172E-04  3.892209090E+02 
       108  1.008950000E+00  2.926830000E-02  0.000000000E+00  9.514371203E-03 -3.124932971E+02 
       109  1.008950000E+00  3.048780000E-02  0.000000000E+00  1.080732342E-02 -3.238070986E+02 
       110  3.777470000E-02  3.147510000E-02  0.000000000E+00  3.708989286E-02  5.842280009E+02 
       111  1.008950000E+00  3.170730000E-02  0.000000000E+00  1.214048070E-02 -3.356567752E+02 
       112  7.399050000E-01  3.264710000E-02  0.000000000E+00  4.281528561E-02  2.234270374E+02 
       113  1.008950000E+00  3.292680000E-02  0.000000000E+00  1.350129839E-02 -3.479417726E+02 
       114  1.008950000E+00  3.414630000E-02  0.000000000E+00  1.487474385E-02 -3.605266734E+02 
       115  1.008950000E+00  3.536590000E-02  0.000000000E+00  1.624243557E-02 -3.732409464E+02 
       116  1.005240000E+00  3.565510000E-02  0.000000000E+00  5.872741349E-04  3.903383178E+02 
       117  1.008950000E+00  3.658540000E-02  0.000000000E+00  1.758110651E-02 -3.858809410E+02 
       118  6.989630000E-01  3.673990000E-02  0.000000000E+00  4.596512620E-02  2.003478791E+02 
       119  5.488770000E-02  3.697740000E-02  0.000000000E+00  4.866640128E-02  4.955151019E+02 
       120  1.008950000E+00  3.780490000E-02  0.000000000E+00  1.886172124E-02 -3.982130641E+02 
       121  1.008950000E+00  3.902440000E-02  0.000000000E+00  2.004785461E-02 -4.099206847E+02 
       122  1.008950000E+00  4.024390000E-02  0.000000000E+00  2.109315398E-02 -4.205791497E+02 
       123  6.579970000E-01  4.059990000E-02  0.000000000E+00  4.845560509E-02  1.820651688E+02 
       124  1.006710000E+00  4.131690000E-02  0.000000000E+00  1.083176386E-02  4.191086268E+02 
       125  1.008950000E+00  4.146340000E-02  0.000000000E+00  2.194490421E-02 -4.298742313E+02 
       126  1.008950000E+00  4.268290000E-02  0.000000000E+00  2.255495259E-02 -4.377695503E+02 
       127  8.351470000E-02  4.379180000E-02  0.000000000E+00  5.879652727E-02  3.870464171E+02 
       128  1.008950000E+00  4.390240000E-02  0.000000000E+00  2.288573712E-02 -4.444071318E+02 
       129  6.170090000E-01  4.421250000E-02  0.000000000E+00  5.057237713E-02  1.673611943E+02 
       130  1.008950000E+00  4.512200000E-02  0.000000000E+00  2.295061473E-02 -4.497157161E+02 
       131  1.007930000E+00  4.604710000E-02  0.000000000E+00  4.090509540E-02  4.284873587E+02 
       132  1.008950000E+00  4.634150000E-02  0.000000000E+00  2.280167049E-02 -4.536451716E+02 
       133  5.759990000E-01  4.755650000E-02  0.000000000E+00  5.244136696E-02  1.555487990E+02 
       134  1.008950000E+00  4.756100000E-02  0.000000000E+00  2.288530614E-02 -4.564061238E+02 
       135  1.008950000E+00  4.878050000E-02  0.000000000E+00  2.176330924E-02 -4.734070599E+02 
       136  1.008950000E+00  5.000000000E-02  0.000000000E+00  4.591186985E-02 -9.582756498E+01 
       137  1.241140000E-01  5.043730000E-02  0.000000000E+00  6.529152851E-02  2.880914997E+02 
       138  5.349650000E-01  5.060440000E-02  0.000000000E+00  5.413686883E-02  1.461688592E+02 
       139  4.939080000E-01  5.332060000E-02  0.000000000E+00  5.572418806E-02  1.390359850E+02 
       140  1.650180000E-01  5.486620000E-02  0.000000000E+00  6.686727854E-02  2.258942471E+02 
       141  4.528280000E-01  5.566140000E-02  0.000000000E+00  5.725631395E-02  1.341742526E+02 
       142  4.117260000E-01  5.757270000E-02  0.000000000E+00  5.870088901E-02  1.319067775E+02 
       143  2.060650000E-01  5.771190000E-02  0.000000000E+00  6.610041078E-02  1.870902667E+02 
       144  3.706030000E-01  5.898830000E-02  0.000000000E+00  6.009455576E-02  1.326416708E+02 
       145  2.471780000E-01  5.933890000E-02  0.000000000E+00  6.467449246E-02  1.620454421E+02 
       146  3.294650000E-01  5.982680000E-02  0.000000000E+00  6.154564379E-02  1.370294546E+02 
       147  2.883190000E-01  5.998690000E-02  0.000000000E+00  6.309274933E-02  1.462524832E+02 
       148  2.883190000E-01 -5.998690000E-02  3.333330000E-02  7.824455322E-02 -8.630455940E+02 
       149  3.294650000E-01 -5.982680000E-02  3.333330000E-02  7.548827995E-02 -8.025757613E+02 
       150  2.471780000E-01 -5.933890000E-02  3.333330000E-02  8.192696465E-02 -9.324987635E+02 
       151  3.706030000E-01 -5.898830000E-02  3.333330000E-02  7.321775764E-02 -7.490066105E+02 
       152  2.060650000E-01 -5.771190000E-02  3.333330000E-02  8.713112520E-02 -1.014711887E+03 
       153  4.117260000E-01 -5.757270000E-02  3.333330000E-02  7.117332942E-02 -7.010214943E+02 
       154  4.528280000E-01 -5.566140000E-02  3.333330000E-02  6.922490876E-02 -6.576958900E+02 
       155  1.650180000E-01 -5.486620000E-02  3.333330000E-02  9.449848979E-02 -1.116732879E+03 
       156  4.939080000E-01 -5.332060000E-02  3.333330000E-02  6.734362537E-02 -6.183374496E+02 
       157  5.349650000E-01 -5.060440000E-02  3.333330000E-02  6.556988337E-02 -5.823627017E+02 
       158  1.241140000E-01 -5.043730000E-02  3.333330000E-02  1.040456226E-01 -1.260049002E+03 
       159  5.759990000E-01 -4.755650000E-02  3.333330000E-02  6.392290474E-02 -5.493301021E+02 
       160  6.170090000E-01 -4.421250000E-02  3.333330000E-02  6.238059405E-02 -5.187979306E+02 
       161  8.351470000E-02 -4.379180000E-02  3.333330000E-02  1.161631100E-01 -1.472526169E+03 
       162  6.579970000E-01 -4.059990000E-02  3.333330000E-02  6.091597857E-02 -4.902916968E+02 
       163  5.488770000E-02 -3.697740000E-02  3.333330000E-02  1.301661409E-01 -1.700961341E+03 
       164  6.989630000E-01 -3.673990000E-02  3.333330000E-02  5.952029638E-02 -4.633809101E+02 
       165  7.399050000E-01 -3.264710000E-02  3.333330000E-02  5.819259744E-02 -4.375456396E+02 
       166  3.777470000E-02 -3.147510000E-02  3.333330000E-02  1.450647813E-01 -1.916527437E+03 
       167  7.808250000E-01 -2.833060000E-02  3.333330000E-02  5.691257641E-02 -4.128209882E+02 
       168  2.634450000E-02 -2.677890000E-02  3.333330000E-02  1.597441844E-01 -2.138212492E+03 
       169  8.159680000E-01 -2.444550000E-02  3.333330000E-02  5.578977146E-02 -3.911763011E+02 
       170  1.821900000E-02 -2.259850000E-02  3.333330000E-02  1.736524284E-01 -2.364374963E+03 
       171  8.510930000E-01 -2.039720000E-02  3.333330000E-02  5.473961371E-02 -3.703603373E+02 
       172  1.318260000E-02 -1.942040000E-02  3.333330000E-02  1.870538128E-01 -2.591482612E+03 
       173  8.782860000E-01 -1.714700000E-02  3.333330000E-02  5.389316900E-02 -3.532559179E+02 
       174  9.850590000E-03 -1.691540000E-02  3.333330000E-02  1.970516989E-01 -2.722604473E+03 
       175  7.411530000E-03 -1.476420000E-02  3.333330000E-02  2.005307726E-01 -2.737755108E+03 
       176  9.009380000E-01 -1.436040000E-02  3.333330000E-02  5.319999451E-02 -3.387008395E+02 
       177  5.510960000E-03 -1.280140000E-02  3.333330000E-02  2.004610101E-01 -2.723407162E+03 
       178  9.198070000E-01 -1.198220000E-02  3.333330000E-02  5.263258448E-02 -3.259231982E+02 
       179  3.983540000E-03 -1.093890000E-02  3.333330000E-02  1.996575893E-01 -2.675965377E+03 
       180  9.355260000E-01 -9.960600000E-03  3.333330000E-02  5.216599105E-02 -3.145912508E+02 
       181  2.745270000E-03 -9.124550000E-03  3.333330000E-02  1.978066715E-01 -2.585741058E+03 
       182  9.486220000E-01 -8.247430000E-03  3.333330000E-02  5.176910593E-02 -3.043665602E+02 
       183  1.752850000E-03 -7.324960000E-03  3.333330000E-02  1.946260273E-01 -2.440809722E+03 
       184  9.595320000E-01 -6.799650000E-03  3.333330000E-02  5.141094900E-02 -2.949426319E+02 
       185  9.686220000E-01 -5.578890000E-03  3.333330000E-02  5.106705294E-02 -2.860991713E+02 
       186  9.860190000E-04 -5.518970000E-03  3.333330000E-02  1.902336441E-01 -2.235559932E+03 
       187  9.761960000E-01 -4.551510000E-03  3.333330000E-02  5.071771344E-02 -2.776762302E+02 
       188  4.384000000E-04 -3.696570000E-03  3.333330000E-02  1.844650783E-01 -1.977976303E+03 
       189  9.825070000E-01 -3.688230000E-03  3.333330000E-02  5.034866088E-02 -2.695717115E+02 
       190  9.877650000E-01 -2.963870000E-03  3.333330000E-02  4.995049753E-02 -2.617269718E+02 
       191  9.921460000E-01 -2.356690000E-03  3.333330000E-02  4.952079040E-02 -2.541202399E+02 
       192  1.095110000E-04 -1.855900000E-03  3.333330000E-02  1.758071924E-01 -1.700773356E+03 
       193  9.957970000E-01 -1.848260000E-03  3.333330000E-02  4.906606575E-02 -2.467535000E+02 
       194  9.988390000E-01 -1.422790000E-03  3.333330000E-02  4.856805596E-02 -2.395696434E+02 
       195  1.001370000E+00 -1.062990000E-03  3.333330000E-02  4.793715705E-02 -2.322064198E+02 
       196  1.003480000E+00 -7.543150000E-04  3.333330000E-02  4.715647085E-02 -2.243374106E+02 
       197  1.005240000E+00 -4.991700000E-04  3.333330000E-02  4.640488041E-02 -2.169358136E+02 
       198  1.006710000E+00 -2.932730000E-04  3.333330000E-02  4.584785764E-02 -2.109884746E+02 
       199  1.007930000E+00 -1.294160000E-04  3.333330000E-02  4.544665205E-02 -2.068161633E+02 
       200  0.000000000E+00  0.000000000E+00  3.333330000E-02  1.636385016E-01 -1.396768793E+03 
       201  1.008950000E+00  0.000000000E+00  3.333330000E-02  2.557543193E-02 -2.082152572E+02 
       202  1.008950000E+00  1.219510000E-03  3.333330000E-02  5.843790966E-03 -2.090929457E+02 
       203  9.957970000E-01  1.848260000E-03  3.333330000E-02  5.910738506E-04  4.144193280E+02 
       204  1.095110000E-04  1.855900000E-03  3.333330000E-02  1.491170376E-01 -1.048908536E+03 
       205  9.921460000E-01  2.356690000E-03  3.333330000E-02  6.658013719E-04  4.146222607E+02 
       206  1.008950000E+00  2.439020000E-03  3.333330000E-02  5.566334220E-03 -2.065372982E+02 
       207  9.877650000E-01  2.963870000E-03  3.333330000E-02  7.419381089E-04  4.146041031E+02 
       208  1.008950000E+00  3.658540000E-03  3.333330000E-02  4.967722578E-03 -2.059701110E+02 
       209  9.825070000E-01  3.688230000E-03  3.333330000E-02  7.606051870E-04  4.145257082E+02 
       210  4.384000000E-04  3.696570000E-03  3.333330000E-02  1.330951035E-01 -6.938757851E+02 
       211  9.761960000E-01  4.551510000E-03  3.333330000E-02  4.981884538E-04  4.144796137E+02 
       212  1.008950000E+00  4.878050000E-03  3.333330000E-02  4.263744599E-03 -2.062154553E+02 
       213  9.860190000E-04  5.518970000E-03  3.333330000E-02  1.162146069E-01 -3.642962744E+02 
       214  9.686220000E-01  5.578890000E-03  3.333330000E-02  6.093687943E-04  4.142740292E+02 
       215  1.008950000E+00  6.097560000E-03  3.333330000E-02  3.637313796E-03 -2.070656014E+02 
       216  9.595320000E-01  6.799650000E-03  3.333330000E-02  1.597708080E-03  4.136641481E+02 
       217  1.008950000E+00  7.317070000E-03  3.333330000E-02  3.119838527E-03 -2.083304630E+02 
       218  1.752850000E-03  7.324960000E-03  3.333330000E-02  9.913394033E-02 -7.534689744E+01 
       219  9.486220000E-01  8.247430000E-03  3.333330000E-02  2.599701864E-03  4.120005604E+02 
       220  1.008950000E+00  8.536590000E-03  3.333330000E-02  2.682176610E-03 -2.100269000E+02 
       221  2.745270000E-03  9.124550000E-03  3.333330000E-02  8.250994435E-02  1.627015372E+02 
       222  1.008950000E+00  9.756100000E-03  3.333330000E-02  2.298057965E-03 -2.121389463E+02 
       223  9.355260000E-01  9.960600000E-03  3.333330000E-02  2.725177980E-03  4.080746778E+02 
       224  3.983540000E-03  1.093890000E-02  3.333330000E-02  6.661748774E-02  3.482568315E+02 
       225  9.988390000E-01  1.096260000E-02  3.333330000E-02  8.971103704E-04  4.111624591E+02 
       226  1.008950000E+00  1.097560000E-02  3.333330000E-02  1.937826752E-03 -2.146896266E+02 
       227  9.198070000E-01  1.198220000E-02  3.333330000E-02  1.875846938E-03  3.999290207E+02 
       228  1.008950000E+00  1.219510000E-02  3.333330000E-02  1.582236659E-03 -2.176588321E+02 
       229  5.510960000E-03  1.280140000E-02  3.333330000E-02  5.130517038E-02  4.896703768E+02 
       230  1.008950000E+00  1.341460000E-02  3.333330000E-02  1.215650158E-03 -2.210418536E+02 
       231  9.009380000E-01  1.436040000E-02  3.333330000E-02  5.145984252E-03  3.846535968E+02 
       232  1.008950000E+00  1.463410000E-02  3.333330000E-02  8.321612392E-04 -2.248527811E+02 
       233  7.411530000E-03  1.476420000E-02  3.333330000E-02  3.640557275E-02  5.926081697E+02 
       234  1.008950000E+00  1.585370000E-02  3.333330000E-02  4.944660000E-04 -2.291129525E+02 
       235  9.850590000E-03  1.691540000E-02  3.333330000E-02  2.168363108E-02  6.606214365E+02 
       236  1.008950000E+00  1.707320000E-02  3.333330000E-02  4.860587624E-04 -2.338429265E+02 
       237  8.782860000E-01  1.714700000E-02  3.333330000E-02  1.433050183E-02  3.596675545E+02 
       238  1.008950000E+00  1.829270000E-02  3.333330000E-02  9.026484777E-04 -2.390655698E+02 
       239  1.318260000E-02  1.942040000E-02  3.333330000E-02  8.076920404E-03  6.952992413E+02 
       240  1.008950000E+00  1.951220000E-02  3.333330000E-02  1.523274838E-03 -2.448061477E+02 
       241  8.510930000E-01  2.039720000E-02  3.333330000E-02  2.439799287E-02  3.254621563E+02 
       242  1.008950000E+00  2.073170000E-02  3.333330000E-02  2.243180755E-03 -2.510902853E+02 
       243  1.001370000E+00  2.073980000E-02  3.333330000E-02  1.219479213E-03  4.009817342E+02 
       244  1.008950000E+00  2.195120000E-02  3.333330000E-02  3.051999268E-03 -2.579544330E+02 
       245  1.821900000E-02  2.259850000E-02  3.333330000E-02  9.019831533E-03  6.924823099E+02 
       246  1.008950000E+00  2.317070000E-02  3.333330000E-02  3.946408237E-03 -2.654352046E+02 
       247  1.008950000E+00  2.439020000E-02  3.333330000E-02  4.920607122E-03 -2.735481773E+02 
       248  8.159680000E-01  2.444550000E-02  3.333330000E-02  3.297164238E-02  2.863366358E+02 
       249  1.008950000E+00  2.560980000E-02  3.333330000E-02  5.969337381E-03 -2.823041355E+02 
       250  2.634450000E-02  2.677890000E-02  3.333330000E-02  2.364484597E-02  6.513179533E+02 
       251  1.008950000E+00  2.682930000E-02  3.333330000E-02  7.088131984E-03 -2.917152438E+02 
       252  1.008950000E+00  2.804880000E-02  3.333330000E-02  8.271930639E-03 -3.017832686E+02 
       253  7.808250000E-01  2.833060000E-02  3.333330000E-02  3.858923807E-02  2.528298758E+02 
       254  1.003480000E+00  2.887370000E-02  3.333330000E-02  7.251026616E-04  3.892030771E+02 
       255  1.008950000E+00  2.926830000E-02  3.333330000E-02  9.514392867E-03 -3.124934756E+02 
       256  1.008950000E+00  3.048780000E-02  3.333330000E-02  1.080733363E-02 -3.238071669E+02 
       257  3.777470000E-02  3.147510000E-02  3.333330000E-02  3.708963691E-02  5.842295854E+02 
       258  1.008950000E+00  3.170730000E-02  3.333330000E-02  1.214047953E-02 -3.356567141E+02 
       259  7.399050000E-01  3.264710000E-02  3.333330000E-02  4.281528632E-02  2.234270303E+02 
       260  1.008950000E+00  3.292680000E-02  3.333330000E-02  1.350128589E-02 -3.479415615E+02 
       261  1.008950000E+00  3.414630000E-02  3.333330000E-02  1.487471997E-02 -3.605262910E+02 
       262  1.008950000E+00  3.536590000E-02  3.333330000E-02  1.624239995E-02 -3.732403710E+02 
       263  1.005240000E+00  3.565510000E-02  3.333330000E-02  5.883718994E-04  3.903571691E+02 
       264  1.008950000E+00  3.658540000E-02  3.333330000E-02  1.758105836E-02 -3.858801517E+02 
       265  6.989630000E-01  3.673990000E-02  3.333330000E-02  4.596512400E-02  2.003478932E+02 
       266  5.488770000E-02  3.697740000E-02  3.333330000E-02  4.866607329E-02  4.955182107E+02 
       267  1.008950000E+00  3.780490000E-02  3.333330000E-02  1.886165919E-02 -3.982120420E+02 
       268  1.008950000E+00  3.902440000E-02  3.333330000E-02  2.004777656E-02 -4.099194028E+02 
       269  1.008950000E+00  4.024390000E-02  3.333330000E-02  2.109305714E-02 -4.205775854E+02 
       270  6.579970000E-01  4.059990000E-02  3.333330000E-02  4.845560520E-02  1.820651660E+02 
       271  1.006710000E+00  4.131690000E-02  3.333330000E-02  1.085799850E-02  4.191707071E+02 
       272  1.008950000E+00  4.146340000E-02  3.333330000E-02  2.194478703E-02 -4.298723985E+02 
       273  1.008950000E+00  4.268290000E-02  3.333330000E-02  2.255481648E-02 -4.377674988E+02 
       274  8.351470000E-02  4.379180000E-02  3.333330000E-02  5.879633665E-02  3.870488154E+02 
       275  1.008950000E+00  4.390240000E-02  3.333330000E-02  2.288558776E-02 -4.444048979E+02 
       276  6.170090000E-01  4.421250000E-02  3.333330000E-02  5.057237762E-02  1.673611895E+02 
       277  1.008950000E+00  4.512200000E-02  3.333330000E-02  2.295046199E-02 -4.497133185E+02 
       278  1.007930000E+00  4.604710000E-02  3.333330000E-02  4.094998608E-02  4.284591975E+02 
       279  1.008950000E+00  4.634150000E-02  3.333330000E-02  2.280151853E-02 -4.536426827E+02 
       280  5.759990000E-01  4.755650000E-02  3.333330000E-02  5.244136815E-02  1.555487908E+02 
       281  1.008950000E+00  4.756100000E-02  3.333330000E-02  2.288518400E-02 -4.564034397E+02 
       282  1.008950000E+00  4.878050000E-02  3.333330000E-02  2.176318631E-02 -4.734040423E+02 
       283  1.008950000E+00  5.000000000E-02  3.333330000E-02  4.069914749E-02 -3.870340192E+01 
       284  1.241140000E-01  5.043730000E-02  3.333330000E-02  6.529150915E-02  2.880919447E+02 
       285  5.349650000E-01  5.060440000E-02  3.333330000E-02  5.413686995E-02  1.461688524E+02 
       286  4.939080000E-01  5.332060000E-02  3.333330000E-02  5.572418843E-02  1.390359823E+02 
       287  1.650180000E-01  5.486620000E-02  3.333330000E-02  6.686727991E-02  2.258944566E+02 
       288  4.528280000E-01  5.566140000E-02  3.333330000E-02  5.725631585E-02  1.341742465E+02 
       289  4.117260000E-01  5.757270000E-02  3.333330000E-02  5.870089072E-02  1.319067752E+02 
       290  2.060650000E-01  5.771190000E-02  3.333330000E-02  6.610041395E-02  1.870903347E+02 
       291  3.706030000E-01  5.898830000E-02  3.333330000E-02  6.009455646E-02  1.326416714E+02 
       292  2.471780000E-01  5.933890000E-02  3.333330000E-02  6.467449573E-02  1.620454806E+02 
       293  3.294650000E-01  5.982680000E-02  3.333330000E-02  6.154564285E-02  1.370294504E+02 
       294  2.883190000E-01  5.998690000E-02  3.333330000E-02  6.309275058E-02  1.462524919E+02 
       295  2.883190000E-01 -5.998690000E-02  6.666670000E-02  7.824455348E-02 -8.630455976E+02 
       296  3.294650000E-01 -5.982680000E-02  6.666670000E-02  7.548828071E-02 -8.025757640E+02 
       297  2.471780000E-01 -5.933890000E-02  6.666670000E-02  8.192696457E-02 -9.324987675E+02 
       298  3.706030000E-01 -5.898830000E-02  6.666670000E-02  7.321775862E-02 -7.490066129E+02 
       299  2.060650000E-01 -5.771190000E-02  6.666670000E-02  8.713112501E-02 -1.014711891E+03 
       300  4.117260000E-01 -5.757270000E-02  6.666670000E-02  7.117333012E-02 -7.010214967E+02 
       301  4.528280000E-01 -5.566140000E-02  6.666670000E-02  6.922490886E-02 -6.576958922E+02 
       302  1.650180000E-01 -5.486620000E-02  6.666670000E-02  9.449848958E-02 -1.116732883E+03 
       303  4.939080000E-01 -5.332060000E-02  6.666670000E-02  6.734362492E-02 -6.183374513E+02 
       304  5.349650000E-01 -5.060440000E-02  6.666670000E-02  6.556988259E-02 -5.823627032E+02 
       305  1.241140000E-01 -5.043730000E-02  6.666670000E-02  1.040456225E-01 -1.260049004E+03 
       306  5.759990000E-01 -4.755650000E-02  6.666670000E-02  6.392290385E-02 -5.493301035E+02 
       307  6.170090000E-01 -4.421250000E-02  6.666670000E-02  6.238059329E-02 -5.187979329E+02 
       308  8.351470000E-02 -4.379180000E-02  6.666670000E-02  1.161631102E-01 -1.472526169E+03 
       309  6.579970000E-01 -4.059990000E-02  6.666670000E-02  6.091597815E-02 -4.902917013E+02 
       310  5.488770000E-02 -3.697740000E-02  6.666670000E-02  1.301661415E-01 -1.700961339E+03 
       311  6.989630000E-01 -3.673990000E-02  6.666670000E-02  5.952029645E-02 -4.633809175E+02 
       312  7.399050000E-01 -3.264710000E-02  6.666670000E-02  5.819259802E-02 -4.375456495E+02 
       313  3.777470000E-02 -3.147510000E-02  6.666670000E-02  1.450647823E-01 -1.916527433E+03 
       314  7.808250000E-01 -2.833060000E-02  6.666670000E-02  5.691257736E-02 -4.128209975E+02 
       315  2.634450000E-02 -2.677890000E-02  6.666670000E-02  1.597441856E-01 -2.138212490E+03 
       316  8.159680000E-01 -2.444550000E-02  6.666670000E-02  5.578977234E-02 -3.911763054E+02 
       317  1.821900000E-02 -2.259850000E-02  6.666670000E-02  1.736524296E-01 -2.364374959E+03 
       318  8.510930000E-01 -2.039720000E-02  6.666670000E-02  5.473961359E-02 -3.703603291E+02 
       319  1.318260000E-02 -1.942040000E-02  6.666670000E-02  1.870538139E-01 -2.591482605E+03 
       320  8.782860000E-01 -1.714700000E-02  6.666670000E-02  5.389316641E-02 -3.532558854E+02 
       321  9.850590000E-03 -1.691540000E-02  6.666670000E-02  1.970516999E-01 -2.722604467E+03 
       322  7.411530000E-03 -1.476420000E-02  6.666670000E-02  2.005307734E-01 -2.737755103E+03 
       323  9.009380000E-01 -1.436040000E-02  6.666670000E-02  5.319998705E-02 -3.387007640E+02 
       324  5.510960000E-03 -1.280140000E-02  6.666670000E-02  2.004610108E-01 -2.723407156E+03 
       325  9.198070000E-01 -1.198220000E-02  6.666670000E-02  5.263256893E-02 -3.259230543E+02 
       326  3.983540000E-03 -1.093890000E-02  6.666670000E-02  1.996575898E-01 -2.675965371E+03 
       327  9.355260000E-01 -9.960600000E-03  6.666670000E-02  5.216596360E-02 -3.145910107E+02 
       328  2.745270000E-03 -9.124550000E-03  6.666670000E-02  1.978066720E-01 -2.585741051E+03 
       329  9.486220000E-01 -8.247430000E-03  6.666670000E-02  5.176906243E-02 -3.043661957E+02 
       330  1.752850000E-03 -7.324960000E-03  6.666670000E-02  1.946260277E-01 -2.440809716E+03 
       331  9.595320000E-01 -6.799650000E-03  6.666670000E-02  5.141088539E-02 -2.949421179E+02 
       332  9.686220000E-01 -5.578890000E-03  6.666670000E-02  5.106696564E-02 -2.860984888E+02 
       333  9.860190000E-04 -5.518970000E-03  6.666670000E-02  1.902336445E-01 -2.235559928E+03 
       334  9.761960000E-01 -4.551510000E-03  6.666670000E-02  5.071759966E-02 -2.776753690E+02 
       335  4.384000000E-04 -3.696570000E-03  6.666670000E-02  1.844650786E-01 -1.977976300E+03 
       336  9.825070000E-01 -3.688230000E-03  6.666670000E-02  5.034851879E-02 -2.695706708E+02 
       337  9.877650000E-01 -2.963870000E-03  6.666670000E-02  4.995032650E-02 -2.617257623E+02 
       338  9.921460000E-01 -2.356690000E-03  6.666670000E-02  4.952059129E-02 -2.541188851E+02 
       339  1.095110000E-04 -1.855900000E-03  6.666670000E-02  1.758071927E-01 -1.700773354E+03 
       340  9.957970000E-01 -1.848260000E-03  6.666670000E-02  4.906584077E-02 -2.467520342E+02 
       341  9.988390000E-01 -1.422790000E-03  6.666670000E-02  4.856780856E-02 -2.395681097E+02 
       342  1.001370000E+00 -1.062990000E-03  6.666670000E-02  4.793689217E-02 -2.322048725E+02 
       343  1.003480000E+00 -7.543150000E-04  6.666670000E-02  4.715619460E-02 -2.243359129E+02 
       344  1.005240000E+00 -4.991700000E-04  6.666670000E-02  4.640459910E-02 -2.169344214E+02 
       345  1.006710000E+00 -2.932730000E-04  6.666670000E-02  4.584757768E-02 -2.109872340E+02 
       346  1.007930000E+00 -1.294160000E-04  6.666670000E-02  4.544638088E-02 -2.068151079E+02 
       347  0.000000000E+00  0.000000000E+00  6.666670000E-02  1.636385018E-01 -1.396768791E+03 
       348  1.008950000E+00  0.000000000E+00  6.666670000E-02  2.557529459E-02 -2.082143957E+02 
       349  1.008950000E+00  1.219510000E-03  6.666670000E-02  5.843738865E-03 -2.090920865E+02 
       350  9.957970000E-01  1.848260000E-03  6.666670000E-02  5.910670339E-04  4.144193797E+02 
       351  1.095110000E-04  1.855900000E-03  6.666670000E-02  1.491170377E-01 -1.048908534E+03 
       352  9.921460000E-01  2.356690000E-03  6.666670000E-02  6.657869153E-04  4.146223102E+02 
       353  1.008950000E+00  2.439020000E-03  6.666670000E-02  5.566210624E-03 -2.065364356E+02 
       354  9.877650000E-01  2.963870000E-03  6.666670000E-02  7.419142979E-04  4.146041510E+02 
       355  1.008950000E+00  3.658540000E-03  6.666670000E-02  4.967548577E-03 -2.059693156E+02 
       356  9.825070000E-01  3.688230000E-03  6.666670000E-02  7.605777693E-04  4.145257554E+02 
       357  4.384000000E-04  3.696570000E-03  6.666670000E-02  1.330951036E-01 -6.938757834E+02 
       358  9.761960000E-01  4.551510000E-03  6.666670000E-02  4.981712065E-04  4.144796594E+02 
       359  1.008950000E+00  4.878050000E-03  6.666670000E-02  4.263522157E-03 -2.062146293E+02 
       360  9.860190000E-04  5.518970000E-03  6.666670000E-02  1.162146070E-01 -3.642962717E+02 
       361  9.686220000E-01  5.578890000E-03  6.666670000E-02  6.093713116E-04  4.142740729E+02 
       362  1.008950000E+00  6.097560000E-03  6.666670000E-02  3.637035450E-03 -2.070647768E+02 
       363  9.595320000E-01  6.799650000E-03  6.666670000E-02  1.597716886E-03  4.136641902E+02 
       364  1.008950000E+00  7.317070000E-03  6.666670000E-02  3.119504706E-03 -2.083296619E+02 
       365  1.752850000E-03  7.324960000E-03  6.666670000E-02  9.913394031E-02 -7.534689386E+01 
       366  9.486220000E-01  8.247430000E-03  6.666670000E-02  2.599706967E-03  4.120005994E+02 
       367  1.008950000E+00  8.536590000E-03  6.666670000E-02  2.681789277E-03 -2.100261360E+02 
       368  2.745270000E-03  9.124550000E-03  6.666670000E-02  8.250994431E-02  1.627015408E+02 
       369  1.008950000E+00  9.756100000E-03  6.666670000E-02  2.297618667E-03 -2.121382409E+02 
       370  9.355260000E-01  9.960600000E-03  6.666670000E-02  2.725179866E-03  4.080747105E+02 
       371  3.983540000E-03  1.093890000E-02  6.666670000E-02  6.661748770E-02  3.482568351E+02 
       372  9.988390000E-01  1.096260000E-02  6.666670000E-02  8.971059613E-04  4.111625547E+02 
       373  1.008950000E+00  1.097560000E-02  6.666670000E-02  1.937341540E-03 -2.146889954E+02 
       374  9.198070000E-01  1.198220000E-02  6.666670000E-02  1.875849160E-03  3.999290437E+02 
       375  1.008950000E+00  1.219510000E-02  6.666670000E-02  1.581714960E-03 -2.176582801E+02 
       376  5.510960000E-03  1.280140000E-02  6.666670000E-02  5.130517034E-02  4.896703805E+02 
       377  1.008950000E+00  1.341460000E-02  6.666670000E-02  1.215103755E-03 -2.210413908E+02 
       378  9.009380000E-01  1.436040000E-02  6.666670000E-02  5.145989537E-03  3.846536085E+02 
       379  1.008950000E+00  1.463410000E-02  6.666670000E-02  8.316232126E-04 -2.248524207E+02 
       380  7.411530000E-03  1.476420000E-02  6.666670000E-02  3.640557271E-02  5.926081734E+02 
       381  1.008950000E+00  1.585370000E-02  6.666670000E-02  4.941602664E-04 -2.291127040E+02 
       382  9.850590000E-03  1.691540000E-02  6.666670000E-02  2.168363106E-02  6.606214404E+02 
       383  1.008950000E+00  1.707320000E-02  6.666670000E-02  4.862796431E-04 -2.338427958E+02 
       384  8.782860000E-01  1.714700000E-02  6.666670000E-02  1.433050675E-02  3.596675564E+02 
       385  1.008950000E+00  1.829270000E-02  6.666670000E-02  9.032320672E-04 -2.390655610E+02 
       386  1.318260000E-02  1.942040000E-02  6.666670000E-02  8.076920401E-03  6.952992454E+02 
       387  1.008950000E+00  1.951220000E-02  6.666670000E-02  1.523923208E-03 -2.448062650E+02 
       388  8.510930000E-01  2.039720000E-02  6.666670000E-02  2.439799537E-02  3.254621542E+02 
       389  1.008950000E+00  2.073170000E-02  6.666670000E-02  2.243847310E-03 -2.510905320E+02 
       390  1.001370000E+00  2.073980000E-02  6.666670000E-02  1.219478361E-03  4.009819189E+02 
       391  1.008950000E+00  2.195120000E-02  6.666670000E-02  3.052671592E-03 -2.579548036E+02 
       392  1.821900000E-02  2.259850000E-02  6.666670000E-02  9.019831536E-03  6.924823143E+02 
       393  1.008950000E+00  2.317070000E-02  6.666670000E-02  3.947080934E-03 -2.654356907E+02 
       394  1.008950000E+00  2.439020000E-02  6.666670000E-02  4.921276688E-03 -2.735487703E+02 
       395  8.159680000E-01  2.444550000E-02  6.666670000E-02  3.297164300E-02  2.863366345E+02 
       396  1.008950000E+00  2.560980000E-02  6.666670000E-02  5.970000662E-03 -2.823048192E+02 
       397  2.634450000E-02  2.677890000E-02  6.666670000E-02  2.364484600E-02  6.513179577E+02 
       398  1.008950000E+00  2.682930000E-02  6.666670000E-02  7.088786235E-03 -2.917159967E+02 
       399  1.008950000E+00  2.804880000E-02  6.666670000E-02  8.272573219E-03 -3.017840625E+02 
       400  7.808250000E-01  2.833060000E-02  6.666670000E-02  3.858923830E-02  2.528298760E+02 
       401  1.003480000E+00  2.887370000E-02  6.666670000E-02  7.251017538E-04  3.892033483E+02 
       402  1.008950000E+00  2.926830000E-02  6.666670000E-02  9.515020826E-03 -3.124942728E+02 
       403  1.008950000E+00  3.048780000E-02  6.666670000E-02  1.080794357E-02 -3.238079176E+02 
       404  3.777470000E-02  3.147510000E-02  6.666670000E-02  3.708963698E-02  5.842295892E+02 
       405  1.008950000E+00  3.170730000E-02  6.666670000E-02  1.214106757E-02 -3.356573559E+02 
       406  7.399050000E-01  3.264710000E-02  6.666670000E-02  4.281528662E-02  2.234270311E+02 
       407  1.008950000E+00  3.292680000E-02  6.666670000E-02  1.350184761E-02 -3.479420200E+02 
       408  1.008950000E+00  3.414630000E-02  6.666670000E-02  1.487525013E-02 -3.605264805E+02 
       409  1.008950000E+00  3.536590000E-02  6.666670000E-02  1.624289210E-02 -3.732401967E+02 
       410  1.005240000E+00  3.565510000E-02  6.666670000E-02  5.883705316E-04  3.903575021E+02 
       411  1.008950000E+00  3.658540000E-02  6.666670000E-02  1.758150455E-02 -3.858795150E+02 
       412  6.989630000E-01  3.673990000E-02  6.666670000E-02  4.596512435E-02  2.003478939E+02 
       413  5.488770000E-02  3.697740000E-02  6.666670000E-02  4.866607333E-02  4.955182132E+02 
       414  1.008950000E+00  3.780490000E-02  6.666670000E-02  1.886204990E-02 -3.982108446E+02 
       415  1.008950000E+00  3.902440000E-02  6.666670000E-02  2.004809980E-02 -4.099174951E+02 
       416  1.008950000E+00  4.024390000E-02  6.666670000E-02  2.109329765E-02 -4.205748192E+02 
       417  6.579970000E-01  4.059990000E-02  6.666670000E-02  4.845560555E-02  1.820651661E+02 
       418  1.006710000E+00  4.131690000E-02  6.666670000E-02  1.085798926E-02  4.191708732E+02 
       419  1.008950000E+00  4.146340000E-02  6.666670000E-02  2.194493170E-02 -4.298687762E+02 
       420  1.008950000E+00  4.268290000E-02  6.666670000E-02  2.255485962E-02 -4.377631551E+02 
       421  8.351470000E-02  4.379180000E-02  6.666670000E-02  5.879633663E-02  3.870488165E+02 
       422  1.008950000E+00  4.390240000E-02  6.666670000E-02  2.288553341E-02 -4.443999265E+02 
       423  6.170090000E-01  4.421250000E-02  6.666670000E-02  5.057237789E-02  1.673611889E+02 
       424  1.008950000E+00  4.512200000E-02  6.666670000E-02  2.295032126E-02 -4.497077162E+02 
       425  1.007930000E+00  4.604710000E-02  6.666670000E-02  4.094995852E-02  4.284590845E+02 
       426  1.008950000E+00  4.634150000E-02  6.666670000E-02  2.280130089E-02 -4.536364147E+02 
       427  5.759990000E-01  4.755650000E-02  6.666670000E-02  5.244136825E-02  1.555487897E+02 
       428  1.008950000E+00  4.756100000E-02  6.666670000E-02  2.288494758E-02 -4.563962462E+02 
       429  1.008950000E+00  4.878050000E-02  6.666670000E-02  2.176300030E-02 -4.733964064E+02 
       430  1.008950000E+00  5.000000000E-02  6.666670000E-02  4.069905232E-02 -3.869974251E+01 
       431  1.241140000E-01  5.043730000E-02  6.666670000E-02  6.529150914E-02  2.880919445E+02 
       432  5.349650000E-01  5.060440000E-02  6.666670000E-02  5.413686985E-02  1.461688505E+02 
       433  4.939080000E-01  5.332060000E-02  6.666670000E-02  5.572418825E-02  1.390359793E+02 
       434  1.650180000E-01  5.486620000E-02  6.666670000E-02  6.686728000E-02  2.258944555E+02 
       435  4.528280000E-01  5.566140000E-02  6.666670000E-02  5.725631577E-02  1.341742423E+02 
       436  4.117260000E-01  5.757270000E-02  6.666670000E-02  5.870089078E-02  1.319067706E+02 
       437  2.060650000E-01  5.771190000E-02  6.666670000E-02  6.610041415E-02  1.870903328E+02 
       438  3.706030000E-01  5.898830000E-02  6.666670000E-02  6.009455659E-02  1.326416672E+02 
       439  2.471780000E-01  5.933890000E-02  6.666670000E-02  6.467449592E-02  1.620454780E+02 
       440  3.294650000E-01  5.982680000E-02  6.666670000E-02  6.154564303E-02  1.370294467E+02 
       441  2.883190000E-01  5.998690000E-02  6.666670000E-02  6.309275074E-02  1.462524888E+02 
       442  2.883190000E-01 -5.998690000E-02  1.000000000E-01  7.824455137E-02 -8.630455500E+02 
       443  3.294650000E-01 -5.982680000E-02  1.000000000E-01  7.548828280E-02 -8.025757950E+02 
       444  2.471780000E-01 -5.933890000E-02  1.000000000E-01  8.192695586E-02 -9.324986214E+02 
       445  3.706030000E-01 -5.898830000E-02  1.000000000E-01  7.321775816E-02 -7.490065766E+02 
       446  2.060650000E-01 -5.771190000E-02  1.000000000E-01  8.713111085E-02 -1.014711692E+03 
       447  4.117260000E-01 -5.757270000E-02  1.000000000E-01  7.117332804E-02 -7.010214287E+02 
       448  4.528280000E-01 -5.566140000E-02  1.000000000E-01  6.922490648E-02 -6.576958323E+02 
       449  1.650180000E-01 -5.486620000E-02  1.000000000E-01  9.449845073E-02 -1.116732376E+03 
       450  4.939080000E-01 -5.332060000E-02  1.000000000E-01  6.734362424E-02 -6.183374365E+02 
       451  5.349650000E-01 -5.060440000E-02  1.000000000E-01  6.556988110E-02 -5.823626760E+02 
       452  1.241140000E-01 -5.043730000E-02  1.000000000E-01  1.040455616E-01 -1.260048012E+03 
       453  5.759990000E-01 -4.755650000E-02  1.000000000E-01  6.392290249E-02 -5.493300798E+02 
       454  6.170090000E-01 -4.421250000E-02  1.000000000E-01  6.238059275E-02 -5.187979238E+02 
       455  8.351470000E-02 -4.379180000E-02  1.000000000E-01  1.161628367E-01 -1.472521148E+03 
       456  6.579970000E-01 -4.059990000E-02  1.000000000E-01  6.091597810E-02 -4.902916988E+02 
       457  5.488770000E-02 -3.697740000E-02  1.000000000E-01  1.301656991E-01 -1.700954755E+03 
       458  6.989630000E-01 -3.673990000E-02  1.000000000E-01  5.952029773E-02 -4.633809390E+02 
       459  7.399050000E-01 -3.264710000E-02  1.000000000E-01  5.819259810E-02 -4.375456471E+02 
       460  3.777470000E-02 -3.147510000E-02  1.000000000E-01  1.450644664E-01 -1.916522962E+03 
       461  7.808250000E-01 -2.833060000E-02  1.000000000E-01  5.691258552E-02 -4.128211475E+02 
       462  2.634450000E-02 -2.677890000E-02  1.000000000E-01  1.597440477E-01 -2.138210248E+03 
       463  8.159680000E-01 -2.444550000E-02  1.000000000E-01  5.578977265E-02 -3.911763064E+02 
       464  1.821900000E-02 -2.259850000E-02  1.000000000E-01  1.736523188E-01 -2.364373113E+03 
       465  8.510930000E-01 -2.039720000E-02  1.000000000E-01  5.473962375E-02 -3.703605325E+02 
       466  1.318260000E-02 -1.942040000E-02  1.000000000E-01  1.870535584E-01 -2.591478113E+03 
       467  8.782860000E-01 -1.714700000E-02  1.000000000E-01  5.389317079E-02 -3.532559872E+02 
       468  9.850590000E-03 -1.691540000E-02  1.000000000E-01  1.970515155E-01 -2.722603637E+03 
       469  7.411530000E-03 -1.476420000E-02  1.000000000E-01  2.005307664E-01 -2.737755083E+03 
       470  9.009380000E-01 -1.436040000E-02  1.000000000E-01  5.319998572E-02 -3.387007822E+02 
       471  5.510960000E-03 -1.280140000E-02  1.000000000E-01  2.004610231E-01 -2.723407925E+03 
       472  9.198070000E-01 -1.198220000E-02  1.000000000E-01  5.263256262E-02 -3.259230276E+02 
       473  3.983540000E-03 -1.093890000E-02  1.000000000E-01  1.996576164E-01 -2.675966795E+03 
       474  9.355260000E-01 -9.960600000E-03  1.000000000E-01  5.216595012E-02 -3.145909246E+02 
       475  2.745270000E-03 -9.124550000E-03  1.000000000E-01  1.978067137E-01 -2.585742912E+03 
       476  9.486220000E-01 -8.247430000E-03  1.000000000E-01  5.176903856E-02 -3.043660171E+02 
       477  1.752850000E-03 -7.324960000E-03  1.000000000E-01  1.946260701E-01 -2.440811608E+03 
       478  9.595320000E-01 -6.799650000E-03  1.000000000E-01  5.141084838E-02 -2.949418300E+02 
       479  9.686220000E-01 -5.578890000E-03  1.000000000E-01  5.106691273E-02 -2.860980754E+02 
       480  9.860190000E-04 -5.518970000E-03  1.000000000E-01  1.902336768E-01 -2.235561432E+03 
       481  9.761960000E-01 -4.551510000E-03  1.000000000E-01  5.071752822E-02 -2.776748141E+02 
       482  4.384000000E-04 -3.696570000E-03  1.000000000E-01  1.844651003E-01 -1.977977189E+03 
       483  9.825070000E-01 -3.688230000E-03  1.000000000E-01  5.034842687E-02 -2.695699684E+02 
       484  9.877650000E-01 -2.963870000E-03  1.000000000E-01  4.995021292E-02 -2.617249143E+02 
       485  9.921460000E-01 -2.356690000E-03  1.000000000E-01  4.952045559E-02 -2.541178982E+02 
       486  1.095110000E-04 -1.855900000E-03  1.000000000E-01  1.758072050E-01 -1.700773653E+03 
       487  9.957970000E-01 -1.848260000E-03  1.000000000E-01  4.906568340E-02 -2.467509225E+02 
       488  9.988390000E-01 -1.422790000E-03  1.000000000E-01  4.856763080E-02 -2.395668948E+02 
       489  1.001370000E+00 -1.062990000E-03  1.000000000E-01  4.793669567E-02 -2.322035770E+02 
       490  1.003480000E+00 -7.543150000E-04  1.000000000E-01  4.715598271E-02 -2.243345774E+02 
       491  1.005240000E+00 -4.991700000E-04  1.000000000E-01  4.640437644E-02 -2.169330921E+02 
       492  1.006710000E+00 -2.932730000E-04  1.000000000E-01  4.584734685E-02 -2.109859332E+02 
       493  1.007930000E+00 -1.294160000E-04  1.000000000E-01  4.544614486E-02 -2.068138486E+02 
       494  0.000000000E+00  0.000000000E+00  1.000000000E-01  1.636385022E-01 -1.396768788E+03 
       495  1.008950000E+00  0.000000000E+00  1.000000000E-01  2.973740223E-02 -2.066657096E+02 
       496  1.008950000E+00  1.219510000E-03  1.000000000E-01  5.843696162E-03 -2.090908469E+02 
       497  9.957970000E-01  1.848260000E-03  1.000000000E-01  5.911040201E-04  4.144197548E+02 
       498  1.095110000E-04  1.855900000E-03  1.000000000E-01  1.491170211E-01 -1.048908132E+03 
       499  9.921460000E-01  2.356690000E-03  1.000000000E-01  6.657790089E-04  4.146223298E+02 
       500  1.008950000E+00  2.439020000E-03  1.000000000E-01  5.566149673E-03 -2.065352009E+02 
       501  9.877650000E-01  2.963870000E-03  1.000000000E-01  7.418970785E-04  4.146041718E+02 
       502  1.008950000E+00  3.658540000E-03  1.000000000E-01  4.967450506E-03 -2.059680746E+02 
       503  9.825070000E-01  3.688230000E-03  1.000000000E-01  7.605576153E-04  4.145257759E+02 
       504  4.384000000E-04  3.696570000E-03  1.000000000E-01  1.330950507E-01 -6.938746690E+02 
       505  9.761960000E-01  4.551510000E-03  1.000000000E-01  4.981607279E-04  4.144796805E+02 
       506  1.008950000E+00  4.878050000E-03  1.000000000E-01  4.263380387E-03 -2.062134037E+02 
       507  9.860190000E-04  5.518970000E-03  1.000000000E-01  1.162144972E-01 -3.642942709E+02 
       508  9.686220000E-01  5.578890000E-03  1.000000000E-01  6.093736301E-04  4.142740946E+02 
       509  1.008950000E+00  6.097560000E-03  1.000000000E-01  3.636859281E-03 -2.070635605E+02 
       510  9.595320000E-01  6.799650000E-03  1.000000000E-01  1.597723008E-03  4.136642103E+02 
       511  1.008950000E+00  7.317070000E-03  1.000000000E-01  3.119286275E-03 -2.083284274E+02 
       512  1.752850000E-03  7.324960000E-03  1.000000000E-01  9.913375591E-02 -7.534400196E+01 
       513  9.486220000E-01  8.247430000E-03  1.000000000E-01  2.599712715E-03  4.120006128E+02 
       514  1.008950000E+00  8.536590000E-03  1.000000000E-01  2.681519447E-03 -2.100249245E+02 
       515  2.745270000E-03  9.124550000E-03  1.000000000E-01  8.250968066E-02  1.627049525E+02 
       516  1.008950000E+00  9.756100000E-03  1.000000000E-01  2.297300056E-03 -2.121370696E+02 
       517  9.355260000E-01  9.960600000E-03  1.000000000E-01  2.725179031E-03  4.080747049E+02 
       518  3.983540000E-03  1.093890000E-02  1.000000000E-01  6.661714907E-02  3.482603531E+02 
       519  9.988390000E-01  1.096260000E-02  1.000000000E-01  8.956338856E-04  4.111766035E+02 
       520  1.008950000E+00  1.097560000E-02  1.000000000E-01  1.936979111E-03 -2.146878819E+02 
       521  9.198070000E-01  1.198220000E-02  1.000000000E-01  1.875846669E-03  3.999290098E+02 
       522  1.008950000E+00  1.219510000E-02  1.000000000E-01  1.581316681E-03 -2.176572303E+02 
       523  5.510960000E-03  1.280140000E-02  1.000000000E-01  5.130477281E-02  4.896735885E+02 
       524  1.008950000E+00  1.341460000E-02  1.000000000E-01  1.214679102E-03 -2.210404152E+02 
       525  9.009380000E-01  1.436040000E-02  1.000000000E-01  5.146028260E-03  3.846535294E+02 
       526  1.008950000E+00  1.463410000E-02  1.000000000E-01  8.311990826E-04 -2.248515335E+02 
       527  7.411530000E-03  1.476420000E-02  1.000000000E-01  3.640514625E-02  5.926106220E+02 
       528  1.008950000E+00  1.585370000E-02  1.000000000E-01  4.939200636E-04 -2.291119166E+02 
       529  9.850590000E-03  1.691540000E-02  1.000000000E-01  2.168322203E-02  6.606228785E+02 
       530  1.008950000E+00  1.707320000E-02  1.000000000E-01  4.864672717E-04 -2.338421173E+02 
       531  8.782860000E-01  1.714700000E-02  1.000000000E-01  1.433059116E-02  3.596673236E+02 
       532  1.008950000E+00  1.829270000E-02  1.000000000E-01  9.037196530E-04 -2.390650001E+02 
       533  1.318260000E-02  1.942040000E-02  1.000000000E-01  8.076679863E-03  6.952995905E+02 
       534  1.008950000E+00  1.951220000E-02  1.000000000E-01  1.524471203E-03 -2.448058315E+02 
       535  8.510930000E-01  2.039720000E-02  1.000000000E-01  2.439810302E-02  3.254617303E+02 
       536  1.008950000E+00  2.073170000E-02  1.000000000E-01  2.244418877E-03 -2.510902358E+02 
       537  1.001370000E+00  2.073980000E-02  1.000000000E-01  1.219488921E-03  4.010122625E+02 
       538  1.008950000E+00  2.195120000E-02  1.000000000E-01  3.053257250E-03 -2.579546489E+02 
       539  1.821900000E-02  2.259850000E-02  1.000000000E-01  9.019952514E-03  6.924821223E+02 
       540  1.008950000E+00  2.317070000E-02  1.000000000E-01  3.947676565E-03 -2.654356792E+02 
       541  1.008950000E+00  2.439020000E-02  1.000000000E-01  4.921879532E-03 -2.735489032E+02 
       542  8.159680000E-01  2.444550000E-02  1.000000000E-01  3.297164299E-02  2.863366367E+02 
       543  1.008950000E+00  2.560980000E-02  1.000000000E-01  5.970608130E-03 -2.823050924E+02 
       544  2.634450000E-02  2.677890000E-02  1.000000000E-01  2.364498843E-02  6.513173878E+02 
       545  1.008950000E+00  2.682930000E-02  1.000000000E-01  7.089395921E-03 -2.917164016E+02 
       546  1.008950000E+00  2.804880000E-02  1.000000000E-01  8.273182650E-03 -3.017845853E+02 
       547  7.808250000E-01  2.833060000E-02  1.000000000E-01  3.858926820E-02  2.528296770E+02 
       548  1.003480000E+00  2.887370000E-02  1.000000000E-01  7.269044179E-04  3.892214510E+02 
       549  1.008950000E+00  2.926830000E-02  1.000000000E-01  9.515627119E-03 -3.124948915E+02 
       550  1.008950000E+00  3.048780000E-02  1.000000000E-01  1.080854330E-02 -3.238085999E+02 
       551  3.777470000E-02  3.147510000E-02  1.000000000E-01  3.708989299E-02  5.842280085E+02 
       552  1.008950000E+00  3.170730000E-02  1.000000000E-01  1.214165678E-02 -3.356580588E+02 
       553  7.399050000E-01  3.264710000E-02  1.000000000E-01  4.281528623E-02  2.234270391E+02 
       554  1.008950000E+00  3.292680000E-02  1.000000000E-01  1.350242182E-02 -3.479426896E+02 
       555  1.008950000E+00  3.414630000E-02  1.000000000E-01  1.487580416E-02 -3.605270523E+02 
       556  1.008950000E+00  3.536590000E-02  1.000000000E-01  1.624341987E-02 -3.732405979E+02 
       557  1.005240000E+00  3.565510000E-02  1.000000000E-01  5.872713885E-04  3.903389837E+02 
       558  1.008950000E+00  3.658540000E-02  1.000000000E-01  1.758199888E-02 -3.858796676E+02 
       559  6.989630000E-01  3.673990000E-02  1.000000000E-01  4.596512690E-02  2.003478805E+02 
       560  5.488770000E-02  3.697740000E-02  1.000000000E-01  4.866640136E-02  4.955151070E+02 
       561  1.008950000E+00  3.780490000E-02  1.000000000E-01  1.886250266E-02 -3.982106692E+02 
       562  1.008950000E+00  3.902440000E-02  1.000000000E-01  2.004850109E-02 -4.099168693E+02 
       563  1.008950000E+00  4.024390000E-02  1.000000000E-01  2.109363500E-02 -4.205736174E+02 
       564  6.579970000E-01  4.059990000E-02  1.000000000E-01  4.845560579E-02  1.820651689E+02 
       565  1.006710000E+00  4.131690000E-02  1.000000000E-01  1.083174544E-02  4.191089600E+02 
       566  1.008950000E+00  4.146340000E-02  1.000000000E-01  2.194519355E-02 -4.298669867E+02 
       567  1.008950000E+00  4.268290000E-02  1.000000000E-01  2.255503888E-02 -4.377608631E+02 
       568  8.351470000E-02  4.379180000E-02  1.000000000E-01  5.879652722E-02  3.870464193E+02 
       569  1.008950000E+00  4.390240000E-02  1.000000000E-01  2.288562842E-02 -4.443971890E+02 
       570  6.170090000E-01  4.421250000E-02  1.000000000E-01  5.057237767E-02  1.673611930E+02 
       571  1.008950000E+00  4.512200000E-02  1.000000000E-01  2.295033329E-02 -4.497045116E+02 
       572  1.007930000E+00  4.604710000E-02  1.000000000E-01  4.090504033E-02  4.284871331E+02 
       573  1.008950000E+00  4.634150000E-02  1.000000000E-01  2.280123521E-02 -4.536326356E+02 
       574  5.759990000E-01  4.755650000E-02  1.000000000E-01  5.244136716E-02  1.555487967E+02 
       575  1.008950000E+00  4.756100000E-02  1.000000000E-01  2.288483332E-02 -4.563917368E+02 
       576  1.008950000E+00  4.878050000E-02  1.000000000E-01  2.176293720E-02 -4.733917882E+02 
       577  1.008950000E+00  5.000000000E-02  1.000000000E-01  4.591163631E-02 -9.581965464E+01 
       578  1.241140000E-01  5.043730000E-02  1.000000000E-01  6.529152848E-02  2.880914993E+02 
       579  5.349650000E-01  5.060440000E-02  1.000000000E-01  5.413686865E-02  1.461688555E+02 
       580  4.939080000E-01  5.332060000E-02  1.000000000E-01  5.572418769E-02  1.390359791E+02 
       581  1.650180000E-01  5.486620000E-02  1.000000000E-01  6.686727872E-02  2.258942449E+02 
       582  4.528280000E-01  5.566140000E-02  1.000000000E-01  5.725631379E-02  1.341742442E+02 
       583  4.117260000E-01  5.757270000E-02  1.000000000E-01  5.870088913E-02  1.319067684E+02 
       584  2.060650000E-01  5.771190000E-02  1.000000000E-01  6.610041118E-02  1.870902630E+02 
       585  3.706030000E-01  5.898830000E-02  1.000000000E-01  6.009455603E-02  1.326416624E+02 
       586  2.471780000E-01  5.933890000E-02  1.000000000E-01  6.467449283E-02  1.620454367E+02 
       587  3.294650000E-01  5.982680000E-02  1.000000000E-01  6.154564415E-02  1.370294472E+02 
       588  2.883190000E-01  5.998690000E-02  1.000000000E-01  6.309274965E-02  1.462524769E+02 
