nodenumber     x-coordinate     y-coordinate     z-coordinate      mach-number         pressure 
         1  2.883190000E-01 -5.998690000E-02  0.000000000E+00  7.793377884E-02 -5.063607754E+02 
         2  3.294650000E-01 -5.982680000E-02  0.000000000E+00  7.517951477E-02 -4.710763284E+02 
         3  2.471780000E-01 -5.933890000E-02  0.000000000E+00  8.148167999E-02 -5.447000665E+02 
         4  3.706030000E-01 -5.898830000E-02  0.000000000E+00  7.288160567E-02 -4.383063237E+02 
         5  2.060650000E-01 -5.771190000E-02  0.000000000E+00  8.629720427E-02 -5.869618201E+02 
         6  4.117260000E-01 -5.757270000E-02  0.000000000E+00  7.082696673E-02 -4.077198287E+02 
         7  4.528280000E-01 -5.566140000E-02  0.000000000E+00  6.890723880E-02 -3.790123882E+02 
         8  1.650180000E-01 -5.486620000E-02  0.000000000E+00  9.287846726E-02 -6.347539117E+02 
         9  4.939080000E-01 -5.332060000E-02  0.000000000E+00  6.709731029E-02 -3.519329009E+02 
        10  5.349650000E-01 -5.060440000E-02  0.000000000E+00  6.541103329E-02 -3.262526858E+02 
        11  1.241140000E-01 -5.043730000E-02  0.000000000E+00  1.008554094E-01 -6.955737457E+02 
        12  5.759990000E-01 -4.755650000E-02  0.000000000E+00  6.383293109E-02 -3.017893596E+02 
        13  6.170090000E-01 -4.421250000E-02  0.000000000E+00  6.233343742E-02 -2.783443835E+02 
        14  8.351470000E-02 -4.379180000E-02  0.000000000E+00  1.096646630E-01 -7.728996164E+02 
        15  6.579970000E-01 -4.059990000E-02  0.000000000E+00  6.088591018E-02 -2.556813984E+02 
        16  5.488770000E-02 -3.697740000E-02  0.000000000E+00  1.184784350E-01 -8.416455913E+02 
        17  6.989630000E-01 -3.673990000E-02  0.000000000E+00  5.947050915E-02 -2.335717980E+02 
        18  7.399050000E-01 -3.264710000E-02  0.000000000E+00  5.806528619E-02 -2.116741316E+02 
        19  3.777470000E-02 -3.147510000E-02  0.000000000E+00  1.270378786E-01 -8.967483224E+02 
        20  7.808250000E-01 -2.833060000E-02  0.000000000E+00  5.663278925E-02 -1.901124352E+02 
        21  2.634450000E-02 -2.677890000E-02  0.000000000E+00  1.350006477E-01 -9.542048068E+02 
        22  8.159680000E-01 -2.444550000E-02  0.000000000E+00  5.528900537E-02 -1.708137669E+02 
        23  1.821900000E-02 -2.259850000E-02  0.000000000E+00  1.426065299E-01 -1.010807319E+03 
        24  8.510930000E-01 -2.039720000E-02  0.000000000E+00  5.393572387E-02 -1.520810135E+02 
        25  1.318260000E-02 -1.942040000E-02  0.000000000E+00  1.459993433E-01 -9.951462322E+02 
        26  8.782860000E-01 -1.714700000E-02  0.000000000E+00  5.276126733E-02 -1.366246646E+02 
        27  9.850590000E-03 -1.691540000E-02  0.000000000E+00  1.437736867E-01 -9.210022624E+02 
        28  7.411530000E-03 -1.476420000E-02  0.000000000E+00  1.402059523E-01 -8.444836710E+02 
        29  9.009380000E-01 -1.436040000E-02  0.000000000E+00  5.171104403E-02 -1.232825031E+02 
        30  5.510960000E-03 -1.280140000E-02  0.000000000E+00  1.364095094E-01 -7.528351561E+02 
        31  9.198070000E-01 -1.198220000E-02  0.000000000E+00  5.076340136E-02 -1.112742005E+02 
        32  3.983540000E-03 -1.093890000E-02  0.000000000E+00  1.318696955E-01 -6.453220499E+02 
        33  9.355260000E-01 -9.960600000E-03  0.000000000E+00  4.991946482E-02 -1.005532675E+02 
        34  2.745270000E-03 -9.124550000E-03  0.000000000E+00  1.266140393E-01 -5.201346934E+02 
        35  9.486220000E-01 -8.247430000E-03  0.000000000E+00  4.919243551E-02 -9.139307955E+01 
        36  1.752850000E-03 -7.324960000E-03  0.000000000E+00  1.206270484E-01 -3.799805655E+02 
        37  9.595320000E-01 -6.799650000E-03  0.000000000E+00  4.859738395E-02 -8.406864348E+01 
        38  9.686220000E-01 -5.578890000E-03  0.000000000E+00  4.814136041E-02 -7.863313415E+01 
        39  9.860190000E-04 -5.518970000E-03  0.000000000E+00  1.132890129E-01 -2.344635893E+02 
        40  9.761960000E-01 -4.551510000E-03  0.000000000E+00  4.781660363E-02 -7.486550548E+01 
        41  4.384000000E-04 -3.696570000E-03  0.000000000E+00  1.036039790E-01 -8.271753073E+01 
        42  9.825070000E-01 -3.688230000E-03  0.000000000E+00  4.760409364E-02 -7.238043818E+01 
        43  9.877650000E-01 -2.963870000E-03  0.000000000E+00  4.747942478E-02 -7.073200736E+01 
        44  9.921460000E-01 -2.356690000E-03  0.000000000E+00  4.741703916E-02 -6.952691847E+01 
        45  1.095110000E-04 -1.855900000E-03  0.000000000E+00  9.160292173E-02  8.730772801E+01 
        46  9.957970000E-01 -1.848260000E-03  0.000000000E+00  4.739738352E-02 -6.846928589E+01 
        47  9.988390000E-01 -1.422790000E-03  0.000000000E+00  4.737984464E-02 -6.723492667E+01 
        48  1.001370000E+00 -1.062990000E-03  0.000000000E+00  4.724540914E-02 -6.519668769E+01 
        49  1.003480000E+00 -7.543150000E-04  0.000000000E+00  4.694359054E-02 -6.183190747E+01 
        50  1.005240000E+00 -4.991700000E-04  0.000000000E+00  4.663575419E-02 -5.806375980E+01 
        51  1.006710000E+00 -2.932730000E-04  0.000000000E+00  4.647763336E-02 -5.494147109E+01 
        52  1.007930000E+00 -1.294160000E-04  0.000000000E+00  4.642418631E-02 -5.287418628E+01 
        53  0.000000000E+00  0.000000000E+00  0.000000000E+00  7.790716175E-02  2.632336223E+02 
        54  1.008950000E+00  0.000000000E+00  0.000000000E+00  3.075457583E-02 -5.436034056E+01 
        55  1.008950000E+00  1.250000000E-03  0.000000000E+00  6.516076574E-03 -5.811024744E+01 
        56  9.957970000E-01  1.848260000E-03  0.000000000E+00  2.486903111E-03  3.061326636E+02 
        57  1.095110000E-04  1.855900000E-03  0.000000000E+00  6.308108780E-02  4.214044541E+02 
        58  9.921460000E-01  2.356690000E-03  0.000000000E+00  3.595211972E-03  3.003985249E+02 
        59  1.008950000E+00  2.500000000E-03  0.000000000E+00  6.486908603E-03 -5.724510149E+01 
        60  9.877650000E-01  2.963870000E-03  0.000000000E+00  2.108377958E-03  2.943884294E+02 
        61  9.825070000E-01  3.688230000E-03  0.000000000E+00  3.999040296E-03  2.879791217E+02 
        62  4.384000000E-04  3.696570000E-03  0.000000000E+00  4.778791894E-02  5.501169979E+02 
        63  1.008950000E+00  3.750000000E-03  0.000000000E+00  6.409513315E-03 -5.850160567E+01 
        64  9.988390000E-01  3.807740000E-03  0.000000000E+00  3.883195139E-03  3.108415981E+02 
        65  9.761960000E-01  4.551510000E-03  0.000000000E+00  1.079691811E-02  2.776038478E+02 
        66  1.008950000E+00  5.000000000E-03  0.000000000E+00  5.593144282E-03 -6.058666821E+01 
        67  9.860190000E-04  5.518970000E-03  0.000000000E+00  3.270337650E-02  6.421692120E+02 
        68  9.686220000E-01  5.578890000E-03  0.000000000E+00  1.770330735E-02  2.617492666E+02 
        69  1.001370000E+00  5.982190000E-03  0.000000000E+00  1.146452683E-02  3.079084624E+02 
        70  1.008950000E+00  6.250000000E-03  0.000000000E+00  3.686680204E-03 -6.430005256E+01 
        71  9.595320000E-01  6.799650000E-03  0.000000000E+00  2.380527394E-02  2.417198662E+02 
        72  1.752850000E-03  7.324960000E-03  0.000000000E+00  1.843885077E-02  6.981291876E+02 
        73  1.008950000E+00  7.500000000E-03  0.000000000E+00  2.557950382E-03 -6.996151816E+01 
        74  1.003480000E+00  7.784150000E-03  0.000000000E+00  2.116639072E-02  2.897627134E+02 
        75  9.486220000E-01  8.247430000E-03  0.000000000E+00  2.903935090E-02  2.193761711E+02 
        76  1.008950000E+00  8.750000000E-03  0.000000000E+00  4.685620478E-03 -7.838156783E+01 
        77  2.745270000E-03  9.124550000E-03  0.000000000E+00  7.650015299E-03  7.231862922E+02 
        78  1.005240000E+00  9.288160000E-03  0.000000000E+00  3.085325082E-02  2.571698630E+02 
        79  9.355260000E-01  9.960600000E-03  0.000000000E+00  3.355576942E-02  1.960283677E+02 
        80  1.008950000E+00  1.000000000E-02  0.000000000E+00  9.323017515E-03 -8.821505508E+01 
        81  1.006710000E+00  1.054920000E-02  0.000000000E+00  4.067378606E-02  2.078600703E+02 
        82  3.983540000E-03  1.093890000E-02  0.000000000E+00  8.688074318E-03  7.220538627E+02 
        83  1.008950000E+00  1.125000000E-02  0.000000000E+00  1.199740300E-02 -1.058766020E+02 
        84  1.007930000E+00  1.160880000E-02  0.000000000E+00  5.301665515E-02  1.431697916E+02 
        85  9.198070000E-01  1.198220000E-02  0.000000000E+00  3.749350992E-02  1.723633431E+02 
        86  1.008950000E+00  1.250000000E-02  0.000000000E+00  4.033387847E-02 -1.180471659E+01 
        87  5.510960000E-03  1.280140000E-02  0.000000000E+00  1.911148357E-02  6.999558035E+02 
        88  9.009380000E-01  1.436040000E-02  0.000000000E+00  4.095110498E-02  1.488747411E+02 
        89  7.411530000E-03  1.476420000E-02  0.000000000E+00  2.972651834E-02  6.614792045E+02 
        90  9.850590000E-03  1.691540000E-02  0.000000000E+00  3.956702755E-02  6.092307794E+02 
        91  8.782860000E-01  1.714700000E-02  0.000000000E+00  4.400743547E-02  1.260070201E+02 
        92  1.318260000E-02  1.942040000E-02  0.000000000E+00  4.863536815E-02  5.470674567E+02 
        93  8.510930000E-01  2.039720000E-02  0.000000000E+00  4.674008513E-02  1.038408080E+02 
        94  1.821900000E-02  2.259850000E-02  0.000000000E+00  5.760141694E-02  4.698848356E+02 
        95  8.159680000E-01  2.444550000E-02  0.000000000E+00  4.927993953E-02  8.187276080E+01 
        96  2.634450000E-02  2.677890000E-02  0.000000000E+00  6.715029855E-02  3.682545880E+02 
        97  7.808250000E-01  2.833060000E-02  0.000000000E+00  5.135847634E-02  6.307842704E+01 
        98  3.777470000E-02  3.147510000E-02  0.000000000E+00  7.581192619E-02  2.539368217E+02 
        99  7.399050000E-01  3.264710000E-02  0.000000000E+00  5.326514256E-02  4.529183333E+01 
       100  6.989630000E-01  3.673990000E-02  0.000000000E+00  5.492930211E-02  2.966918245E+01 
       101  5.488770000E-02  3.697740000E-02  0.000000000E+00  8.044331593E-02  1.541037518E+02 
       102  6.579970000E-01  4.059990000E-02  0.000000000E+00  5.645436596E-02  1.581187064E+01 
       103  8.351470000E-02  4.379180000E-02  0.000000000E+00  8.186694606E-02  7.367651868E+01 
       104  6.170090000E-01  4.421250000E-02  0.000000000E+00  5.791349820E-02  3.217505856E+00 
       105  5.759990000E-01  4.755650000E-02  0.000000000E+00  5.935073577E-02 -8.385902757E+00 
       106  1.241140000E-01  5.043730000E-02  0.000000000E+00  8.187112891E-02  9.295784239E+00 
       107  5.349650000E-01  5.060440000E-02  0.000000000E+00  6.080400197E-02 -1.915105369E+01 
       108  4.939080000E-01  5.332060000E-02  0.000000000E+00  6.230762774E-02 -2.911038581E+01 
       109  1.650180000E-01  5.486620000E-02  0.000000000E+00  7.950477383E-02 -2.771742532E+01 
       110  4.528280000E-01  5.566140000E-02  0.000000000E+00  6.388878776E-02 -3.814479444E+01 
       111  4.117260000E-01  5.757270000E-02  0.000000000E+00  6.551166589E-02 -4.608214867E+01 
       112  2.060650000E-01  5.771190000E-02  0.000000000E+00  7.611343486E-02 -4.674866453E+01 
       113  3.706030000E-01  5.898830000E-02  0.000000000E+00  6.714125501E-02 -5.259003601E+01 
       114  2.471780000E-01  5.933890000E-02  0.000000000E+00  7.310910041E-02 -5.572973276E+01 
       115  3.294650000E-01  5.982680000E-02  0.000000000E+00  6.884831879E-02 -5.722125376E+01 
       116  2.883190000E-01  5.998690000E-02  0.000000000E+00  7.075120998E-02 -5.864320886E+01 
       117  2.883190000E-01 -5.998690000E-02  3.333330000E-02  7.793378125E-02 -5.063608043E+02 
       118  3.294650000E-01 -5.982680000E-02  3.333330000E-02  7.517951354E-02 -4.710763114E+02 
       119  2.471780000E-01 -5.933890000E-02  3.333330000E-02  8.148168808E-02 -5.447001467E+02 
       120  3.706030000E-01 -5.898830000E-02  3.333330000E-02  7.288160729E-02 -4.383063476E+02 
       121  2.060650000E-01 -5.771190000E-02  3.333330000E-02  8.629721682E-02 -5.869619199E+02 
       122  4.117260000E-01 -5.757270000E-02  3.333330000E-02  7.082696974E-02 -4.077198740E+02 
       123  4.528280000E-01 -5.566140000E-02  3.333330000E-02  6.890724157E-02 -3.790124294E+02 
       124  1.650180000E-01 -5.486620000E-02  3.333330000E-02  9.287850099E-02 -6.347541394E+02 
       125  4.939080000E-01 -5.332060000E-02  3.333330000E-02  6.709731101E-02 -3.519329117E+02 
       126  5.349650000E-01 -5.060440000E-02  3.333330000E-02  6.541103458E-02 -3.262527057E+02 
       127  1.241140000E-01 -5.043730000E-02  3.333330000E-02  1.008554577E-01 -6.955741519E+02 
       128  5.759990000E-01 -4.755650000E-02  3.333330000E-02  6.383293222E-02 -3.017893773E+02 
       129  6.170090000E-01 -4.421250000E-02  3.333330000E-02  6.233343787E-02 -2.783443904E+02 
       130  8.351470000E-02 -4.379180000E-02  3.333330000E-02  1.096648467E-01 -7.729012888E+02 
       131  6.579970000E-01 -4.059990000E-02  3.333330000E-02  6.088591034E-02 -2.556814009E+02 
       132  5.488770000E-02 -3.697740000E-02  3.333330000E-02  1.184787002E-01 -8.416473879E+02 
       133  6.989630000E-01 -3.673990000E-02  3.333330000E-02  5.947050811E-02 -2.335717818E+02 
       134  7.399050000E-01 -3.264710000E-02  3.333330000E-02  5.806528652E-02 -2.116741370E+02 
       135  3.777470000E-02 -3.147510000E-02  3.333330000E-02  1.270380534E-01 -8.967493912E+02 
       136  7.808250000E-01 -2.833060000E-02  3.333330000E-02  5.663278041E-02 -1.901123067E+02 
       137  2.634450000E-02 -2.677890000E-02  3.333330000E-02  1.350007217E-01 -9.542054264E+02 
       138  8.159680000E-01 -2.444550000E-02  3.333330000E-02  5.528900549E-02 -1.708137693E+02 
       139  1.821900000E-02 -2.259850000E-02  3.333330000E-02  1.426065928E-01 -1.010807730E+03 
       140  8.510930000E-01 -2.039720000E-02  3.333330000E-02  5.393571019E-02 -1.520808278E+02 
       141  1.318260000E-02 -1.942040000E-02  3.333330000E-02  1.459993291E-01 -9.951446929E+02 
       142  8.782860000E-01 -1.714700000E-02  3.333330000E-02  5.276125910E-02 -1.366245562E+02 
       143  9.850590000E-03 -1.691540000E-02  3.333330000E-02  1.437735836E-01 -9.210003620E+02 
       144  7.411530000E-03 -1.476420000E-02  3.333330000E-02  1.402058531E-01 -8.444812195E+02 
       145  9.009380000E-01 -1.436040000E-02  3.333330000E-02  5.171104005E-02 -1.232824453E+02 
       146  5.510960000E-03 -1.280140000E-02  3.333330000E-02  1.364093995E-01 -7.528325540E+02 
       147  9.198070000E-01 -1.198220000E-02  3.333330000E-02  5.076339839E-02 -1.112741566E+02 
       148  3.983540000E-03 -1.093890000E-02  3.333330000E-02  1.318695886E-01 -6.453195155E+02 
       149  9.355260000E-01 -9.960600000E-03  3.333330000E-02  4.991946554E-02 -1.005532891E+02 
       150  2.745270000E-03 -9.124550000E-03  3.333330000E-02  1.266139484E-01 -5.201325167E+02 
       151  9.486220000E-01 -8.247430000E-03  3.333330000E-02  4.919244932E-02 -9.139330872E+01 
       152  1.752850000E-03 -7.324960000E-03  3.333330000E-02  1.206269793E-01 -3.799789792E+02 
       153  9.595320000E-01 -6.799650000E-03  3.333330000E-02  4.859742735E-02 -8.406928686E+01 
       154  9.686220000E-01 -5.578890000E-03  3.333330000E-02  4.814145566E-02 -7.863441955E+01 
       155  9.860190000E-04 -5.518970000E-03  3.333330000E-02  1.132889596E-01 -2.344626614E+02 
       156  9.761960000E-01 -4.551510000E-03  3.333330000E-02  4.781676818E-02 -7.486754644E+01 
       157  4.384000000E-04 -3.696570000E-03  3.333330000E-02  1.036039436E-01 -8.271702273E+01 
       158  9.825070000E-01 -3.688230000E-03  3.333330000E-02  4.760432955E-02 -7.238312593E+01 
       159  9.877650000E-01 -2.963870000E-03  3.333330000E-02  4.747971243E-02 -7.073502973E+01 
       160  9.921460000E-01 -2.356690000E-03  3.333330000E-02  4.741735953E-02 -6.952950453E+01 
       161  1.095110000E-04 -1.855900000E-03  3.333330000E-02  9.160290747E-02  8.730792791E+01 
       162  9.957970000E-01 -1.848260000E-03  3.333330000E-02  4.739767083E-02 -6.847031758E+01 
       163  9.988390000E-01 -1.422790000E-03  3.333330000E-02  4.737998114E-02 -6.723360226E+01 
       164  1.001370000E+00 -1.062990000E-03  3.333330000E-02  4.724530446E-02 -6.519243864E+01 
       165  1.003480000E+00 -7.543150000E-04  3.333330000E-02  4.694321460E-02 -6.182454468E+01 
       166  1.005240000E+00 -4.991700000E-04  3.333330000E-02  4.663513707E-02 -5.805381999E+01 
       167  1.006710000E+00 -2.932730000E-04  3.333330000E-02  4.647685082E-02 -5.492997762E+01 
       168  1.007930000E+00 -1.294160000E-04  3.333330000E-02  4.642331269E-02 -5.286251213E+01 
       169  0.000000000E+00  0.000000000E+00  3.333330000E-02  7.790716175E-02  2.632336223E+02 
       170  1.008950000E+00  0.000000000E+00  3.333330000E-02  2.650127000E-02 -5.586439066E+01 
       171  1.008950000E+00  1.250000000E-03  3.333330000E-02  6.513665803E-03 -5.810324971E+01 
       172  9.957970000E-01  1.848260000E-03  3.333330000E-02  2.486047806E-03  3.061338023E+02 
       173  1.095110000E-04  1.855900000E-03  3.333330000E-02  6.308110456E-02  4.214042934E+02 
       174  9.921460000E-01  2.356690000E-03  3.333330000E-02  3.595214696E-03  3.003984247E+02 
       175  1.008950000E+00  2.500000000E-03  3.333330000E-02  6.479945802E-03 -5.723429517E+01 
       176  9.877650000E-01  2.963870000E-03  3.333330000E-02  2.108388152E-03  2.943884869E+02 
       177  9.825070000E-01  3.688230000E-03  3.333330000E-02  3.999030979E-03  2.879792606E+02 
       178  4.384000000E-04  3.696570000E-03  3.333330000E-02  4.778796819E-02  5.501166407E+02 
       179  1.008950000E+00  3.750000000E-03  3.333330000E-02  6.398936353E-03 -5.848587462E+01 
       180  9.988390000E-01  3.807740000E-03  3.333330000E-02  3.886691179E-03  3.108437432E+02 
       181  9.761960000E-01  4.551510000E-03  3.333330000E-02  1.079691960E-02  2.776039584E+02 
       182  1.008950000E+00  5.000000000E-03  3.333330000E-02  5.579830158E-03 -6.057358258E+01 
       183  9.860190000E-04  5.518970000E-03  3.333330000E-02  3.270347125E-02  6.421687475E+02 
       184  9.686220000E-01  5.578890000E-03  3.333330000E-02  1.770331996E-02  2.617493041E+02 
       185  1.001370000E+00  5.982190000E-03  3.333330000E-02  1.147059277E-02  3.079002879E+02 
       186  1.008950000E+00  6.250000000E-03  3.333330000E-02  3.673309574E-03 -6.429636336E+01 
       187  9.595320000E-01  6.799650000E-03  3.333330000E-02  2.380528520E-02  2.417198508E+02 
       188  1.752850000E-03  7.324960000E-03  3.333330000E-02  1.843899987E-02  6.981287596E+02 
       189  1.008950000E+00  7.500000000E-03  3.333330000E-02  2.557373460E-03 -6.996922434E+01 
       190  1.003480000E+00  7.784150000E-03  3.333330000E-02  2.117170532E-02  2.897461955E+02 
       191  9.486220000E-01  8.247430000E-03  3.333330000E-02  2.903935207E-02  2.193761584E+02 
       192  1.008950000E+00  8.750000000E-03  3.333330000E-02  4.697346397E-03 -7.840078542E+01 
       193  2.745270000E-03  9.124550000E-03  3.333330000E-02  7.650142413E-03  7.231861195E+02 
       194  1.005240000E+00  9.288160000E-03  3.333330000E-02  3.085803853E-02  2.571474587E+02 
       195  9.355260000E-01  9.960600000E-03  3.333330000E-02  3.355576026E-02  1.960284021E+02 
       196  1.008950000E+00  1.000000000E-02  3.333330000E-02  9.334157123E-03 -8.823876469E+01 
       197  1.006710000E+00  1.054920000E-02  3.333330000E-02  4.067814811E-02  2.078315412E+02 
       198  3.983540000E-03  1.093890000E-02  3.333330000E-02  8.687858688E-03  7.220541436E+02 
       199  1.008950000E+00  1.125000000E-02  3.333330000E-02  1.200444444E-02 -1.058942207E+02 
       200  1.007930000E+00  1.160880000E-02  3.333330000E-02  5.302184522E-02  1.431441359E+02 
       201  9.198070000E-01  1.198220000E-02  3.333330000E-02  3.749349877E-02  1.723634032E+02 
       202  1.008950000E+00  1.250000000E-02  3.333330000E-02  3.623358187E-02 -5.364184878E+00 
       203  5.510960000E-03  1.280140000E-02  3.333330000E-02  1.911119484E-02  6.999566293E+02 
       204  9.009380000E-01  1.436040000E-02  3.333330000E-02  4.095109276E-02  1.488748236E+02 
       205  7.411530000E-03  1.476420000E-02  3.333330000E-02  2.972622050E-02  6.614805266E+02 
       206  9.850590000E-03  1.691540000E-02  3.333330000E-02  3.956676640E-02  6.092324153E+02 
       207  8.782860000E-01  1.714700000E-02  3.333330000E-02  4.400741402E-02  1.260071870E+02 
       208  1.318260000E-02  1.942040000E-02  3.333330000E-02  4.863519986E-02  5.470687177E+02 
       209  8.510930000E-01  2.039720000E-02  3.333330000E-02  4.674005662E-02  1.038410494E+02 
       210  1.821900000E-02  2.259850000E-02  3.333330000E-02  5.760134044E-02  4.698855762E+02 
       211  8.159680000E-01  2.444550000E-02  3.333330000E-02  4.927993968E-02  8.187276002E+01 
       212  2.634450000E-02  2.677890000E-02  3.333330000E-02  6.715020262E-02  3.682556970E+02 
       213  7.808250000E-01  2.833060000E-02  3.333330000E-02  5.135846386E-02  6.307854232E+01 
       214  3.777470000E-02  3.147510000E-02  3.333330000E-02  7.581177069E-02  2.539392253E+02 
       215  7.399050000E-01  3.264710000E-02  3.333330000E-02  5.326514298E-02  4.529182931E+01 
       216  6.989630000E-01  3.673990000E-02  3.333330000E-02  5.492930095E-02  2.966919318E+01 
       217  5.488770000E-02  3.697740000E-02  3.333330000E-02  8.044326823E-02  1.541062719E+02 
       218  6.579970000E-01  4.059990000E-02  3.333330000E-02  5.645436612E-02  1.581186910E+01 
       219  8.351470000E-02  4.379180000E-02  3.333330000E-02  8.186692066E-02  7.367810716E+01 
       220  6.170090000E-01  4.421250000E-02  3.333330000E-02  5.791349863E-02  3.217502153E+00 
       221  5.759990000E-01  4.755650000E-02  3.333330000E-02  5.935073684E-02 -8.385911062E+00 
       222  1.241140000E-01  5.043730000E-02  3.333330000E-02  8.187113622E-02  9.296065693E+00 
       223  5.349650000E-01  5.060440000E-02  3.333330000E-02  6.080400313E-02 -1.915106199E+01 
       224  4.939080000E-01  5.332060000E-02  3.333330000E-02  6.230762837E-02 -2.911038973E+01 
       225  1.650180000E-01  5.486620000E-02  3.333330000E-02  7.950478925E-02 -2.771731320E+01 
       226  4.528280000E-01  5.566140000E-02  3.333330000E-02  6.388879016E-02 -3.814480707E+01 
       227  4.117260000E-01  5.757270000E-02  3.333330000E-02  6.551166838E-02 -4.608215989E+01 
       228  2.060650000E-01  5.771190000E-02  3.333330000E-02  7.611344232E-02 -4.674863557E+01 
       229  3.706030000E-01  5.898830000E-02  3.333330000E-02  6.714125625E-02 -5.259004027E+01 
       230  2.471780000E-01  5.933890000E-02  3.333330000E-02  7.310910579E-02 -5.572972258E+01 
       231  3.294650000E-01  5.982680000E-02  3.333330000E-02  6.884831790E-02 -5.722125193E+01 
       232  2.883190000E-01  5.998690000E-02  3.333330000E-02  7.075121158E-02 -5.864320824E+01 
       233  2.883190000E-01 -5.998690000E-02  6.666670000E-02  7.793378125E-02 -5.063608043E+02 
       234  3.294650000E-01 -5.982680000E-02  6.666670000E-02  7.517951354E-02 -4.710763114E+02 
       235  2.471780000E-01 -5.933890000E-02  6.666670000E-02  8.148168808E-02 -5.447001467E+02 
       236  3.706030000E-01 -5.898830000E-02  6.666670000E-02  7.288160729E-02 -4.383063476E+02 
       237  2.060650000E-01 -5.771190000E-02  6.666670000E-02  8.629721682E-02 -5.869619199E+02 
       238  4.117260000E-01 -5.757270000E-02  6.666670000E-02  7.082696974E-02 -4.077198740E+02 
       239  4.528280000E-01 -5.566140000E-02  6.666670000E-02  6.890724157E-02 -3.790124294E+02 
       240  1.650180000E-01 -5.486620000E-02  6.666670000E-02  9.287850099E-02 -6.347541394E+02 
       241  4.939080000E-01 -5.332060000E-02  6.666670000E-02  6.709731101E-02 -3.519329117E+02 
       242  5.349650000E-01 -5.060440000E-02  6.666670000E-02  6.541103458E-02 -3.262527057E+02 
       243  1.241140000E-01 -5.043730000E-02  6.666670000E-02  1.008554577E-01 -6.955741519E+02 
       244  5.759990000E-01 -4.755650000E-02  6.666670000E-02  6.383293222E-02 -3.017893773E+02 
       245  6.170090000E-01 -4.421250000E-02  6.666670000E-02  6.233343787E-02 -2.783443903E+02 
       246  8.351470000E-02 -4.379180000E-02  6.666670000E-02  1.096648467E-01 -7.729012888E+02 
       247  6.579970000E-01 -4.059990000E-02  6.666670000E-02  6.088591034E-02 -2.556814008E+02 
       248  5.488770000E-02 -3.697740000E-02  6.666670000E-02  1.184787002E-01 -8.416473879E+02 
       249  6.989630000E-01 -3.673990000E-02  6.666670000E-02  5.947050811E-02 -2.335717817E+02 
       250  7.399050000E-01 -3.264710000E-02  6.666670000E-02  5.806528653E-02 -2.116741373E+02 
       251  3.777470000E-02 -3.147510000E-02  6.666670000E-02  1.270380534E-01 -8.967493912E+02 
       252  7.808250000E-01 -2.833060000E-02  6.666670000E-02  5.663278043E-02 -1.901123077E+02 
       253  2.634450000E-02 -2.677890000E-02  6.666670000E-02  1.350007217E-01 -9.542054264E+02 
       254  8.159680000E-01 -2.444550000E-02  6.666670000E-02  5.528900554E-02 -1.708137705E+02 
       255  1.821900000E-02 -2.259850000E-02  6.666670000E-02  1.426065928E-01 -1.010807730E+03 
       256  8.510930000E-01 -2.039720000E-02  6.666670000E-02  5.393571019E-02 -1.520808265E+02 
       257  1.318260000E-02 -1.942040000E-02  6.666670000E-02  1.459993291E-01 -9.951446928E+02 
       258  8.782860000E-01 -1.714700000E-02  6.666670000E-02  5.276125887E-02 -1.366245491E+02 
       259  9.850590000E-03 -1.691540000E-02  6.666670000E-02  1.437735836E-01 -9.210003620E+02 
       260  7.411530000E-03 -1.476420000E-02  6.666670000E-02  1.402058531E-01 -8.444812195E+02 
       261  9.009380000E-01 -1.436040000E-02  6.666670000E-02  5.171103955E-02 -1.232824350E+02 
       262  5.510960000E-03 -1.280140000E-02  6.666670000E-02  1.364093995E-01 -7.528325540E+02 
       263  9.198070000E-01 -1.198220000E-02  6.666670000E-02  5.076339836E-02 -1.112741632E+02 
       264  3.983540000E-03 -1.093890000E-02  6.666670000E-02  1.318695886E-01 -6.453195155E+02 
       265  9.355260000E-01 -9.960600000E-03  6.666670000E-02  4.991946827E-02 -1.005533588E+02 
       266  2.745270000E-03 -9.124550000E-03  6.666670000E-02  1.266139484E-01 -5.201325167E+02 
       267  9.486220000E-01 -8.247430000E-03  6.666670000E-02  4.919245889E-02 -9.139350902E+01 
       268  1.752850000E-03 -7.324960000E-03  6.666670000E-02  1.206269793E-01 -3.799789792E+02 
       269  9.595320000E-01 -6.799650000E-03  6.666670000E-02  4.859744937E-02 -8.406968859E+01 
       270  9.686220000E-01 -5.578890000E-03  6.666670000E-02  4.814149562E-02 -7.863507184E+01 
       271  9.860190000E-04 -5.518970000E-03  6.666670000E-02  1.132889596E-01 -2.344626614E+02 
       272  9.761960000E-01 -4.551510000E-03  6.666670000E-02  4.781682893E-02 -7.486844853E+01 
       273  4.384000000E-04 -3.696570000E-03  6.666670000E-02  1.036039436E-01 -8.271702274E+01 
       274  9.825070000E-01 -3.688230000E-03  6.666670000E-02  4.760440925E-02 -7.238420970E+01 
       275  9.877650000E-01 -2.963870000E-03  6.666670000E-02  4.747980566E-02 -7.073615896E+01 
       276  9.921460000E-01 -2.356690000E-03  6.666670000E-02  4.741745437E-02 -6.953051737E+01 
       277  1.095110000E-04 -1.855900000E-03  6.666670000E-02  9.160290747E-02  8.730792791E+01 
       278  9.957970000E-01 -1.848260000E-03  6.666670000E-02  4.739775463E-02 -6.847103888E+01 
       279  9.988390000E-01 -1.422790000E-03  6.666670000E-02  4.738003795E-02 -6.723381302E+01 
       280  1.001370000E+00 -1.062990000E-03  6.666670000E-02  4.724531812E-02 -6.519197555E+01 
       281  1.003480000E+00 -7.543150000E-04  6.666670000E-02  4.694317811E-02 -6.182337203E+01 
       282  1.005240000E+00 -4.991700000E-04  6.666670000E-02  4.663504827E-02 -5.805198832E+01 
       283  1.006710000E+00 -2.932730000E-04  6.666670000E-02  4.647671514E-02 -5.492759011E+01 
       284  1.007930000E+00 -1.294160000E-04  6.666670000E-02  4.642312816E-02 -5.285974304E+01 
       285  0.000000000E+00  0.000000000E+00  6.666670000E-02  7.790716175E-02  2.632336223E+02 
       286  1.008950000E+00  0.000000000E+00  6.666670000E-02  2.650113480E-02 -5.586133538E+01 
       287  1.008950000E+00  1.250000000E-03  6.666670000E-02  6.513467690E-03 -5.810050298E+01 
       288  9.957970000E-01  1.848260000E-03  6.666670000E-02  2.486011463E-03  3.061335628E+02 
       289  1.095110000E-04  1.855900000E-03  6.666670000E-02  6.308110456E-02  4.214042934E+02 
       290  9.921460000E-01  2.356690000E-03  6.666670000E-02  3.595177057E-03  3.003982409E+02 
       291  1.008950000E+00  2.500000000E-03  6.666670000E-02  6.479391275E-03 -5.723149941E+01 
       292  9.877650000E-01  2.963870000E-03  6.666670000E-02  2.108379421E-03  2.943883522E+02 
       293  9.825070000E-01  3.688230000E-03  6.666670000E-02  3.999053622E-03  2.879791577E+02 
       294  4.384000000E-04  3.696570000E-03  6.666670000E-02  4.778796819E-02  5.501166406E+02 
       295  1.008950000E+00  3.750000000E-03  6.666670000E-02  6.397987932E-03 -5.848253600E+01 
       296  9.988390000E-01  3.807740000E-03  6.666670000E-02  3.886689432E-03  3.108433996E+02 
       297  9.761960000E-01  4.551510000E-03  6.666670000E-02  1.079693897E-02  2.776038738E+02 
       298  1.008950000E+00  5.000000000E-03  6.666670000E-02  5.578604858E-03 -6.057062851E+01 
       299  9.860190000E-04  5.518970000E-03  6.666670000E-02  3.270347125E-02  6.421687475E+02 
       300  9.686220000E-01  5.578890000E-03  6.666670000E-02  1.770333175E-02  2.617492316E+02 
       301  1.001370000E+00  5.982190000E-03  6.666670000E-02  1.147064667E-02  3.078997478E+02 
       302  1.008950000E+00  6.250000000E-03  6.666670000E-02  3.672032897E-03 -6.429448471E+01 
       303  9.595320000E-01  6.799650000E-03  6.666670000E-02  2.380529262E-02  2.417197876E+02 
       304  1.752850000E-03  7.324960000E-03  6.666670000E-02  1.843899987E-02  6.981287596E+02 
       305  1.008950000E+00  7.500000000E-03  6.666670000E-02  2.557387381E-03 -6.996887053E+01 
       306  1.003480000E+00  7.784150000E-03  6.666670000E-02  2.117179624E-02  2.897453867E+02 
       307  9.486220000E-01  8.247430000E-03  6.666670000E-02  2.903935666E-02  2.193761062E+02 
       308  1.008950000E+00  8.750000000E-03  6.666670000E-02  4.698764599E-03 -7.840217682E+01 
       309  2.745270000E-03  9.124550000E-03  6.666670000E-02  7.650142413E-03  7.231861195E+02 
       310  1.005240000E+00  9.288160000E-03  6.666670000E-02  3.085815549E-02  2.571463902E+02 
       311  9.355260000E-01  9.960600000E-03  6.666670000E-02  3.355576280E-02  1.960283649E+02 
       312  1.008950000E+00  1.000000000E-02  6.666670000E-02  9.335644314E-03 -8.824099870E+01 
       313  1.006710000E+00  1.054920000E-02  6.666670000E-02  4.067826900E-02  2.078303786E+02 
       314  3.983540000E-03  1.093890000E-02  6.666670000E-02  8.687858688E-03  7.220541436E+02 
       315  1.008950000E+00  1.125000000E-02  6.666670000E-02  1.200546318E-02 -1.058959884E+02 
       316  1.007930000E+00  1.160880000E-02  6.666670000E-02  5.302193889E-02  1.431436093E+02 
       317  9.198070000E-01  1.198220000E-02  6.666670000E-02  3.749349986E-02  1.723633825E+02 
       318  1.008950000E+00  1.250000000E-02  6.666670000E-02  3.623393994E-02 -5.364807428E+00 
       319  5.510960000E-03  1.280140000E-02  6.666670000E-02  1.911119484E-02  6.999566293E+02 
       320  9.009380000E-01  1.436040000E-02  6.666670000E-02  4.095109300E-02  1.488748162E+02 
       321  7.411530000E-03  1.476420000E-02  6.666670000E-02  2.972622050E-02  6.614805266E+02 
       322  9.850590000E-03  1.691540000E-02  6.666670000E-02  3.956676640E-02  6.092324153E+02 
       323  8.782860000E-01  1.714700000E-02  6.666670000E-02  4.400741396E-02  1.260071868E+02 
       324  1.318260000E-02  1.942040000E-02  6.666670000E-02  4.863519986E-02  5.470687176E+02 
       325  8.510930000E-01  2.039720000E-02  6.666670000E-02  4.674005654E-02  1.038410511E+02 
       326  1.821900000E-02  2.259850000E-02  6.666670000E-02  5.760134044E-02  4.698855762E+02 
       327  8.159680000E-01  2.444550000E-02  6.666670000E-02  4.927993964E-02  8.187276124E+01 
       328  2.634450000E-02  2.677890000E-02  6.666670000E-02  6.715020262E-02  3.682556970E+02 
       329  7.808250000E-01  2.833060000E-02  6.666670000E-02  5.135846385E-02  6.307854276E+01 
       330  3.777470000E-02  3.147510000E-02  6.666670000E-02  7.581177069E-02  2.539392253E+02 
       331  7.399050000E-01  3.264710000E-02  6.666670000E-02  5.326514298E-02  4.529182927E+01 
       332  6.989630000E-01  3.673990000E-02  6.666670000E-02  5.492930095E-02  2.966919301E+01 
       333  5.488770000E-02  3.697740000E-02  6.666670000E-02  8.044326823E-02  1.541062719E+02 
       334  6.579970000E-01  4.059990000E-02  6.666670000E-02  5.645436612E-02  1.581186893E+01 
       335  8.351470000E-02  4.379180000E-02  6.666670000E-02  8.186692066E-02  7.367810716E+01 
       336  6.170090000E-01  4.421250000E-02  6.666670000E-02  5.791349863E-02  3.217502020E+00 
       337  5.759990000E-01  4.755650000E-02  6.666670000E-02  5.935073684E-02 -8.385911160E+00 
       338  1.241140000E-01  5.043730000E-02  6.666670000E-02  8.187113622E-02  9.296065710E+00 
       339  5.349650000E-01  5.060440000E-02  6.666670000E-02  6.080400313E-02 -1.915106205E+01 
       340  4.939080000E-01  5.332060000E-02  6.666670000E-02  6.230762837E-02 -2.911038976E+01 
       341  1.650180000E-01  5.486620000E-02  6.666670000E-02  7.950478925E-02 -2.771731317E+01 
       342  4.528280000E-01  5.566140000E-02  6.666670000E-02  6.388879016E-02 -3.814480706E+01 
       343  4.117260000E-01  5.757270000E-02  6.666670000E-02  6.551166838E-02 -4.608215985E+01 
       344  2.060650000E-01  5.771190000E-02  6.666670000E-02  7.611344232E-02 -4.674863552E+01 
       345  3.706030000E-01  5.898830000E-02  6.666670000E-02  6.714125625E-02 -5.259004021E+01 
       346  2.471780000E-01  5.933890000E-02  6.666670000E-02  7.310910579E-02 -5.572972253E+01 
       347  3.294650000E-01  5.982680000E-02  6.666670000E-02  6.884831790E-02 -5.722125186E+01 
       348  2.883190000E-01  5.998690000E-02  6.666670000E-02  7.075121158E-02 -5.864320818E+01 
       349  2.883190000E-01 -5.998690000E-02  1.000000000E-01  7.793377884E-02 -5.063607754E+02 
       350  3.294650000E-01 -5.982680000E-02  1.000000000E-01  7.517951477E-02 -4.710763284E+02 
       351  2.471780000E-01 -5.933890000E-02  1.000000000E-01  8.148167999E-02 -5.447000666E+02 
       352  3.706030000E-01 -5.898830000E-02  1.000000000E-01  7.288160567E-02 -4.383063237E+02 
       353  2.060650000E-01 -5.771190000E-02  1.000000000E-01  8.629720427E-02 -5.869618201E+02 
       354  4.117260000E-01 -5.757270000E-02  1.000000000E-01  7.082696673E-02 -4.077198287E+02 
       355  4.528280000E-01 -5.566140000E-02  1.000000000E-01  6.890723880E-02 -3.790123882E+02 
       356  1.650180000E-01 -5.486620000E-02  1.000000000E-01  9.287846726E-02 -6.347539117E+02 
       357  4.939080000E-01 -5.332060000E-02  1.000000000E-01  6.709731029E-02 -3.519329009E+02 
       358  5.349650000E-01 -5.060440000E-02  1.000000000E-01  6.541103329E-02 -3.262526857E+02 
       359  1.241140000E-01 -5.043730000E-02  1.000000000E-01  1.008554094E-01 -6.955737457E+02 
       360  5.759990000E-01 -4.755650000E-02  1.000000000E-01  6.383293109E-02 -3.017893596E+02 
       361  6.170090000E-01 -4.421250000E-02  1.000000000E-01  6.233343742E-02 -2.783443834E+02 
       362  8.351470000E-02 -4.379180000E-02  1.000000000E-01  1.096646630E-01 -7.728996164E+02 
       363  6.579970000E-01 -4.059990000E-02  1.000000000E-01  6.088591018E-02 -2.556813983E+02 
       364  5.488770000E-02 -3.697740000E-02  1.000000000E-01  1.184784350E-01 -8.416455913E+02 
       365  6.989630000E-01 -3.673990000E-02  1.000000000E-01  5.947050914E-02 -2.335717980E+02 
       366  7.399050000E-01 -3.264710000E-02  1.000000000E-01  5.806528619E-02 -2.116741322E+02 
       367  3.777470000E-02 -3.147510000E-02  1.000000000E-01  1.270378786E-01 -8.967483224E+02 
       368  7.808250000E-01 -2.833060000E-02  1.000000000E-01  5.663278930E-02 -1.901124373E+02 
       369  2.634450000E-02 -2.677890000E-02  1.000000000E-01  1.350006477E-01 -9.542048067E+02 
       370  8.159680000E-01 -2.444550000E-02  1.000000000E-01  5.528900547E-02 -1.708137694E+02 
       371  1.821900000E-02 -2.259850000E-02  1.000000000E-01  1.426065299E-01 -1.010807319E+03 
       372  8.510930000E-01 -2.039720000E-02  1.000000000E-01  5.393572387E-02 -1.520810109E+02 
       373  1.318260000E-02 -1.942040000E-02  1.000000000E-01  1.459993433E-01 -9.951462322E+02 
       374  8.782860000E-01 -1.714700000E-02  1.000000000E-01  5.276126688E-02 -1.366246503E+02 
       375  9.850590000E-03 -1.691540000E-02  1.000000000E-01  1.437736867E-01 -9.210022624E+02 
       376  7.411530000E-03 -1.476420000E-02  1.000000000E-01  1.402059523E-01 -8.444836710E+02 
       377  9.009380000E-01 -1.436040000E-02  1.000000000E-01  5.171104303E-02 -1.232824824E+02 
       378  5.510960000E-03 -1.280140000E-02  1.000000000E-01  1.364095094E-01 -7.528351561E+02 
       379  9.198070000E-01 -1.198220000E-02  1.000000000E-01  5.076340130E-02 -1.112742136E+02 
       380  3.983540000E-03 -1.093890000E-02  1.000000000E-01  1.318696955E-01 -6.453220499E+02 
       381  9.355260000E-01 -9.960600000E-03  1.000000000E-01  4.991947029E-02 -1.005534069E+02 
       382  2.745270000E-03 -9.124550000E-03  1.000000000E-01  1.266140393E-01 -5.201346934E+02 
       383  9.486220000E-01 -8.247430000E-03  1.000000000E-01  4.919245466E-02 -9.139348016E+01 
       384  1.752850000E-03 -7.324960000E-03  1.000000000E-01  1.206270484E-01 -3.799805655E+02 
       385  9.595320000E-01 -6.799650000E-03  1.000000000E-01  4.859742799E-02 -8.406944695E+01 
       386  9.686220000E-01 -5.578890000E-03  1.000000000E-01  4.814144034E-02 -7.863443873E+01 
       387  9.860190000E-04 -5.518970000E-03  1.000000000E-01  1.132890129E-01 -2.344635893E+02 
       388  9.761960000E-01 -4.551510000E-03  1.000000000E-01  4.781672511E-02 -7.486730967E+01 
       389  4.384000000E-04 -3.696570000E-03  1.000000000E-01  1.036039790E-01 -8.271753075E+01 
       390  9.825070000E-01 -3.688230000E-03  1.000000000E-01  4.760425303E-02 -7.238260572E+01 
       391  9.877650000E-01 -2.963870000E-03  1.000000000E-01  4.747961123E-02 -7.073426580E+01 
       392  9.921460000E-01 -2.356690000E-03  1.000000000E-01  4.741722885E-02 -6.952894414E+01 
       393  1.095110000E-04 -1.855900000E-03  1.000000000E-01  9.160292173E-02  8.730772799E+01 
       394  9.957970000E-01 -1.848260000E-03  1.000000000E-01  4.739755112E-02 -6.847072849E+01 
       395  9.988390000E-01 -1.422790000E-03  1.000000000E-01  4.737995824E-02 -6.723534819E+01 
       396  1.001370000E+00 -1.062990000E-03  1.000000000E-01  4.724543645E-02 -6.519576152E+01 
       397  1.003480000E+00 -7.543150000E-04  1.000000000E-01  4.694351755E-02 -6.182956218E+01 
       398  1.005240000E+00 -4.991700000E-04  1.000000000E-01  4.663557661E-02 -5.806009645E+01 
       399  1.006710000E+00 -2.932730000E-04  1.000000000E-01  4.647736201E-02 -5.493669607E+01 
       400  1.007930000E+00 -1.294160000E-04  1.000000000E-01  4.642381724E-02 -5.286864811E+01 
       401  0.000000000E+00  0.000000000E+00  1.000000000E-01  7.790716175E-02  2.632336223E+02 
       402  1.008950000E+00  0.000000000E+00  1.000000000E-01  3.075426305E-02 -5.435414588E+01 
       403  1.008950000E+00  1.250000000E-03  1.000000000E-01  6.515680348E-03 -5.810475398E+01 
       404  9.957970000E-01  1.848260000E-03  1.000000000E-01  2.486830425E-03  3.061321847E+02 
       405  1.095110000E-04  1.855900000E-03  1.000000000E-01  6.308108780E-02  4.214044541E+02 
       406  9.921460000E-01  2.356690000E-03  1.000000000E-01  3.595136693E-03  3.003981571E+02 
       407  1.008950000E+00  2.500000000E-03  1.000000000E-01  6.485799551E-03 -5.723950998E+01 
       408  9.877650000E-01  2.963870000E-03  1.000000000E-01  2.108360496E-03  2.943881599E+02 
       409  9.825070000E-01  3.688230000E-03  1.000000000E-01  3.999085581E-03  2.879789158E+02 
       410  4.384000000E-04  3.696570000E-03  1.000000000E-01  4.778791894E-02  5.501169979E+02 
       411  1.008950000E+00  3.750000000E-03  1.000000000E-01  6.407616477E-03 -5.849492844E+01 
       412  9.988390000E-01  3.807740000E-03  1.000000000E-01  3.883191558E-03  3.108409110E+02 
       413  9.761960000E-01  4.551510000E-03  1.000000000E-01  1.079695686E-02  2.776036787E+02 
       414  1.008950000E+00  5.000000000E-03  1.000000000E-01  5.590693684E-03 -6.058076009E+01 
       415  9.860190000E-04  5.518970000E-03  1.000000000E-01  3.270337650E-02  6.421692120E+02 
       416  9.686220000E-01  5.578890000E-03  1.000000000E-01  1.770333092E-02  2.617491216E+02 
       417  1.001370000E+00  5.982190000E-03  1.000000000E-01  1.146463458E-02  3.079073824E+02 
       418  1.008950000E+00  6.250000000E-03  1.000000000E-01  3.684126853E-03 -6.429629527E+01 
       419  9.595320000E-01  6.799650000E-03  1.000000000E-01  2.380528878E-02  2.417197399E+02 
       420  1.752850000E-03  7.324960000E-03  1.000000000E-01  1.843885077E-02  6.981291876E+02 
       421  1.008950000E+00  7.500000000E-03  1.000000000E-01  2.557978224E-03 -6.996081054E+01 
       422  1.003480000E+00  7.784150000E-03  1.000000000E-01  2.116657254E-02  2.897610960E+02 
       423  9.486220000E-01  8.247430000E-03  1.000000000E-01  2.903936007E-02  2.193760667E+02 
       424  1.008950000E+00  8.750000000E-03  1.000000000E-01  4.688456878E-03 -7.838435062E+01 
       425  2.745270000E-03  9.124550000E-03  1.000000000E-01  7.650015299E-03  7.231862922E+02 
       426  1.005240000E+00  9.288160000E-03  1.000000000E-01  3.085348472E-02  2.571677262E+02 
       427  9.355260000E-01  9.960600000E-03  1.000000000E-01  3.355577450E-02  1.960282932E+02 
       428  1.008950000E+00  1.000000000E-02  1.000000000E-01  9.325991894E-03 -8.821952309E+01 
       429  1.006710000E+00  1.054920000E-02  1.000000000E-01  4.067402784E-02  2.078577450E+02 
       430  3.983540000E-03  1.093890000E-02  1.000000000E-01  8.688074317E-03  7.220538627E+02 
       431  1.008950000E+00  1.125000000E-02  1.000000000E-01  1.199944049E-02 -1.058801375E+02 
       432  1.007930000E+00  1.160880000E-02  1.000000000E-01  5.301684252E-02  1.431687377E+02 
       433  9.198070000E-01  1.198220000E-02  1.000000000E-01  3.749351210E-02  1.723633017E+02 
       434  1.008950000E+00  1.250000000E-02  1.000000000E-01  4.033445507E-02 -1.180522759E+01 
       435  5.510960000E-03  1.280140000E-02  1.000000000E-01  1.911148357E-02  6.999558035E+02 
       436  9.009380000E-01  1.436040000E-02  1.000000000E-01  4.095110546E-02  1.488747264E+02 
       437  7.411530000E-03  1.476420000E-02  1.000000000E-01  2.972651834E-02  6.614792044E+02 
       438  9.850590000E-03  1.691540000E-02  1.000000000E-01  3.956702755E-02  6.092307794E+02 
       439  8.782860000E-01  1.714700000E-02  1.000000000E-01  4.400743534E-02  1.260070197E+02 
       440  1.318260000E-02  1.942040000E-02  1.000000000E-01  4.863536815E-02  5.470674566E+02 
       441  8.510930000E-01  2.039720000E-02  1.000000000E-01  4.674008496E-02  1.038408114E+02 
       442  1.821900000E-02  2.259850000E-02  1.000000000E-01  5.760141694E-02  4.698848356E+02 
       443  8.159680000E-01  2.444550000E-02  1.000000000E-01  4.927993946E-02  8.187276323E+01 
       444  2.634450000E-02  2.677890000E-02  1.000000000E-01  6.715029855E-02  3.682545879E+02 
       445  7.808250000E-01  2.833060000E-02  1.000000000E-01  5.135847633E-02  6.307842792E+01 
       446  3.777470000E-02  3.147510000E-02  1.000000000E-01  7.581192619E-02  2.539368217E+02 
       447  7.399050000E-01  3.264710000E-02  1.000000000E-01  5.326514256E-02  4.529183324E+01 
       448  6.989630000E-01  3.673990000E-02  1.000000000E-01  5.492930211E-02  2.966918209E+01 
       449  5.488770000E-02  3.697740000E-02  1.000000000E-01  8.044331593E-02  1.541037517E+02 
       450  6.579970000E-01  4.059990000E-02  1.000000000E-01  5.645436596E-02  1.581187030E+01 
       451  8.351470000E-02  4.379180000E-02  1.000000000E-01  8.186694606E-02  7.367651869E+01 
       452  6.170090000E-01  4.421250000E-02  1.000000000E-01  5.791349820E-02  3.217505589E+00 
       453  5.759990000E-01  4.755650000E-02  1.000000000E-01  5.935073577E-02 -8.385902952E+00 
       454  1.241140000E-01  5.043730000E-02  1.000000000E-01  8.187112891E-02  9.295784273E+00 
       455  5.349650000E-01  5.060440000E-02  1.000000000E-01  6.080400197E-02 -1.915105381E+01 
       456  4.939080000E-01  5.332060000E-02  1.000000000E-01  6.230762774E-02 -2.911038586E+01 
       457  1.650180000E-01  5.486620000E-02  1.000000000E-01  7.950477383E-02 -2.771742526E+01 
       458  4.528280000E-01  5.566140000E-02  1.000000000E-01  6.388878776E-02 -3.814479442E+01 
       459  4.117260000E-01  5.757270000E-02  1.000000000E-01  6.551166589E-02 -4.608214858E+01 
       460  2.060650000E-01  5.771190000E-02  1.000000000E-01  7.611343486E-02 -4.674866445E+01 
       461  3.706030000E-01  5.898830000E-02  1.000000000E-01  6.714125501E-02 -5.259003588E+01 
       462  2.471780000E-01  5.933890000E-02  1.000000000E-01  7.310910041E-02 -5.572973265E+01 
       463  3.294650000E-01  5.982680000E-02  1.000000000E-01  6.884831879E-02 -5.722125362E+01 
       464  2.883190000E-01  5.998690000E-02  1.000000000E-01  7.075120998E-02 -5.864320874E+01 
