nodenumber     x-coordinate     y-coordinate     z-coordinate      mach-number         pressure 
         1  2.883190000E-01 -5.998690000E-02  0.000000000E+00  8.537183359E-03 -8.369249750E+02 
         2  3.294650000E-01 -5.982680000E-02  0.000000000E+00  5.667739846E-03 -8.338759177E+02 
         3  2.471780000E-01 -5.933890000E-02  0.000000000E+00  1.201001397E-02 -8.419073622E+02 
         4  3.706030000E-01 -5.898830000E-02  0.000000000E+00  4.180147769E-03 -8.338767113E+02 
         5  2.060650000E-01 -5.771190000E-02  0.000000000E+00  1.591946217E-02 -8.500466573E+02 
         6  4.117260000E-01 -5.757270000E-02  0.000000000E+00  4.148630116E-03 -8.371778530E+02 
         7  4.528280000E-01 -5.566140000E-02  0.000000000E+00  5.218310951E-03 -8.430237108E+02 
         8  1.650180000E-01 -5.486620000E-02  0.000000000E+00  2.076671287E-02 -8.634772803E+02 
         9  4.939080000E-01 -5.332060000E-02  0.000000000E+00  7.196207450E-03 -8.508980571E+02 
        10  5.349650000E-01 -5.060440000E-02  0.000000000E+00  9.819069623E-03 -8.597113436E+02 
        11  1.241140000E-01 -5.043730000E-02  0.000000000E+00  2.579137262E-02 -8.862250464E+02 
        12  5.759990000E-01 -4.755650000E-02  0.000000000E+00  1.279294148E-02 -8.690706808E+02 
        13  6.170090000E-01 -4.421250000E-02  0.000000000E+00  1.533128679E-02 -8.775568087E+02 
        14  8.351470000E-02 -4.379180000E-02  0.000000000E+00  2.868640446E-02 -9.169509667E+02 
        15  6.579970000E-01 -4.059990000E-02  0.000000000E+00  1.663400262E-02 -8.826525062E+02 
        16  5.488770000E-02 -3.697740000E-02  0.000000000E+00  2.654098987E-02 -9.623311420E+02 
        17  6.989630000E-01 -3.673990000E-02  0.000000000E+00  1.666015565E-02 -8.838118081E+02 
        18  7.399050000E-01 -3.264710000E-02  0.000000000E+00  1.538515678E-02 -8.801192217E+02 
        19  3.777470000E-02 -3.147510000E-02  0.000000000E+00  1.782698692E-02 -1.043051263E+03 
        20  7.808250000E-01 -2.833060000E-02  0.000000000E+00  1.256498746E-02 -8.714020006E+02 
        21  2.634450000E-02 -2.677890000E-02  0.000000000E+00  4.283445290E-02 -1.261333768E+03 
        22  8.159680000E-01 -2.444550000E-02  0.000000000E+00  8.613178993E-03 -8.603475732E+02 
        23  1.821900000E-02 -2.259850000E-02  0.000000000E+00  9.735982078E-02 -1.692721307E+03 
        24  8.510930000E-01 -2.039720000E-02  0.000000000E+00  3.700725186E-03 -8.481608489E+02 
        25  1.318260000E-02 -1.942040000E-02  0.000000000E+00  1.374758470E-01 -2.225835385E+03 
        26  8.782860000E-01 -1.714700000E-02  0.000000000E+00  2.271007967E-03 -8.394371008E+02 
        27  9.850590000E-03 -1.691540000E-02  0.000000000E+00  1.662468444E-01 -2.743007200E+03 
        28  7.411530000E-03 -1.476420000E-02  0.000000000E+00  1.904475318E-01 -3.243747189E+03 
        29  9.009380000E-01 -1.436040000E-02  0.000000000E+00  5.144715481E-03 -8.342611686E+02 
        30  5.510960000E-03 -1.280140000E-02  0.000000000E+00  2.117343519E-01 -3.671696098E+03 
        31  9.198070000E-01 -1.198220000E-02  0.000000000E+00  8.805237314E-03 -8.312129249E+02 
        32  3.983540000E-03 -1.093890000E-02  0.000000000E+00  2.268624411E-01 -3.980725713E+03 
        33  9.355260000E-01 -9.960600000E-03  0.000000000E+00  1.192435421E-02 -8.292618855E+02 
        34  2.745270000E-03 -9.124550000E-03  0.000000000E+00  2.367863500E-01 -4.224826347E+03 
        35  9.486220000E-01 -8.247430000E-03  0.000000000E+00  1.453440834E-02 -8.275346023E+02 
        36  1.752850000E-03 -7.324960000E-03  0.000000000E+00  2.447080651E-01 -4.412243760E+03 
        37  9.595320000E-01 -6.799650000E-03  0.000000000E+00  1.670469447E-02 -8.254949101E+02 
        38  9.686220000E-01 -5.578890000E-03  0.000000000E+00  1.852292800E-02 -8.227975750E+02 
        39  9.860190000E-04 -5.518970000E-03  0.000000000E+00  2.500730520E-01 -4.512417160E+03 
        40  9.761960000E-01 -4.551510000E-03  0.000000000E+00  2.006406475E-02 -8.193189359E+02 
        41  4.384000000E-04 -3.696570000E-03  0.000000000E+00  2.526255399E-01 -4.486112625E+03 
        42  9.825070000E-01 -3.688230000E-03  0.000000000E+00  2.139458959E-02 -8.150611263E+02 
        43  9.877650000E-01 -2.963870000E-03  0.000000000E+00  2.257623332E-02 -8.101317716E+02 
        44  9.921460000E-01 -2.356690000E-03  0.000000000E+00  2.366846655E-02 -8.046823627E+02 
        45  1.095110000E-04 -1.855900000E-03  0.000000000E+00  2.529673082E-01 -4.305800541E+03 
        46  9.957970000E-01 -1.848260000E-03  0.000000000E+00  2.473457060E-02 -7.988973436E+02 
        47  9.988390000E-01 -1.422790000E-03  0.000000000E+00  2.583117585E-02 -7.930628731E+02 
        48  1.001370000E+00 -1.062990000E-03  0.000000000E+00  2.698943798E-02 -7.874722953E+02 
        49  1.003480000E+00 -7.543150000E-04  0.000000000E+00  2.827080378E-02 -7.821706511E+02 
        50  1.005240000E+00 -4.991700000E-04  0.000000000E+00  2.984158756E-02 -7.768963533E+02 
        51  1.006710000E+00 -2.932730000E-04  0.000000000E+00  3.177313129E-02 -7.723386556E+02 
        52  1.007930000E+00 -1.294160000E-04  0.000000000E+00  3.412516225E-02 -7.660705090E+02 
        53  0.000000000E+00  0.000000000E+00  0.000000000E+00  2.505466733E-01 -4.008626226E+03 
        54  1.008950000E+00  0.000000000E+00  0.000000000E+00  2.558785283E-02 -7.874867152E+02 
        55  1.008950000E+00  1.219510000E-03  0.000000000E+00  1.018452330E-02 -8.167701500E+02 
        56  9.957970000E-01  1.848260000E-03  0.000000000E+00  3.164015574E-03  7.201419632E+02 
        57  1.095110000E-04  1.855900000E-03  0.000000000E+00  2.431965760E-01 -3.658300483E+03 
        58  9.921460000E-01  2.356690000E-03  0.000000000E+00  7.097043262E-03  7.205682738E+02 
        59  1.008950000E+00  2.439020000E-03  0.000000000E+00  1.354058847E-02 -8.148094647E+02 
        60  9.877650000E-01  2.963870000E-03  0.000000000E+00  1.337356070E-02  7.091520804E+02 
        61  1.008950000E+00  3.658540000E-03  0.000000000E+00  1.869491682E-02 -8.258296887E+02 
        62  9.825070000E-01  3.688230000E-03  0.000000000E+00  1.615474504E-02  6.974033277E+02 
        63  4.384000000E-04  3.696570000E-03  0.000000000E+00  2.312036075E-01 -3.222949947E+03 
        64  9.761960000E-01  4.551510000E-03  0.000000000E+00  1.536336408E-02  6.922324915E+02 
        65  1.008950000E+00  4.878050000E-03  0.000000000E+00  2.274964236E-02 -8.346187780E+02 
        66  9.860190000E-04  5.518970000E-03  0.000000000E+00  2.165465027E-01 -2.696630443E+03 
        67  9.686220000E-01  5.578890000E-03  0.000000000E+00  1.335065267E-02  6.916387284E+02 
        68  1.008950000E+00  6.097560000E-03  0.000000000E+00  2.513543271E-02 -8.399370723E+02 
        69  9.595320000E-01  6.799650000E-03  0.000000000E+00  1.138683632E-02  6.887017957E+02 
        70  1.008950000E+00  7.317070000E-03  0.000000000E+00  2.633802991E-02 -8.408996656E+02 
        71  1.752850000E-03  7.324960000E-03  0.000000000E+00  2.000076450E-01 -2.149558764E+03 
        72  9.486220000E-01  8.247430000E-03  0.000000000E+00  9.687683380E-03  6.788381881E+02 
        73  1.008950000E+00  8.536590000E-03  0.000000000E+00  2.675201416E-02 -8.383920443E+02 
        74  2.745270000E-03  9.124550000E-03  0.000000000E+00  1.818877607E-01 -1.604797885E+03 
        75  1.008950000E+00  9.756100000E-03  0.000000000E+00  2.666943694E-02 -8.334159317E+02 
        76  9.355260000E-01  9.960600000E-03  0.000000000E+00  4.697911941E-03  6.602038699E+02 
        77  3.983540000E-03  1.093890000E-02  0.000000000E+00  1.629470811E-01 -1.081790404E+03 
        78  9.988390000E-01  1.096260000E-02  0.000000000E+00  3.501137605E-03  7.172068259E+02 
        79  1.008950000E+00  1.097560000E-02  0.000000000E+00  2.624079701E-02 -8.264539360E+02 
        80  9.198070000E-01  1.198220000E-02  0.000000000E+00  8.067572493E-03  6.311849288E+02 
        81  1.008950000E+00  1.219510000E-02  0.000000000E+00  2.554103019E-02 -8.179291455E+02 
        82  5.510960000E-03  1.280140000E-02  0.000000000E+00  1.445883541E-01 -6.324103342E+02 
        83  1.008950000E+00  1.341460000E-02  0.000000000E+00  2.460973715E-02 -8.080768601E+02 
        84  9.009380000E-01  1.436040000E-02  0.000000000E+00  2.423352373E-02  5.868350091E+02 
        85  1.008950000E+00  1.463410000E-02  0.000000000E+00  2.348391820E-02 -7.972371427E+02 
        86  7.411530000E-03  1.476420000E-02  0.000000000E+00  1.269108711E-01 -2.649562409E+02 
        87  1.008950000E+00  1.585370000E-02  0.000000000E+00  2.221620437E-02 -7.857874613E+02 
        88  9.850590000E-03  1.691540000E-02  0.000000000E+00  1.087762899E-01  6.423094636E+01 
        89  1.008950000E+00  1.707320000E-02  0.000000000E+00  2.085416386E-02 -7.740442174E+02 
        90  8.782860000E-01  1.714700000E-02  0.000000000E+00  3.859250568E-02  5.308968411E+02 
        91  1.008950000E+00  1.829270000E-02  0.000000000E+00  1.942948297E-02 -7.622681324E+02 
        92  1.318260000E-02  1.942040000E-02  0.000000000E+00  8.888651080E-02  3.730232577E+02 
        93  1.008950000E+00  1.951220000E-02  0.000000000E+00  1.797059160E-02 -7.507197440E+02 
        94  8.510930000E-01  2.039720000E-02  0.000000000E+00  4.804026301E-02  4.775286224E+02 
        95  1.008950000E+00  2.073170000E-02  0.000000000E+00  1.651074033E-02 -7.396378212E+02 
        96  1.001370000E+00  2.073980000E-02  0.000000000E+00  4.219507702E-03  7.288152580E+02 
        97  1.008950000E+00  2.195120000E-02  0.000000000E+00  1.507774713E-02 -7.291599255E+02 
        98  1.821900000E-02  2.259850000E-02  0.000000000E+00  6.648757326E-02  6.436979517E+02 
        99  1.008950000E+00  2.317070000E-02  0.000000000E+00  1.368720255E-02 -7.193400751E+02 
       100  1.008950000E+00  2.439020000E-02  0.000000000E+00  1.234823520E-02 -7.101952706E+02 
       101  8.159680000E-01  2.444550000E-02  0.000000000E+00  5.441530387E-02  4.353476224E+02 
       102  1.008950000E+00  2.560980000E-02  0.000000000E+00  1.106836885E-02 -7.017318348E+02 
       103  2.634450000E-02  2.677890000E-02  0.000000000E+00  4.276768175E-02  8.443754898E+02 
       104  1.008950000E+00  2.682930000E-02  0.000000000E+00  9.853311096E-03 -6.939402400E+02 
       105  1.008950000E+00  2.804880000E-02  0.000000000E+00  8.705116401E-03 -6.867906921E+02 
       106  7.808250000E-01  2.833060000E-02  0.000000000E+00  5.831359681E-02  4.106415492E+02 
       107  1.003480000E+00  2.887370000E-02  0.000000000E+00  3.437879623E-03  7.547006152E+02 
       108  1.008950000E+00  2.926830000E-02  0.000000000E+00  7.621705503E-03 -6.802436494E+02 
       109  1.008950000E+00  3.048780000E-02  0.000000000E+00  6.597709174E-03 -6.742549747E+02 
       110  3.777470000E-02  3.147510000E-02  0.000000000E+00  1.999489048E-02  9.599907015E+02 
       111  1.008950000E+00  3.170730000E-02  0.000000000E+00  5.625232688E-03 -6.687793864E+02 
       112  7.399050000E-01  3.264710000E-02  0.000000000E+00  6.071529890E-02  4.004183051E+02 
       113  1.008950000E+00  3.292680000E-02  0.000000000E+00  4.694658014E-03 -6.637758094E+02 
       114  1.008950000E+00  3.414630000E-02  0.000000000E+00  3.795398776E-03 -6.592109319E+02 
       115  1.008950000E+00  3.536590000E-02  0.000000000E+00  2.917089166E-03 -6.550600460E+02 
       116  1.005240000E+00  3.565510000E-02  0.000000000E+00  3.391454479E-03  8.044472152E+02 
       117  1.008950000E+00  3.658540000E-02  0.000000000E+00  2.054229450E-03 -6.513089203E+02 
       118  6.989630000E-01  3.673990000E-02  0.000000000E+00  6.191440374E-02  4.020851812E+02 
       119  5.488770000E-02  3.697740000E-02  0.000000000E+00  8.456145985E-03  1.000444654E+03 
       120  1.008950000E+00  3.780490000E-02  0.000000000E+00  1.239145481E-03 -6.479554939E+02 
       121  1.008950000E+00  3.902440000E-02  0.000000000E+00  8.141183087E-04 -6.450238489E+02 
       122  1.008950000E+00  4.024390000E-02  0.000000000E+00  1.223131737E-03 -6.425615794E+02 
       123  6.579970000E-01  4.059990000E-02  0.000000000E+00  6.264143855E-02  4.102022617E+02 
       124  1.006710000E+00  4.131690000E-02  0.000000000E+00  1.973746393E-02  8.864842639E+02 
       125  1.008950000E+00  4.146340000E-02  0.000000000E+00  2.289328091E-03 -6.406569219E+02 
       126  1.008950000E+00  4.268290000E-02  0.000000000E+00  3.701758280E-03 -6.395088895E+02 
       127  8.351470000E-02  4.379180000E-02  0.000000000E+00  1.706266668E-02  9.752565947E+02 
       128  1.008950000E+00  4.390240000E-02  0.000000000E+00  5.558971640E-03 -6.395615767E+02 
       129  6.170090000E-01  4.421250000E-02  0.000000000E+00  6.298507540E-02  4.238770739E+02 
       130  1.008950000E+00  4.512200000E-02  0.000000000E+00  8.139915935E-03 -6.416502575E+02 
       131  1.007930000E+00  4.604710000E-02  0.000000000E+00  6.420439293E-02  8.832655955E+02 
       132  1.008950000E+00  4.634150000E-02  0.000000000E+00  1.177985427E-02 -6.484534497E+02 
       133  5.759990000E-01  4.755650000E-02  0.000000000E+00  6.300389522E-02  4.416638316E+02 
       134  1.008950000E+00  4.756100000E-02  0.000000000E+00  1.732291517E-02 -6.585827350E+02 
       135  1.008950000E+00  4.878050000E-02  0.000000000E+00  2.232274692E-02 -7.112242328E+02 
       136  1.008950000E+00  5.000000000E-02  0.000000000E+00  6.448427059E-02 -6.699838913E+01 
       137  1.241140000E-01  5.043730000E-02  0.000000000E+00  3.422029082E-02  9.055347989E+02 
       138  5.349650000E-01  5.060440000E-02  0.000000000E+00  6.282551743E-02  4.627577326E+02 
       139  4.939080000E-01  5.332060000E-02  0.000000000E+00  6.252024074E-02  4.867037294E+02 
       140  1.650180000E-01  5.486620000E-02  0.000000000E+00  4.520929397E-02  8.302308043E+02 
       141  4.528280000E-01  5.566140000E-02  0.000000000E+00  6.210046892E-02  5.135232071E+02 
       142  4.117260000E-01  5.757270000E-02  0.000000000E+00  6.152931585E-02  5.434329179E+02 
       143  2.060650000E-01  5.771190000E-02  0.000000000E+00  5.165361493E-02  7.625101331E+02 
       144  3.706030000E-01  5.898830000E-02  0.000000000E+00  6.076070605E-02  5.768178171E+02 
       145  2.471780000E-01  5.933890000E-02  0.000000000E+00  5.544727339E-02  7.060139717E+02 
       146  3.294650000E-01  5.982680000E-02  0.000000000E+00  5.965839398E-02  6.144443866E+02 
       147  2.883190000E-01  5.998690000E-02  0.000000000E+00  5.798465801E-02  6.571716655E+02 
       148  2.883190000E-01 -5.998690000E-02  3.333330000E-02  8.537175622E-03 -8.369250777E+02 
       149  3.294650000E-01 -5.982680000E-02  3.333330000E-02  5.667718082E-03 -8.338759918E+02 
       150  2.471780000E-01 -5.933890000E-02  3.333330000E-02  1.201001887E-02 -8.419074727E+02 
       151  3.706030000E-01 -5.898830000E-02  3.333330000E-02  4.180122693E-03 -8.338767587E+02 
       152  2.060650000E-01 -5.771190000E-02  3.333330000E-02  1.591947471E-02 -8.500467726E+02 
       153  4.117260000E-01 -5.757270000E-02  3.333330000E-02  4.148601480E-03 -8.371778851E+02 
       154  4.528280000E-01 -5.566140000E-02  3.333330000E-02  5.218270582E-03 -8.430237238E+02 
       155  1.650180000E-01 -5.486620000E-02  3.333330000E-02  2.076673585E-02 -8.634774581E+02 
       156  4.939080000E-01 -5.332060000E-02  3.333330000E-02  7.196151305E-03 -8.508980613E+02 
       157  5.349650000E-01 -5.060440000E-02  3.333330000E-02  9.818986902E-03 -8.597113102E+02 
       158  1.241140000E-01 -5.043730000E-02  3.333330000E-02  2.579138731E-02 -8.862252869E+02 
       159  5.759990000E-01 -4.755650000E-02  3.333330000E-02  1.279286128E-02 -8.690706297E+02 
       160  6.170090000E-01 -4.421250000E-02  3.333330000E-02  1.533123639E-02 -8.775567752E+02 
       161  8.351470000E-02 -4.379180000E-02  3.333330000E-02  2.868640958E-02 -9.169516585E+02 
       162  6.579970000E-01 -4.059990000E-02  3.333330000E-02  1.663396601E-02 -8.826524832E+02 
       163  5.488770000E-02 -3.697740000E-02  3.333330000E-02  2.654081793E-02 -9.623329532E+02 
       164  6.989630000E-01 -3.673990000E-02  3.333330000E-02  1.666011999E-02 -8.838117922E+02 
       165  7.399050000E-01 -3.264710000E-02  3.333330000E-02  1.538511738E-02 -8.801192083E+02 
       166  3.777470000E-02 -3.147510000E-02  3.333330000E-02  1.782673121E-02 -1.043053611E+03 
       167  7.808250000E-01 -2.833060000E-02  3.333330000E-02  1.256491656E-02 -8.714019208E+02 
       168  2.634450000E-02 -2.677890000E-02  3.333330000E-02  4.283507806E-02 -1.261337244E+03 
       169  8.159680000E-01 -2.444550000E-02  3.333330000E-02  8.613118734E-03 -8.603475577E+02 
       170  1.821900000E-02 -2.259850000E-02  3.333330000E-02  9.736023309E-02 -1.692725955E+03 
       171  8.510930000E-01 -2.039720000E-02  3.333330000E-02  3.700595215E-03 -8.481607058E+02 
       172  1.318260000E-02 -1.942040000E-02  3.333330000E-02  1.374764744E-01 -2.225845904E+03 
       173  8.782860000E-01 -1.714700000E-02  3.333330000E-02  2.271033418E-03 -8.394370367E+02 
       174  9.850590000E-03 -1.691540000E-02  3.333330000E-02  1.662475444E-01 -2.743021115E+03 
       175  7.411530000E-03 -1.476420000E-02  3.333330000E-02  1.904482049E-01 -3.243761867E+03 
       176  9.009380000E-01 -1.436040000E-02  3.333330000E-02  5.144844019E-03 -8.342611633E+02 
       177  5.510960000E-03 -1.280140000E-02  3.333330000E-02  2.117348610E-01 -3.671705390E+03 
       178  9.198070000E-01 -1.198220000E-02  3.333330000E-02  8.805379271E-03 -8.312129792E+02 
       179  3.983540000E-03 -1.093890000E-02  3.333330000E-02  2.268626781E-01 -3.980731541E+03 
       180  9.355260000E-01 -9.960600000E-03  3.333330000E-02  1.192450731E-02 -8.292620168E+02 
       181  2.745270000E-03 -9.124550000E-03  3.333330000E-02  2.367864942E-01 -4.224829956E+03 
       182  9.486220000E-01 -8.247430000E-03  3.333330000E-02  1.453456475E-02 -8.275348452E+02 
       183  1.752850000E-03 -7.324960000E-03  3.333330000E-02  2.447081397E-01 -4.412245437E+03 
       184  9.595320000E-01 -6.799650000E-03  3.333330000E-02  1.670485184E-02 -8.254953042E+02 
       185  9.686220000E-01 -5.578890000E-03  3.333330000E-02  1.852308559E-02 -8.227981466E+02 
       186  9.860190000E-04 -5.518970000E-03  3.333330000E-02  2.500730762E-01 -4.512417479E+03 
       187  9.761960000E-01 -4.551510000E-03  3.333330000E-02  2.006422287E-02 -8.193197119E+02 
       188  4.384000000E-04 -3.696570000E-03  3.333330000E-02  2.526255443E-01 -4.486112332E+03 
       189  9.825070000E-01 -3.688230000E-03  3.333330000E-02  2.139475080E-02 -8.150621334E+02 
       190  9.877650000E-01 -2.963870000E-03  3.333330000E-02  2.257640127E-02 -8.101330339E+02 
       191  9.921460000E-01 -2.356690000E-03  3.333330000E-02  2.366864508E-02 -8.046839003E+02 
       192  1.095110000E-04 -1.855900000E-03  3.333330000E-02  2.529673079E-01 -4.305800288E+03 
       193  9.957970000E-01 -1.848260000E-03  3.333330000E-02  2.473476311E-02 -7.988991672E+02 
       194  9.988390000E-01 -1.422790000E-03  3.333330000E-02  2.583138465E-02 -7.930649921E+02 
       195  1.001370000E+00 -1.062990000E-03  3.333330000E-02  2.698966319E-02 -7.874747211E+02 
       196  1.003480000E+00 -7.543150000E-04  3.333330000E-02  2.827104568E-02 -7.821733974E+02 
       197  1.005240000E+00 -4.991700000E-04  3.333330000E-02  2.984185253E-02 -7.768993960E+02 
       198  1.006710000E+00 -2.932730000E-04  3.333330000E-02  3.177341783E-02 -7.723422085E+02 
       199  1.007930000E+00 -1.294160000E-04  3.333330000E-02  3.412547356E-02 -7.660743451E+02 
       200  0.000000000E+00  0.000000000E+00  3.333330000E-02  2.505466741E-01 -4.008626268E+03 
       201  1.008950000E+00  0.000000000E+00  3.333330000E-02  2.245123454E-02 -7.932022079E+02 
       202  1.008950000E+00  1.219510000E-03  3.333330000E-02  1.018444716E-02 -8.167750708E+02 
       203  9.957970000E-01  1.848260000E-03  3.333330000E-02  3.627172227E-03  7.205138143E+02 
       204  1.095110000E-04  1.855900000E-03  3.333330000E-02  2.431965889E-01 -3.658300939E+03 
       205  9.921460000E-01  2.356690000E-03  3.333330000E-02  7.181898931E-03  7.205931814E+02 
       206  1.008950000E+00  2.439020000E-03  3.333330000E-02  1.354015795E-02 -8.148140750E+02 
       207  9.877650000E-01  2.963870000E-03  3.333330000E-02  1.354561132E-02  7.090961600E+02 
       208  1.008950000E+00  3.658540000E-03  3.333330000E-02  1.869438739E-02 -8.258341047E+02 
       209  9.825070000E-01  3.688230000E-03  3.333330000E-02  1.633723155E-02  6.974376367E+02 
       210  4.384000000E-04  3.696570000E-03  3.333330000E-02  2.312036523E-01 -3.222951616E+03 
       211  9.761960000E-01  4.551510000E-03  3.333330000E-02  1.547498448E-02  6.921716222E+02 
       212  1.008950000E+00  4.878050000E-03  3.333330000E-02  2.274905432E-02 -8.346229899E+02 
       213  9.860190000E-04  5.518970000E-03  3.333330000E-02  2.165466059E-01 -2.696634030E+03 
       214  9.686220000E-01  5.578890000E-03  3.333330000E-02  1.345698778E-02  6.916220262E+02 
       215  1.008950000E+00  6.097560000E-03  3.333330000E-02  2.513481648E-02 -8.399415040E+02 
       216  9.595320000E-01  6.799650000E-03  3.333330000E-02  1.147121434E-02  6.888008303E+02 
       217  1.008950000E+00  7.317070000E-03  3.333330000E-02  2.633740523E-02 -8.409043209E+02 
       218  1.752850000E-03  7.324960000E-03  3.333330000E-02  2.000078343E-01 -2.149564734E+03 
       219  9.486220000E-01  8.247430000E-03  3.333330000E-02  9.740195299E-03  6.789819358E+02 
       220  1.008950000E+00  8.536590000E-03  3.333330000E-02  2.675129317E-02 -8.383965252E+02 
       221  2.745270000E-03  9.124550000E-03  3.333330000E-02  1.818880710E-01 -1.604806797E+03 
       222  1.008950000E+00  9.756100000E-03  3.333330000E-02  2.666856029E-02 -8.334201488E+02 
       223  9.355260000E-01  9.960600000E-03  3.333330000E-02  4.724457898E-03  6.603010486E+02 
       224  3.983540000E-03  1.093890000E-02  3.333330000E-02  1.629474950E-01 -1.081801367E+03 
       225  9.988390000E-01  1.096260000E-02  3.333330000E-02  4.477235374E-03  7.172632381E+02 
       226  1.008950000E+00  1.097560000E-02  3.333330000E-02  2.623974761E-02 -8.264579421E+02 
       227  9.198070000E-01  1.198220000E-02  3.333330000E-02  8.082754386E-03  6.312212915E+02 
       228  1.008950000E+00  1.219510000E-02  3.333330000E-02  2.553979267E-02 -8.179330913E+02 
       229  5.510960000E-03  1.280140000E-02  3.333330000E-02  1.445888256E-01 -6.324208606E+02 
       230  1.008950000E+00  1.341460000E-02  3.333330000E-02  2.460831817E-02 -8.080807205E+02 
       231  9.009380000E-01  1.436040000E-02  3.333330000E-02  2.425040883E-02  5.868250425E+02 
       232  1.008950000E+00  1.463410000E-02  3.333330000E-02  2.348233810E-02 -7.972411376E+02 
       233  7.411530000E-03  1.476420000E-02  3.333330000E-02  1.269113816E-01 -2.649660522E+02 
       234  1.008950000E+00  1.585370000E-02  3.333330000E-02  2.221449001E-02 -7.857918055E+02 
       235  9.850590000E-03  1.691540000E-02  3.333330000E-02  1.087768126E-01  6.422198566E+01 
       236  1.008950000E+00  1.707320000E-02  3.333330000E-02  2.085232715E-02 -7.740490195E+02 
       237  8.782860000E-01  1.714700000E-02  3.333330000E-02  3.859891382E-02  5.308766260E+02 
       238  1.008950000E+00  1.829270000E-02  3.333330000E-02  1.942751993E-02 -7.622734200E+02 
       239  1.318260000E-02  1.942040000E-02  3.333330000E-02  8.888691902E-02  3.730175158E+02 
       240  1.008950000E+00  1.951220000E-02  3.333330000E-02  1.796850292E-02 -7.507255403E+02 
       241  8.510930000E-01  2.039720000E-02  3.333330000E-02  4.804084718E-02  4.775192870E+02 
       242  1.008950000E+00  2.073170000E-02  3.333330000E-02  1.650854528E-02 -7.396442334E+02 
       243  1.001370000E+00  2.073980000E-02  3.333330000E-02  4.985790609E-03  7.282640550E+02 
       244  1.008950000E+00  2.195120000E-02  3.333330000E-02  1.507546884E-02 -7.291669917E+02 
       245  1.821900000E-02  2.259850000E-02  3.333330000E-02  6.648777333E-02  6.436958982E+02 
       246  1.008950000E+00  2.317070000E-02  3.333330000E-02  1.368485322E-02 -7.193476754E+02 
       247  1.008950000E+00  2.439020000E-02  3.333330000E-02  1.234582084E-02 -7.102032386E+02 
       248  8.159680000E-01  2.444550000E-02  3.333330000E-02  5.441510704E-02  4.353457338E+02 
       249  1.008950000E+00  2.560980000E-02  3.333330000E-02  1.106589736E-02 -7.017400208E+02 
       250  2.634450000E-02  2.677890000E-02  3.333330000E-02  4.276791315E-02  8.443739799E+02 
       251  1.008950000E+00  2.682930000E-02  3.333330000E-02  9.850794885E-03 -6.939484811E+02 
       252  1.008950000E+00  2.804880000E-02  3.333330000E-02  8.702571347E-03 -6.867988069E+02 
       253  7.808250000E-01  2.833060000E-02  3.333330000E-02  5.831349051E-02  4.106417822E+02 
       254  1.003480000E+00  2.887370000E-02  3.333330000E-02  3.681946738E-03  7.545348072E+02 
       255  1.008950000E+00  2.926830000E-02  3.333330000E-02  7.619149945E-03 -6.802514416E+02 
       256  1.008950000E+00  3.048780000E-02  3.333330000E-02  6.595162753E-03 -6.742622332E+02 
       257  3.777470000E-02  3.147510000E-02  3.333330000E-02  1.999535235E-02  9.599891365E+02 
       258  1.008950000E+00  3.170730000E-02  3.333330000E-02  5.622715579E-03 -6.687858910E+02 
       259  7.399050000E-01  3.264710000E-02  3.333330000E-02  6.071528536E-02  4.004184969E+02 
       260  1.008950000E+00  3.292680000E-02  3.333330000E-02  4.692190519E-03 -6.637813446E+02 
       261  1.008950000E+00  3.414630000E-02  3.333330000E-02  3.793001204E-03 -6.592152960E+02 
       262  1.008950000E+00  3.536590000E-02  3.333330000E-02  2.914784186E-03 -6.550630612E+02 
       263  1.005240000E+00  3.565510000E-02  3.333330000E-02  3.426712451E-03  8.049684014E+02 
       264  1.008950000E+00  3.658540000E-02  3.333330000E-02  2.052060816E-03 -6.513104464E+02 
       265  6.989630000E-01  3.673990000E-02  3.333330000E-02  6.191440362E-02  4.020852329E+02 
       266  5.488770000E-02  3.697740000E-02  3.333330000E-02  8.456150734E-03  1.000444590E+03 
       267  1.008950000E+00  3.780490000E-02  3.333330000E-02  1.237366313E-03 -6.479554568E+02 
       268  1.008950000E+00  3.902440000E-02  3.333330000E-02  8.139894897E-04 -6.450222778E+02 
       269  1.008950000E+00  4.024390000E-02  3.333330000E-02  1.224806605E-03 -6.425586573E+02 
       270  6.579970000E-01  4.059990000E-02  3.333330000E-02  6.264143843E-02  4.102022717E+02 
       271  1.006710000E+00  4.131690000E-02  3.333330000E-02  1.982267491E-02  8.865434903E+02 
       272  1.008950000E+00  4.146340000E-02  3.333330000E-02  2.291697988E-03 -6.406531650E+02 
       273  1.008950000E+00  4.268290000E-02  3.333330000E-02  3.704825824E-03 -6.395052939E+02 
       274  8.351470000E-02  4.379180000E-02  3.333330000E-02  1.706225511E-02  9.752578751E+02 
       275  1.008950000E+00  4.390240000E-02  3.333330000E-02  5.563463608E-03 -6.395605502E+02 
       276  6.170090000E-01  4.421250000E-02  3.333330000E-02  6.298507670E-02  4.238770825E+02 
       277  1.008950000E+00  4.512200000E-02  3.333330000E-02  8.147430407E-03 -6.416563490E+02 
       278  1.007930000E+00  4.604710000E-02  3.333330000E-02  6.437735105E-02  8.828138769E+02 
       279  1.008950000E+00  4.634150000E-02  3.333330000E-02  1.179298261E-02 -6.484829917E+02 
       280  5.759990000E-01  4.755650000E-02  3.333330000E-02  6.300389606E-02  4.416638494E+02 
       281  1.008950000E+00  4.756100000E-02  3.333330000E-02  1.734635175E-02 -6.586549418E+02 
       282  1.008950000E+00  4.878050000E-02  3.333330000E-02  2.235581580E-02 -7.114307476E+02 
       283  1.008950000E+00  5.000000000E-02  3.333330000E-02  5.842260753E-02  3.329434734E+01 
       284  1.241140000E-01  5.043730000E-02  3.333330000E-02  3.422021268E-02  9.055352506E+02 
       285  5.349650000E-01  5.060440000E-02  3.333330000E-02  6.282551782E-02  4.627577546E+02 
       286  4.939080000E-01  5.332060000E-02  3.333330000E-02  6.252024100E-02  4.867037429E+02 
       287  1.650180000E-01  5.486620000E-02  3.333330000E-02  4.520925756E-02  8.302311473E+02 
       288  4.528280000E-01  5.566140000E-02  3.333330000E-02  6.210046852E-02  5.135232509E+02 
       289  4.117260000E-01  5.757270000E-02  3.333330000E-02  6.152931515E-02  5.434329677E+02 
       290  2.060650000E-01  5.771190000E-02  3.333330000E-02  5.165360565E-02  7.625102778E+02 
       291  3.706030000E-01  5.898830000E-02  3.333330000E-02  6.076070576E-02  5.768178457E+02 
       292  2.471780000E-01  5.933890000E-02  3.333330000E-02  5.544726824E-02  7.060140812E+02 
       293  3.294650000E-01  5.982680000E-02  3.333330000E-02  5.965839520E-02  6.144443690E+02 
       294  2.883190000E-01  5.998690000E-02  3.333330000E-02  5.798465719E-02  6.571717049E+02 
       295  2.883190000E-01 -5.998690000E-02  6.666670000E-02  8.537160101E-03 -8.369251441E+02 
       296  3.294650000E-01 -5.982680000E-02  6.666670000E-02  5.667701081E-03 -8.338760450E+02 
       297  2.471780000E-01 -5.933890000E-02  6.666670000E-02  1.201000166E-02 -8.419075307E+02 
       298  3.706030000E-01 -5.898830000E-02  6.666670000E-02  4.180108421E-03 -8.338767907E+02 
       299  2.060650000E-01 -5.771190000E-02  6.666670000E-02  1.591945823E-02 -8.500468100E+02 
       300  4.117260000E-01 -5.757270000E-02  6.666670000E-02  4.148592689E-03 -8.371779020E+02 
       301  4.528280000E-01 -5.566140000E-02  6.666670000E-02  5.218258476E-03 -8.430237209E+02 
       302  1.650180000E-01 -5.486620000E-02  6.666670000E-02  2.076672904E-02 -8.634774846E+02 
       303  4.939080000E-01 -5.332060000E-02  6.666670000E-02  7.196126930E-03 -8.508980457E+02 
       304  5.349650000E-01 -5.060440000E-02  6.666670000E-02  9.818942683E-03 -8.597112778E+02 
       305  1.241140000E-01 -5.043730000E-02  6.666670000E-02  2.579139039E-02 -8.862253076E+02 
       306  5.759990000E-01 -4.755650000E-02  6.666670000E-02  1.279281290E-02 -8.690705949E+02 
       307  6.170090000E-01 -4.421250000E-02  6.666670000E-02  1.533119514E-02 -8.775567545E+02 
       308  8.351470000E-02 -4.379180000E-02  6.666670000E-02  2.868641996E-02 -9.169516021E+02 
       309  6.579970000E-01 -4.059990000E-02  6.666670000E-02  1.663391791E-02 -8.826524802E+02 
       310  5.488770000E-02 -3.697740000E-02  6.666670000E-02  2.654084112E-02 -9.623328350E+02 
       311  6.989630000E-01 -3.673990000E-02  6.666670000E-02  1.666005611E-02 -8.838118306E+02 
       312  7.399050000E-01 -3.264710000E-02  6.666670000E-02  1.538503444E-02 -8.801193183E+02 
       313  3.777470000E-02 -3.147510000E-02  6.666670000E-02  1.782672362E-02 -1.043053447E+03 
       314  7.808250000E-01 -2.833060000E-02  6.666670000E-02  1.256481065E-02 -8.714021059E+02 
       315  2.634450000E-02 -2.677890000E-02  6.666670000E-02  4.283504226E-02 -1.261336958E+03 
       316  8.159680000E-01 -2.444550000E-02  6.666670000E-02  8.612983367E-03 -8.603478138E+02 
       317  1.821900000E-02 -2.259850000E-02  6.666670000E-02  9.736021072E-02 -1.692725585E+03 
       318  8.510930000E-01 -2.039720000E-02  6.666670000E-02  3.700416252E-03 -8.481610067E+02 
       319  1.318260000E-02 -1.942040000E-02  6.666670000E-02  1.374764597E-01 -2.225845520E+03 
       320  8.782860000E-01 -1.714700000E-02  6.666670000E-02  2.271071935E-03 -8.394373600E+02 
       321  9.850590000E-03 -1.691540000E-02  6.666670000E-02  1.662475333E-01 -2.743020780E+03 
       322  7.411530000E-03 -1.476420000E-02  6.666670000E-02  1.904481952E-01 -3.243761526E+03 
       323  9.009380000E-01 -1.436040000E-02  6.666670000E-02  5.145141528E-03 -8.342615503E+02 
       324  5.510960000E-03 -1.280140000E-02  6.666670000E-02  2.117348514E-01 -3.671705043E+03 
       325  9.198070000E-01 -1.198220000E-02  6.666670000E-02  8.805739910E-03 -8.312134826E+02 
       326  3.983540000E-03 -1.093890000E-02  6.666670000E-02  2.268626700E-01 -3.980731265E+03 
       327  9.355260000E-01 -9.960600000E-03  6.666670000E-02  1.192492382E-02 -8.292626706E+02 
       328  2.745270000E-03 -9.124550000E-03  6.666670000E-02  2.367864876E-01 -4.224829706E+03 
       329  9.486220000E-01 -8.247430000E-03  6.666670000E-02  1.453502117E-02 -8.275357020E+02 
       330  1.752850000E-03 -7.324960000E-03  6.666670000E-02  2.447081340E-01 -4.412245215E+03 
       331  9.595320000E-01 -6.799650000E-03  6.666670000E-02  1.670532908E-02 -8.254964256E+02 
       332  9.686220000E-01 -5.578890000E-03  6.666670000E-02  1.852356663E-02 -8.227995493E+02 
       333  9.860190000E-04 -5.518970000E-03  6.666670000E-02  2.500730711E-01 -4.512417282E+03 
       334  9.761960000E-01 -4.551510000E-03  6.666670000E-02  2.006469176E-02 -8.193214007E+02 
       335  4.384000000E-04 -3.696570000E-03  6.666670000E-02  2.526255395E-01 -4.486112161E+03 
       336  9.825070000E-01 -3.688230000E-03  6.666670000E-02  2.139519282E-02 -8.150641052E+02 
       337  9.877650000E-01 -2.963870000E-03  6.666670000E-02  2.257680341E-02 -8.101352820E+02 
       338  9.921460000E-01 -2.356690000E-03  6.666670000E-02  2.366899657E-02 -8.046864078E+02 
       339  1.095110000E-04 -1.855900000E-03  6.666670000E-02  2.529673037E-01 -4.305800157E+03 
       340  9.957970000E-01 -1.848260000E-03  6.666670000E-02  2.473505471E-02 -7.989018995E+02 
       341  9.988390000E-01 -1.422790000E-03  6.666670000E-02  2.583160819E-02 -7.930679193E+02 
       342  1.001370000E+00 -1.062990000E-03  6.666670000E-02  2.698981214E-02 -7.874778225E+02 
       343  1.003480000E+00 -7.543150000E-04  6.666670000E-02  2.827111732E-02 -7.821766227E+02 
       344  1.005240000E+00 -4.991700000E-04  6.666670000E-02  2.984183433E-02 -7.769028866E+02 
       345  1.006710000E+00 -2.932730000E-04  6.666670000E-02  3.177330777E-02 -7.723452722E+02 
       346  1.007930000E+00 -1.294160000E-04  6.666670000E-02  3.412526475E-02 -7.660772757E+02 
       347  0.000000000E+00  0.000000000E+00  6.666670000E-02  2.505466707E-01 -4.008626170E+03 
       348  1.008950000E+00  0.000000000E+00  6.666670000E-02  2.245096407E-02 -7.932027378E+02 
       349  1.008950000E+00  1.219510000E-03  6.666670000E-02  1.018437621E-02 -8.167731588E+02 
       350  9.957970000E-01  1.848260000E-03  6.666670000E-02  3.627194688E-03  7.205138550E+02 
       351  1.095110000E-04  1.855900000E-03  6.666670000E-02  2.431965862E-01 -3.658300859E+03 
       352  9.921460000E-01  2.356690000E-03  6.666670000E-02  7.181945730E-03  7.205932156E+02 
       353  1.008950000E+00  2.439020000E-03  6.666670000E-02  1.354027951E-02 -8.148126073E+02 
       354  9.877650000E-01  2.963870000E-03  6.666670000E-02  1.354572540E-02  7.090962110E+02 
       355  1.008950000E+00  3.658540000E-03  6.666670000E-02  1.869447875E-02 -8.258325872E+02 
       356  9.825070000E-01  3.688230000E-03  6.666670000E-02  1.633731875E-02  6.974376525E+02 
       357  4.384000000E-04  3.696570000E-03  6.666670000E-02  2.312036501E-01 -3.222951562E+03 
       358  9.761960000E-01  4.551510000E-03  6.666670000E-02  1.547500080E-02  6.921715850E+02 
       359  1.008950000E+00  4.878050000E-03  6.666670000E-02  2.274913320E-02 -8.346215284E+02 
       360  9.860190000E-04  5.518970000E-03  6.666670000E-02  2.165466042E-01 -2.696633994E+03 
       361  9.686220000E-01  5.578890000E-03  6.666670000E-02  1.345698874E-02  6.916220690E+02 
       362  1.008950000E+00  6.097560000E-03  6.666670000E-02  2.513489234E-02 -8.399400211E+02 
       363  9.595320000E-01  6.799650000E-03  6.666670000E-02  1.147120917E-02  6.888009306E+02 
       364  1.008950000E+00  7.317070000E-03  6.666670000E-02  2.633746443E-02 -8.409028339E+02 
       365  1.752850000E-03  7.324960000E-03  6.666670000E-02  2.000078331E-01 -2.149564716E+03 
       366  9.486220000E-01  8.247430000E-03  6.666670000E-02  9.740207186E-03  6.789820485E+02 
       367  1.008950000E+00  8.536590000E-03  6.666670000E-02  2.675135983E-02 -8.383951212E+02 
       368  2.745270000E-03  9.124550000E-03  6.666670000E-02  1.818880702E-01 -1.604806793E+03 
       369  1.008950000E+00  9.756100000E-03  6.666670000E-02  2.666865221E-02 -8.334187598E+02 
       370  9.355260000E-01  9.960600000E-03  6.666670000E-02  4.724483803E-03  6.603011558E+02 
       371  3.983540000E-03  1.093890000E-02  6.666670000E-02  1.629474946E-01 -1.081801372E+03 
       372  9.988390000E-01  1.096260000E-02  6.666670000E-02  4.477250867E-03  7.172632166E+02 
       373  1.008950000E+00  1.097560000E-02  6.666670000E-02  2.623986112E-02 -8.264565829E+02 
       374  9.198070000E-01  1.198220000E-02  6.666670000E-02  8.082752976E-03  6.312213981E+02 
       375  1.008950000E+00  1.219510000E-02  6.666670000E-02  2.553992338E-02 -8.179317205E+02 
       376  5.510960000E-03  1.280140000E-02  6.666670000E-02  1.445888254E-01 -6.324208695E+02 
       377  1.008950000E+00  1.341460000E-02  6.666670000E-02  2.460846005E-02 -8.080792923E+02 
       378  9.009380000E-01  1.436040000E-02  6.666670000E-02  2.425039093E-02  5.868251374E+02 
       379  1.008950000E+00  1.463410000E-02  6.666670000E-02  2.348248942E-02 -7.972396379E+02 
       380  7.411530000E-03  1.476420000E-02  6.666670000E-02  1.269113815E-01 -2.649660630E+02 
       381  1.008950000E+00  1.585370000E-02  6.666670000E-02  2.221464835E-02 -7.857902068E+02 
       382  9.850590000E-03  1.691540000E-02  6.666670000E-02  1.087768128E-01  6.422197222E+01 
       383  1.008950000E+00  1.707320000E-02  6.666670000E-02  2.085248000E-02 -7.740472649E+02 
       384  8.782860000E-01  1.714700000E-02  6.666670000E-02  3.859891859E-02  5.308766774E+02 
       385  1.008950000E+00  1.829270000E-02  6.666670000E-02  1.942764811E-02 -7.622714452E+02 
       386  1.318260000E-02  1.942040000E-02  6.666670000E-02  8.888691943E-02  3.730175020E+02 
       387  1.008950000E+00  1.951220000E-02  6.666670000E-02  1.796859456E-02 -7.507233233E+02 
       388  8.510930000E-01  2.039720000E-02  6.666670000E-02  4.804085729E-02  4.775192973E+02 
       389  1.008950000E+00  2.073170000E-02  6.666670000E-02  1.650860526E-02 -7.396418691E+02 
       390  1.001370000E+00  2.073980000E-02  6.666670000E-02  4.985883142E-03  7.282640411E+02 
       391  1.008950000E+00  2.195120000E-02  6.666670000E-02  1.507550924E-02 -7.291645672E+02 
       392  1.821900000E-02  2.259850000E-02  6.666670000E-02  6.648777383E-02  6.436958871E+02 
       393  1.008950000E+00  2.317070000E-02  6.666670000E-02  1.368488046E-02 -7.193451625E+02 
       394  1.008950000E+00  2.439020000E-02  6.666670000E-02  1.234583522E-02 -7.102005877E+02 
       395  8.159680000E-01  2.444550000E-02  6.666670000E-02  5.441511620E-02  4.353457177E+02 
       396  1.008950000E+00  2.560980000E-02  6.666670000E-02  1.106589861E-02 -7.017372285E+02 
       397  2.634450000E-02  2.677890000E-02  6.666670000E-02  4.276791349E-02  8.443739732E+02 
       398  1.008950000E+00  2.682930000E-02  6.666670000E-02  9.850784562E-03 -6.939455536E+02 
       399  1.008950000E+00  2.804880000E-02  6.666670000E-02  8.702551694E-03 -6.867957504E+02 
       400  7.808250000E-01  2.833060000E-02  6.666670000E-02  5.831349960E-02  4.106417506E+02 
       401  1.003480000E+00  2.887370000E-02  6.666670000E-02  3.682196963E-03  7.545347768E+02 
       402  1.008950000E+00  2.926830000E-02  6.666670000E-02  7.619123035E-03 -6.802482622E+02 
       403  1.008950000E+00  3.048780000E-02  6.666670000E-02  6.595130215E-03 -6.742589368E+02 
       404  3.777470000E-02  3.147510000E-02  6.666670000E-02  1.999535224E-02  9.599891329E+02 
       405  1.008950000E+00  3.170730000E-02  6.666670000E-02  5.622678646E-03 -6.687824829E+02 
       406  7.399050000E-01  3.264710000E-02  6.666670000E-02  6.071529339E-02  4.004184698E+02 
       407  1.008950000E+00  3.292680000E-02  6.666670000E-02  4.692150098E-03 -6.637778298E+02 
       408  1.008950000E+00  3.414630000E-02  6.666670000E-02  3.792957968E-03 -6.592116792E+02 
       409  1.008950000E+00  3.536590000E-02  6.666670000E-02  2.914738652E-03 -6.550593459E+02 
       410  1.005240000E+00  3.565510000E-02  6.666670000E-02  3.426721772E-03  8.049684472E+02 
       411  1.008950000E+00  3.658540000E-02  6.666670000E-02  2.052014052E-03 -6.513066345E+02 
       412  6.989630000E-01  3.673990000E-02  6.666670000E-02  6.191440912E-02  4.020852154E+02 
       413  5.488770000E-02  3.697740000E-02  6.666670000E-02  8.456150836E-03  1.000444585E+03 
       414  1.008950000E+00  3.780490000E-02  6.666670000E-02  1.237326939E-03 -6.479515503E+02 
       415  1.008950000E+00  3.902440000E-02  6.666670000E-02  8.139983409E-04 -6.450182781E+02 
       416  1.008950000E+00  4.024390000E-02  6.666670000E-02  1.224866804E-03 -6.425545783E+02 
       417  6.579970000E-01  4.059990000E-02  6.666670000E-02  6.264144217E-02  4.102022532E+02 
       418  1.006710000E+00  4.131690000E-02  6.666670000E-02  1.982217251E-02  8.865445641E+02 
       419  1.008950000E+00  4.146340000E-02  6.666670000E-02  2.291766602E-03 -6.406490193E+02 
       420  1.008950000E+00  4.268290000E-02  6.666670000E-02  3.704880485E-03 -6.395010852E+02 
       421  8.351470000E-02  4.379180000E-02  6.666670000E-02  1.706225621E-02  9.752578634E+02 
       422  1.008950000E+00  4.390240000E-02  6.666670000E-02  5.563478808E-03 -6.395562698E+02 
       423  6.170090000E-01  4.421250000E-02  6.666670000E-02  6.298507920E-02  4.238770631E+02 
       424  1.008950000E+00  4.512200000E-02  6.666670000E-02  8.147393310E-03 -6.416518346E+02 
       425  1.007930000E+00  4.604710000E-02  6.666670000E-02  6.437397146E-02  8.828159014E+02 
       426  1.008950000E+00  4.634150000E-02  6.666670000E-02  1.179286322E-02 -6.484782217E+02 
       427  5.759990000E-01  4.755650000E-02  6.666670000E-02  6.300389758E-02  4.416638278E+02 
       428  1.008950000E+00  4.756100000E-02  6.666670000E-02  1.734603262E-02 -6.586496153E+02 
       429  1.008950000E+00  4.878050000E-02  6.666670000E-02  2.235529874E-02 -7.114232612E+02 
       430  1.008950000E+00  5.000000000E-02  6.666670000E-02  5.841930581E-02  3.329997735E+01 
       431  1.241140000E-01  5.043730000E-02  6.666670000E-02  3.422021415E-02  9.055352282E+02 
       432  5.349650000E-01  5.060440000E-02  6.666670000E-02  6.282551854E-02  4.627577293E+02 
       433  4.939080000E-01  5.332060000E-02  6.666670000E-02  6.252024102E-02  4.867037137E+02 
       434  1.650180000E-01  5.486620000E-02  6.666670000E-02  4.520925863E-02  8.302311174E+02 
       435  4.528280000E-01  5.566140000E-02  6.666670000E-02  6.210046792E-02  5.135232193E+02 
       436  4.117260000E-01  5.757270000E-02  6.666670000E-02  6.152931409E-02  5.434329349E+02 
       437  2.060650000E-01  5.771190000E-02  6.666670000E-02  5.165360610E-02  7.625102439E+02 
       438  3.706030000E-01  5.898830000E-02  6.666670000E-02  6.076070454E-02  5.768178117E+02 
       439  2.471780000E-01  5.933890000E-02  6.666670000E-02  5.544726810E-02  7.060140458E+02 
       440  3.294650000E-01  5.982680000E-02  6.666670000E-02  5.965839415E-02  6.144443338E+02 
       441  2.883190000E-01  5.998690000E-02  6.666670000E-02  5.798465653E-02  6.571716690E+02 
       442  2.883190000E-01 -5.998690000E-02  1.000000000E-01  8.537152319E-03 -8.369251077E+02 
       443  3.294650000E-01 -5.982680000E-02  1.000000000E-01  5.667705845E-03 -8.338760241E+02 
       444  2.471780000E-01 -5.933890000E-02  1.000000000E-01  1.200997955E-02 -8.419074781E+02 
       445  3.706030000E-01 -5.898830000E-02  1.000000000E-01  4.180119225E-03 -8.338767754E+02 
       446  2.060650000E-01 -5.771190000E-02  1.000000000E-01  1.591942921E-02 -8.500467321E+02 
       447  4.117260000E-01 -5.757270000E-02  1.000000000E-01  4.148612533E-03 -8.371778868E+02 
       448  4.528280000E-01 -5.566140000E-02  1.000000000E-01  5.218286738E-03 -8.430237050E+02 
       449  1.650180000E-01 -5.486620000E-02  1.000000000E-01  2.076669925E-02 -8.634773334E+02 
       450  4.939080000E-01 -5.332060000E-02  1.000000000E-01  7.196158701E-03 -8.508980260E+02 
       451  5.349650000E-01 -5.060440000E-02  1.000000000E-01  9.818981187E-03 -8.597112789E+02 
       452  1.241140000E-01 -5.043730000E-02  1.000000000E-01  2.579137877E-02 -8.862250877E+02 
       453  5.759990000E-01 -4.755650000E-02  1.000000000E-01  1.279284473E-02 -8.690706112E+02 
       454  6.170090000E-01 -4.421250000E-02  1.000000000E-01  1.533120428E-02 -8.775567673E+02 
       455  8.351470000E-02 -4.379180000E-02  1.000000000E-01  2.868642522E-02 -9.169508537E+02 
       456  6.579970000E-01 -4.059990000E-02  1.000000000E-01  1.663390643E-02 -8.826525003E+02 
       457  5.488770000E-02 -3.697740000E-02  1.000000000E-01  2.654103627E-02 -9.623309054E+02 
       458  6.989630000E-01 -3.673990000E-02  1.000000000E-01  1.666002790E-02 -8.838118850E+02 
       459  7.399050000E-01 -3.264710000E-02  1.000000000E-01  1.538499090E-02 -8.801194417E+02 
       460  3.777470000E-02 -3.147510000E-02  1.000000000E-01  1.782697174E-02 -1.043050935E+03 
       461  7.808250000E-01 -2.833060000E-02  1.000000000E-01  1.256477564E-02 -8.714023707E+02 
       462  2.634450000E-02 -2.677890000E-02  1.000000000E-01  4.283438129E-02 -1.261333196E+03 
       463  8.159680000E-01 -2.444550000E-02  1.000000000E-01  8.612908259E-03 -8.603480853E+02 
       464  1.821900000E-02 -2.259850000E-02  1.000000000E-01  9.735977604E-02 -1.692720567E+03 
       465  8.510930000E-01 -2.039720000E-02  1.000000000E-01  3.700367260E-03 -8.481614507E+02 
       466  1.318260000E-02 -1.942040000E-02  1.000000000E-01  1.374758176E-01 -2.225834617E+03 
       467  8.782860000E-01 -1.714700000E-02  1.000000000E-01  2.271084992E-03 -8.394377474E+02 
       468  9.850590000E-03 -1.691540000E-02  1.000000000E-01  1.662468223E-01 -2.743006530E+03 
       469  7.411530000E-03 -1.476420000E-02  1.000000000E-01  1.904475125E-01 -3.243746506E+03 
       470  9.009380000E-01 -1.436040000E-02  1.000000000E-01  5.145310497E-03 -8.342619427E+02 
       471  5.510960000E-03 -1.280140000E-02  1.000000000E-01  2.117343327E-01 -3.671695405E+03 
       472  9.198070000E-01 -1.198220000E-02  1.000000000E-01  8.805958590E-03 -8.312139317E+02 
       473  3.983540000E-03 -1.093890000E-02  1.000000000E-01  2.268624249E-01 -3.980725161E+03 
       474  9.355260000E-01 -9.960600000E-03  1.000000000E-01  1.192518723E-02 -8.292631932E+02 
       475  2.745270000E-03 -9.124550000E-03  1.000000000E-01  2.367863369E-01 -4.224825847E+03 
       476  9.486220000E-01 -8.247430000E-03  1.000000000E-01  1.453532118E-02 -8.275363161E+02 
       477  1.752850000E-03 -7.324960000E-03  1.000000000E-01  2.447080536E-01 -4.412243316E+03 
       478  9.595320000E-01 -6.799650000E-03  1.000000000E-01  1.670564894E-02 -8.254971529E+02 
       479  9.686220000E-01 -5.578890000E-03  1.000000000E-01  1.852389007E-02 -8.228003804E+02 
       480  9.860190000E-04 -5.518970000E-03  1.000000000E-01  2.500730417E-01 -4.512416767E+03 
       481  9.761960000E-01 -4.551510000E-03  1.000000000E-01  2.006500253E-02 -8.193223134E+02 
       482  4.384000000E-04 -3.696570000E-03  1.000000000E-01  2.526255305E-01 -4.486112283E+03 
       483  9.825070000E-01 -3.688230000E-03  1.000000000E-01  2.139547363E-02 -8.150650699E+02 
       484  9.877650000E-01 -2.963870000E-03  1.000000000E-01  2.257703761E-02 -8.101362678E+02 
       485  9.921460000E-01 -2.356690000E-03  1.000000000E-01  2.366916952E-02 -8.046873778E+02 
       486  1.095110000E-04 -1.855900000E-03  1.000000000E-01  2.529672997E-01 -4.305800281E+03 
       487  9.957970000E-01 -1.848260000E-03  1.000000000E-01  2.473515381E-02 -7.989028083E+02 
       488  9.988390000E-01 -1.422790000E-03  1.000000000E-01  2.583162292E-02 -7.930687275E+02 
       489  1.001370000E+00 -1.062990000E-03  1.000000000E-01  2.698973587E-02 -7.874784980E+02 
       490  1.003480000E+00 -7.543150000E-04  1.000000000E-01  2.827094707E-02 -7.821771017E+02 
       491  1.005240000E+00 -4.991700000E-04  1.000000000E-01  2.984155116E-02 -7.769033344E+02 
       492  1.006710000E+00 -2.932730000E-04  1.000000000E-01  3.177291117E-02 -7.723447829E+02 
       493  1.007930000E+00 -1.294160000E-04  1.000000000E-01  3.412474462E-02 -7.660763702E+02 
       494  0.000000000E+00  0.000000000E+00  1.000000000E-01  2.505466664E-01 -4.008626031E+03 
       495  1.008950000E+00  0.000000000E+00  1.000000000E-01  2.558729270E-02 -7.874880807E+02 
       496  1.008950000E+00  1.219510000E-03  1.000000000E-01  1.018438139E-02 -8.167663258E+02 
       497  9.957970000E-01  1.848260000E-03  1.000000000E-01  3.164060490E-03  7.201420449E+02 
       498  1.095110000E-04  1.855900000E-03  1.000000000E-01  2.431965706E-01 -3.658300325E+03 
       499  9.921460000E-01  2.356690000E-03  1.000000000E-01  7.097136860E-03  7.205683421E+02 
       500  1.008950000E+00  2.439020000E-03  1.000000000E-01  1.354083159E-02 -8.148065293E+02 
       501  9.877650000E-01  2.963870000E-03  1.000000000E-01  1.337378885E-02  7.091521825E+02 
       502  1.008950000E+00  3.658540000E-03  1.000000000E-01  1.869509954E-02 -8.258266538E+02 
       503  9.825070000E-01  3.688230000E-03  1.000000000E-01  1.615491944E-02  6.974033592E+02 
       504  4.384000000E-04  3.696570000E-03  1.000000000E-01  2.312036031E-01 -3.222949837E+03 
       505  9.761960000E-01  4.551510000E-03  1.000000000E-01  1.536339671E-02  6.922324170E+02 
       506  1.008950000E+00  4.878050000E-03  1.000000000E-01  2.274980012E-02 -8.346158549E+02 
       507  9.860190000E-04  5.518970000E-03  1.000000000E-01  2.165464993E-01 -2.696630372E+03 
       508  9.686220000E-01  5.578890000E-03  1.000000000E-01  1.335065457E-02  6.916388138E+02 
       509  1.008950000E+00  6.097560000E-03  1.000000000E-01  2.513558444E-02 -8.399341063E+02 
       510  9.595320000E-01  6.799650000E-03  1.000000000E-01  1.138682598E-02  6.887019963E+02 
       511  1.008950000E+00  7.317070000E-03  1.000000000E-01  2.633814831E-02 -8.408966918E+02 
       512  1.752850000E-03  7.324960000E-03  1.000000000E-01  2.000076426E-01 -2.149558728E+03 
       513  9.486220000E-01  8.247430000E-03  1.000000000E-01  9.687707155E-03  6.788384135E+02 
       514  1.008950000E+00  8.536590000E-03  1.000000000E-01  2.675214749E-02 -8.383892363E+02 
       515  2.745270000E-03  9.124550000E-03  1.000000000E-01  1.818877592E-01 -1.604797878E+03 
       516  1.008950000E+00  9.756100000E-03  1.000000000E-01  2.666962077E-02 -8.334131538E+02 
       517  9.355260000E-01  9.960600000E-03  1.000000000E-01  4.697963750E-03  6.602040842E+02 
       518  3.983540000E-03  1.093890000E-02  1.000000000E-01  1.629470802E-01 -1.081790414E+03 
       519  9.988390000E-01  1.096260000E-02  1.000000000E-01  3.501168667E-03  7.172067831E+02 
       520  1.008950000E+00  1.097560000E-02  1.000000000E-01  2.624102403E-02 -8.264512175E+02 
       521  9.198070000E-01  1.198220000E-02  1.000000000E-01  8.067569671E-03  6.311851421E+02 
       522  1.008950000E+00  1.219510000E-02  1.000000000E-01  2.554129161E-02 -8.179264039E+02 
       523  5.510960000E-03  1.280140000E-02  1.000000000E-01  1.445883536E-01 -6.324103521E+02 
       524  1.008950000E+00  1.341460000E-02  1.000000000E-01  2.461002091E-02 -8.080740037E+02 
       525  9.009380000E-01  1.436040000E-02  1.000000000E-01  2.423348794E-02  5.868351988E+02 
       526  1.008950000E+00  1.463410000E-02  1.000000000E-01  2.348422083E-02 -7.972341434E+02 
       527  7.411530000E-03  1.476420000E-02  1.000000000E-01  1.269108711E-01 -2.649562624E+02 
       528  1.008950000E+00  1.585370000E-02  1.000000000E-01  2.221652104E-02 -7.857842640E+02 
       529  9.850590000E-03  1.691540000E-02  1.000000000E-01  1.087762903E-01  6.423091949E+01 
       530  1.008950000E+00  1.707320000E-02  1.000000000E-01  2.085446955E-02 -7.740407083E+02 
       531  8.782860000E-01  1.714700000E-02  1.000000000E-01  3.859251523E-02  5.308969440E+02 
       532  1.008950000E+00  1.829270000E-02  1.000000000E-01  1.942973934E-02 -7.622641828E+02 
       533  1.318260000E-02  1.942040000E-02  1.000000000E-01  8.888651163E-02  3.730232301E+02 
       534  1.008950000E+00  1.951220000E-02  1.000000000E-01  1.797077487E-02 -7.507153099E+02 
       535  8.510930000E-01  2.039720000E-02  1.000000000E-01  4.804028323E-02  4.775286429E+02 
       536  1.008950000E+00  2.073170000E-02  1.000000000E-01  1.651086029E-02 -7.396330926E+02 
       537  1.001370000E+00  2.073980000E-02  1.000000000E-01  4.219692040E-03  7.288152298E+02 
       538  1.008950000E+00  2.195120000E-02  1.000000000E-01  1.507782794E-02 -7.291550767E+02 
       539  1.821900000E-02  2.259850000E-02  1.000000000E-01  6.648757425E-02  6.436979296E+02 
       540  1.008950000E+00  2.317070000E-02  1.000000000E-01  1.368725702E-02 -7.193350493E+02 
       541  1.008950000E+00  2.439020000E-02  1.000000000E-01  1.234826398E-02 -7.101899688E+02 
       542  8.159680000E-01  2.444550000E-02  1.000000000E-01  5.441532219E-02  4.353475901E+02 
       543  1.008950000E+00  2.560980000E-02  1.000000000E-01  1.106837136E-02 -7.017262503E+02 
       544  2.634450000E-02  2.677890000E-02  1.000000000E-01  4.276768243E-02  8.443754763E+02 
       545  1.008950000E+00  2.682930000E-02  1.000000000E-01  9.853290450E-03 -6.939343852E+02 
       546  1.008950000E+00  2.804880000E-02  1.000000000E-01  8.705077096E-03 -6.867845792E+02 
       547  7.808250000E-01  2.833060000E-02  1.000000000E-01  5.831361498E-02  4.106414859E+02 
       548  1.003480000E+00  2.887370000E-02  1.000000000E-01  3.438379529E-03  7.547005549E+02 
       549  1.008950000E+00  2.926830000E-02  1.000000000E-01  7.621651682E-03 -6.802372905E+02 
       550  1.008950000E+00  3.048780000E-02  1.000000000E-01  6.597644099E-03 -6.742483818E+02 
       551  3.777470000E-02  3.147510000E-02  1.000000000E-01  1.999489027E-02  9.599906942E+02 
       552  1.008950000E+00  3.170730000E-02  1.000000000E-01  5.625158823E-03 -6.687725702E+02 
       553  7.399050000E-01  3.264710000E-02  1.000000000E-01  6.071531496E-02  4.004182508E+02 
       554  1.008950000E+00  3.292680000E-02  1.000000000E-01  4.694577172E-03 -6.637687799E+02 
       555  1.008950000E+00  3.414630000E-02  1.000000000E-01  3.795312305E-03 -6.592036982E+02 
       556  1.008950000E+00  3.536590000E-02  1.000000000E-01  2.916998098E-03 -6.550526154E+02 
       557  1.005240000E+00  3.565510000E-02  1.000000000E-01  3.391475097E-03  8.044473061E+02 
       558  1.008950000E+00  3.658540000E-02  1.000000000E-01  2.054135922E-03 -6.513012967E+02 
       559  6.989630000E-01  3.673990000E-02  1.000000000E-01  6.191441474E-02  4.020851461E+02 
       560  5.488770000E-02  3.697740000E-02  1.000000000E-01  8.456146189E-03  1.000444644E+03 
       561  1.008950000E+00  3.780490000E-02  1.000000000E-01  1.239066732E-03 -6.479476809E+02 
       562  1.008950000E+00  3.902440000E-02  1.000000000E-01  8.141360111E-04 -6.450158496E+02 
       563  1.008950000E+00  4.024390000E-02  1.000000000E-01  1.223252134E-03 -6.425534213E+02 
       564  6.579970000E-01  4.059990000E-02  1.000000000E-01  6.264144602E-02  4.102022247E+02 
       565  1.006710000E+00  4.131690000E-02  1.000000000E-01  1.973646019E-02  8.864864068E+02 
       566  1.008950000E+00  4.146340000E-02  1.000000000E-01  2.289465319E-03 -6.406486305E+02 
       567  1.008950000E+00  4.268290000E-02  1.000000000E-01  3.701867602E-03 -6.395004722E+02 
       568  8.351470000E-02  4.379180000E-02  1.000000000E-01  1.706266887E-02  9.752565714E+02 
       569  1.008950000E+00  4.390240000E-02  1.000000000E-01  5.559002040E-03 -6.395530160E+02 
       570  6.170090000E-01  4.421250000E-02  1.000000000E-01  6.298508040E-02  4.238770351E+02 
       571  1.008950000E+00  4.512200000E-02  1.000000000E-01  8.139841741E-03 -6.416412287E+02 
       572  1.007930000E+00  4.604710000E-02  1.000000000E-01  6.419764572E-02  8.832696441E+02 
       573  1.008950000E+00  4.634150000E-02  1.000000000E-01  1.177961549E-02 -6.484439098E+02 
       574  5.759990000E-01  4.755650000E-02  1.000000000E-01  6.300389826E-02  4.416637885E+02 
       575  1.008950000E+00  4.756100000E-02  1.000000000E-01  1.732227691E-02 -6.585720820E+02 
       576  1.008950000E+00  4.878050000E-02  1.000000000E-01  2.232171280E-02 -7.112092601E+02 
       577  1.008950000E+00  5.000000000E-02  1.000000000E-01  6.447813593E-02 -6.698531837E+01 
       578  1.241140000E-01  5.043730000E-02  1.000000000E-01  3.422029375E-02  9.055347540E+02 
       579  5.349650000E-01  5.060440000E-02  1.000000000E-01  6.282551886E-02  4.627576820E+02 
       580  4.939080000E-01  5.332060000E-02  1.000000000E-01  6.252024079E-02  4.867036710E+02 
       581  1.650180000E-01  5.486620000E-02  1.000000000E-01  4.520929613E-02  8.302307444E+02 
       582  4.528280000E-01  5.566140000E-02  1.000000000E-01  6.210046773E-02  5.135231437E+02 
       583  4.117260000E-01  5.757270000E-02  1.000000000E-01  6.152931372E-02  5.434328523E+02 
       584  2.060650000E-01  5.771190000E-02  1.000000000E-01  5.165361582E-02  7.625100652E+02 
       585  3.706030000E-01  5.898830000E-02  1.000000000E-01  6.076070361E-02  5.768177491E+02 
       586  2.471780000E-01  5.933890000E-02  1.000000000E-01  5.544727311E-02  7.060139008E+02 
       587  3.294650000E-01  5.982680000E-02  1.000000000E-01  5.965839188E-02  6.144443162E+02 
       588  2.883190000E-01  5.998690000E-02  1.000000000E-01  5.798465670E-02  6.571715939E+02 
