nodenumber     x-coordinate     y-coordinate     z-coordinate      mach-number         pressure 
         1  2.883190000E-01 -5.998690000E-02  0.000000000E+00  8.445896543E-02  1.991189526E+02 
         2  3.294650000E-01 -5.982680000E-02  0.000000000E+00  8.644741217E-02  1.753633109E+02 
         3  2.471780000E-01 -5.933890000E-02  0.000000000E+00  8.178954075E-02  2.299764237E+02 
         4  3.706030000E-01 -5.898830000E-02  0.000000000E+00  8.795911454E-02  1.568678677E+02 
         5  2.060650000E-01 -5.771190000E-02  0.000000000E+00  7.809155760E-02  2.707385254E+02 
         6  4.117260000E-01 -5.757270000E-02  0.000000000E+00  8.912585407E-02  1.423483083E+02 
         7  4.528280000E-01 -5.566140000E-02  0.000000000E+00  9.003526743E-02  1.308897075E+02 
         8  1.650180000E-01 -5.486620000E-02  0.000000000E+00  7.271910386E-02  3.259225510E+02 
         9  4.939080000E-01 -5.332060000E-02  0.000000000E+00  9.074883256E-02  1.218197489E+02 
        10  5.349650000E-01 -5.060440000E-02  0.000000000E+00  9.130896017E-02  1.146431798E+02 
        11  1.241140000E-01 -5.043730000E-02  0.000000000E+00  6.430447972E-02  4.044938630E+02 
        12  5.759990000E-01 -4.755650000E-02  0.000000000E+00  9.174539487E-02  1.090105814E+02 
        13  6.170090000E-01 -4.421250000E-02  0.000000000E+00  9.207862622E-02  1.046808569E+02 
        14  8.351470000E-02 -4.379180000E-02  0.000000000E+00  5.173927558E-02  5.058409348E+02 
        15  6.579970000E-01 -4.059990000E-02  0.000000000E+00  9.232320760E-02  1.015296964E+02 
        16  5.488770000E-02 -3.697740000E-02  0.000000000E+00  3.608250306E-02  6.039216633E+02 
        17  6.989630000E-01 -3.673990000E-02  0.000000000E+00  9.248328671E-02  9.944944808E+01 
        18  7.399050000E-01 -3.264710000E-02  0.000000000E+00  9.256057586E-02  9.844178035E+01 
        19  3.777470000E-02 -3.147510000E-02  0.000000000E+00  1.862242726E-02  6.745796299E+02 
        20  7.808250000E-01 -2.833060000E-02  0.000000000E+00  9.254077695E-02  9.880186642E+01 
        21  2.634450000E-02 -2.677890000E-02  0.000000000E+00  7.465919589E-03  7.033776631E+02 
        22  8.217210000E-01 -2.379390000E-02  0.000000000E+00  9.237990513E-02  1.009905873E+02 
        23  1.821900000E-02 -2.259850000E-02  0.000000000E+00  1.610588579E-02  6.786999838E+02 
        24  1.318260000E-02 -1.942040000E-02  0.000000000E+00  3.651725310E-02  6.022646944E+02 
        25  8.625920000E-01 -1.903530000E-02  0.000000000E+00  9.202197928E-02  1.056208668E+02 
        26  9.850590000E-03 -1.691540000E-02  0.000000000E+00  5.549553595E-02  4.793723894E+02 
        27  7.411530000E-03 -1.476420000E-02  0.000000000E+00  7.379099433E-02  3.115008049E+02 
        28  9.034350000E-01 -1.404860000E-02  0.000000000E+00  9.144207038E-02  1.133670713E+02 
        29  5.510960000E-03 -1.280140000E-02  0.000000000E+00  9.212749309E-02  9.548830637E+01 
        30  3.983540000E-03 -1.093890000E-02  0.000000000E+00  1.107645350E-01 -1.738916113E+02 
        31  9.337850000E-01 -1.018640000E-02  0.000000000E+00  9.055929394E-02  1.247934735E+02 
        32  2.745270000E-03 -9.124550000E-03  0.000000000E+00  1.297683058E-01 -5.007877178E+02 
        33  1.752850000E-03 -7.324960000E-03  0.000000000E+00  1.490615483E-01 -8.870204382E+02 
        34  9.641170000E-01 -6.185660000E-03  0.000000000E+00  8.913518809E-02  1.426733766E+02 
        35  9.860190000E-04 -5.518970000E-03  0.000000000E+00  1.683390412E-01 -1.321531542E+03 
        36  4.384000000E-04 -3.696570000E-03  0.000000000E+00  1.871842063E-01 -1.792282211E+03 
        37  9.885790000E-01 -2.851310000E-03  0.000000000E+00  8.648140908E-02  1.630964230E+02 
        38  1.095110000E-04 -1.855900000E-03  0.000000000E+00  2.049329862E-01 -2.282074404E+03 
        39  0.000000000E+00  0.000000000E+00  0.000000000E+00  2.209607221E-01 -2.757979601E+03 
        40  1.008950000E+00  0.000000000E+00  0.000000000E+00  7.823426795E-02  1.912614570E+02 
        41  1.095110000E-04  1.855900000E-03  0.000000000E+00  2.346051315E-01 -3.194267964E+03 
        42  9.885790000E-01  2.851310000E-03  0.000000000E+00  7.494050514E-02  1.278351178E+02 
        43  4.384000000E-04  3.696570000E-03  0.000000000E+00  2.452579077E-01 -3.559249173E+03 
        44  9.860190000E-04  5.518970000E-03  0.000000000E+00  2.526375970E-01 -3.822436138E+03 
        45  9.641170000E-01  6.185660000E-03  0.000000000E+00  8.165930931E-02  7.333117274E+01 
        46  1.752850000E-03  7.324960000E-03  0.000000000E+00  2.568145374E-01 -3.977570912E+03 
        47  2.745270000E-03  9.124550000E-03  0.000000000E+00  2.581936440E-01 -4.032495525E+03 
        48  9.337850000E-01  1.018640000E-02  0.000000000E+00  8.612548510E-02  2.159879932E+01 
        49  3.983540000E-03  1.093890000E-02  0.000000000E+00  2.572358755E-01 -4.003773950E+03 
        50  5.510960000E-03  1.280140000E-02  0.000000000E+00  2.543323080E-01 -3.908125773E+03 
        51  9.034350000E-01  1.404860000E-02  0.000000000E+00  8.973463721E-02 -2.338807468E+01 
        52  7.411530000E-03  1.476420000E-02  0.000000000E+00  2.497682160E-01 -3.757266783E+03 
        53  9.850590000E-03  1.691540000E-02  0.000000000E+00  2.436237593E-01 -3.557241260E+03 
        54  8.625920000E-01  1.903530000E-02  0.000000000E+00  9.313537178E-02 -6.741215956E+01 
        55  1.318260000E-02  1.942040000E-02  0.000000000E+00  2.357214859E-01 -3.303353381E+03 
        56  1.821900000E-02  2.259850000E-02  0.000000000E+00  2.255449119E-01 -2.998384075E+03 
        57  8.217210000E-01  2.379390000E-02  0.000000000E+00  9.631363652E-02 -1.093800828E+02 
        58  2.634450000E-02  2.677890000E-02  0.000000000E+00  2.134613959E-01 -2.648944720E+03 
        59  7.808250000E-01  2.833060000E-02  0.000000000E+00  9.916862911E-02 -1.485898401E+02 
        60  3.777470000E-02  3.147510000E-02  0.000000000E+00  2.007092516E-01 -2.284283206E+03 
        61  7.399050000E-01  3.264710000E-02  0.000000000E+00  1.018527397E-01 -1.864660985E+02 
        62  6.989630000E-01  3.673990000E-02  0.000000000E+00  1.044653103E-01 -2.240992087E+02 
        63  5.488770000E-02  3.697740000E-02  0.000000000E+00  1.875991490E-01 -1.931829581E+03 
        64  6.579970000E-01  4.059990000E-02  0.000000000E+00  1.070454148E-01 -2.623289883E+02 
        65  8.351470000E-02  4.379180000E-02  0.000000000E+00  1.743722140E-01 -1.593961202E+03 
        66  6.170090000E-01  4.421250000E-02  0.000000000E+00  1.096483905E-01 -3.018287924E+02 
        67  5.759990000E-01  4.755650000E-02  0.000000000E+00  1.123203428E-01 -3.432171848E+02 
        68  1.241140000E-01  5.043730000E-02  0.000000000E+00  1.625554692E-01 -1.307121901E+03 
        69  5.349650000E-01  5.060440000E-02  0.000000000E+00  1.150885659E-01 -3.871200249E+02 
        70  4.939080000E-01  5.332060000E-02  0.000000000E+00  1.179821941E-01 -4.342010727E+02 
        71  1.650180000E-01  5.486620000E-02  0.000000000E+00  1.534144072E-01 -1.101963560E+03 
        72  4.528280000E-01  5.566140000E-02  0.000000000E+00  1.210356986E-01 -4.852227358E+02 
        73  4.117260000E-01  5.757270000E-02  0.000000000E+00  1.243002214E-01 -5.410839899E+02 
        74  2.060650000E-01  5.771190000E-02  0.000000000E+00  1.464661648E-01 -9.574866934E+02 
        75  3.706030000E-01  5.898830000E-02  0.000000000E+00  1.278267042E-01 -6.029684216E+02 
        76  2.471780000E-01  5.933890000E-02  0.000000000E+00  1.407952608E-01 -8.448724092E+02 
        77  3.294650000E-01  5.982680000E-02  0.000000000E+00  1.316830416E-01 -6.724706928E+02 
        78  2.883190000E-01  5.998690000E-02  0.000000000E+00  1.359525490E-01 -7.519160845E+02 
        79  2.883190000E-01 -5.998690000E-02  3.333330000E-01  8.445897368E-02  1.991188535E+02 
        80  3.294650000E-01 -5.982680000E-02  3.333330000E-01  8.644742251E-02  1.753631837E+02 
        81  2.471780000E-01 -5.933890000E-02  3.333330000E-01  8.178954729E-02  2.299763477E+02 
        82  3.706030000E-01 -5.898830000E-02  3.333330000E-01  8.795912739E-02  1.568677068E+02 
        83  2.060650000E-01 -5.771190000E-02  3.333330000E-01  7.809156278E-02  2.707384679E+02 
        84  4.117260000E-01 -5.757270000E-02  3.333330000E-01  8.912587010E-02  1.423481048E+02 
        85  4.528280000E-01 -5.566140000E-02  3.333330000E-01  9.003528750E-02  1.308894500E+02 
        86  1.650180000E-01 -5.486620000E-02  3.333330000E-01  7.271910761E-02  3.259225121E+02 
        87  4.939080000E-01 -5.332060000E-02  3.333330000E-01  9.074885774E-02  1.218194233E+02 
        88  5.349650000E-01 -5.060440000E-02  3.333330000E-01  9.130899171E-02  1.146427684E+02 
        89  1.241140000E-01 -5.043730000E-02  3.333330000E-01  6.430448202E-02  4.044938424E+02 
        90  5.759990000E-01 -4.755650000E-02  3.333330000E-01  9.174543453E-02  1.090100616E+02 
        91  6.170090000E-01 -4.421250000E-02  3.333330000E-01  9.207867712E-02  1.046801991E+02 
        92  8.351470000E-02 -4.379180000E-02  3.333330000E-01  5.173927647E-02  5.058409300E+02 
        93  6.579970000E-01 -4.059990000E-02  3.333330000E-01  9.232327098E-02  1.015288461E+02 
        94  5.488770000E-02 -3.697740000E-02  3.333330000E-01  3.608250353E-02  6.039216640E+02 
        95  6.989630000E-01 -3.673990000E-02  3.333330000E-01  9.248336685E-02  9.944840897E+01 
        96  7.399050000E-01 -3.264710000E-02  3.333330000E-01  9.256067504E-02  9.844050368E+01 
        97  3.777470000E-02 -3.147510000E-02  3.333330000E-01  1.862242862E-02  6.745796297E+02 
        98  7.808250000E-01 -2.833060000E-02  3.333330000E-01  9.254090790E-02  9.880020477E+01 
        99  2.634450000E-02 -2.677890000E-02  3.333330000E-01  7.465920374E-03  7.033776631E+02 
       100  8.217210000E-01 -2.379390000E-02  3.333330000E-01  9.238005075E-02  1.009885159E+02 
       101  1.821900000E-02 -2.259850000E-02  3.333330000E-01  1.610588420E-02  6.786999912E+02 
       102  1.318260000E-02 -1.942040000E-02  3.333330000E-01  3.651725352E-02  6.022646969E+02 
       103  8.625920000E-01 -1.903530000E-02  3.333330000E-01  9.202213618E-02  1.056182859E+02 
       104  9.850590000E-03 -1.691540000E-02  3.333330000E-01  5.549553755E-02  4.793723810E+02 
       105  7.411530000E-03 -1.476420000E-02  3.333330000E-01  7.379099569E-02  3.115007949E+02 
       106  9.034350000E-01 -1.404860000E-02  3.333330000E-01  9.144290033E-02  1.133635665E+02 
       107  5.510960000E-03 -1.280140000E-02  3.333330000E-01  9.212749369E-02  9.548830235E+01 
       108  3.983540000E-03 -1.093890000E-02  3.333330000E-01  1.107645344E-01 -1.738915996E+02 
       109  9.337850000E-01 -1.018640000E-02  3.333330000E-01  9.056111962E-02  1.247934830E+02 
       110  2.745270000E-03 -9.124550000E-03  3.333330000E-01  1.297683040E-01 -5.007876811E+02 
       111  1.752850000E-03 -7.324960000E-03  3.333330000E-01  1.490615451E-01 -8.870203687E+02 
       112  9.641170000E-01 -6.185660000E-03  3.333330000E-01  8.912532243E-02  1.426919500E+02 
       113  9.860190000E-04 -5.518970000E-03  3.333330000E-01  1.683390368E-01 -1.321531436E+03 
       114  4.384000000E-04 -3.696570000E-03  3.333330000E-01  1.871842011E-01 -1.792282071E+03 
       115  9.885790000E-01 -2.851310000E-03  3.333330000E-01  8.641713037E-02  1.629502801E+02 
       116  1.095110000E-04 -1.855900000E-03  3.333330000E-01  2.049329804E-01 -2.282074235E+03 
       117  0.000000000E+00  0.000000000E+00  3.333330000E-01  2.209607160E-01 -2.757979410E+03 
       118  1.008950000E+00  0.000000000E+00  3.333330000E-01  7.769387982E-02  1.627935040E+02 
       119  1.095110000E-04  1.855900000E-03  3.333330000E-01  2.346051250E-01 -3.194267754E+03 
       120  9.885790000E-01  2.851310000E-03  3.333330000E-01  7.493987423E-02  1.278534966E+02 
       121  4.384000000E-04  3.696570000E-03  3.333330000E-01  2.452579011E-01 -3.559248948E+03 
       122  9.860190000E-04  5.518970000E-03  3.333330000E-01  2.526375904E-01 -3.822435905E+03 
       123  9.641170000E-01  6.185660000E-03  3.333330000E-01  8.165832445E-02  7.334401140E+01 
       124  1.752850000E-03  7.324960000E-03  3.333330000E-01  2.568145310E-01 -3.977570681E+03 
       125  2.745270000E-03  9.124550000E-03  3.333330000E-01  2.581936380E-01 -4.032495308E+03 
       126  9.337850000E-01  1.018640000E-02  3.333330000E-01  8.612464271E-02  2.160853212E+01 
       127  3.983540000E-03  1.093890000E-02  3.333330000E-01  2.572358702E-01 -4.003773756E+03 
       128  5.510960000E-03  1.280140000E-02  3.333330000E-01  2.543323034E-01 -3.908125606E+03 
       129  9.034350000E-01  1.404860000E-02  3.333330000E-01  8.973404949E-02 -2.338063549E+01 
       130  7.411530000E-03  1.476420000E-02  3.333330000E-01  2.497682122E-01 -3.757266646E+03 
       131  9.850590000E-03  1.691540000E-02  3.333330000E-01  2.436237562E-01 -3.557241146E+03 
       132  8.625920000E-01  1.903530000E-02  3.333330000E-01  9.313495137E-02 -6.740652174E+01 
       133  1.318260000E-02  1.942040000E-02  3.333330000E-01  2.357214828E-01 -3.303353270E+03 
       134  1.821900000E-02  2.259850000E-02  3.333330000E-01  2.255449081E-01 -2.998383939E+03 
       135  8.217210000E-01  2.379390000E-02  3.333330000E-01  9.631332594E-02 -1.093757965E+02 
       136  2.634450000E-02  2.677890000E-02  3.333330000E-01  2.134613926E-01 -2.648944602E+03 
       137  7.808250000E-01  2.833060000E-02  3.333330000E-01  9.916839496E-02 -1.485865264E+02 
       138  3.777470000E-02  3.147510000E-02  3.333330000E-01  2.007092494E-01 -2.284283131E+03 
       139  7.399050000E-01  3.264710000E-02  3.333330000E-01  1.018525610E-01 -1.864634996E+02 
       140  6.989630000E-01  3.673990000E-02  3.333330000E-01  1.044651722E-01 -2.240971491E+02 
       141  5.488770000E-02  3.697740000E-02  3.333330000E-01  1.875991471E-01 -1.931829522E+03 
       142  6.579970000E-01  4.059990000E-02  3.333330000E-01  1.070453073E-01 -2.623273447E+02 
       143  8.351470000E-02  4.379180000E-02  3.333330000E-01  1.743722115E-01 -1.593961133E+03 
       144  6.170090000E-01  4.421250000E-02  3.333330000E-01  1.096483063E-01 -3.018274724E+02 
       145  5.759990000E-01  4.755650000E-02  3.333330000E-01  1.123202766E-01 -3.432161196E+02 
       146  1.241140000E-01  5.043730000E-02  3.333330000E-01  1.625554651E-01 -1.307121799E+03 
       147  5.349650000E-01  5.060440000E-02  3.333330000E-01  1.150885136E-01 -3.871191614E+02 
       148  4.939080000E-01  5.332060000E-02  3.333330000E-01  1.179821526E-01 -4.342003694E+02 
       149  1.650180000E-01  5.486620000E-02  3.333330000E-01  1.534144012E-01 -1.101963420E+03 
       150  4.528280000E-01  5.566140000E-02  3.333330000E-01  1.210356657E-01 -4.852221628E+02 
       151  4.117260000E-01  5.757270000E-02  3.333330000E-01  1.243001953E-01 -5.410835210E+02 
       152  2.060650000E-01  5.771190000E-02  3.333330000E-01  1.464661566E-01 -9.574865153E+02 
       153  3.706030000E-01  5.898830000E-02  3.333330000E-01  1.278266834E-01 -6.029680354E+02 
       154  2.471780000E-01  5.933890000E-02  3.333330000E-01  1.407952505E-01 -8.448721937E+02 
       155  3.294650000E-01  5.982680000E-02  3.333330000E-01  1.316830249E-01 -6.724703722E+02 
       156  2.883190000E-01  5.998690000E-02  3.333330000E-01  1.359525357E-01 -7.519158213E+02 
       157  2.883190000E-01 -5.998690000E-02  6.666670000E-01  8.445897368E-02  1.991188535E+02 
       158  3.294650000E-01 -5.982680000E-02  6.666670000E-01  8.644742251E-02  1.753631837E+02 
       159  2.471780000E-01 -5.933890000E-02  6.666670000E-01  8.178954729E-02  2.299763477E+02 
       160  3.706030000E-01 -5.898830000E-02  6.666670000E-01  8.795912739E-02  1.568677068E+02 
       161  2.060650000E-01 -5.771190000E-02  6.666670000E-01  7.809156278E-02  2.707384679E+02 
       162  4.117260000E-01 -5.757270000E-02  6.666670000E-01  8.912587010E-02  1.423481048E+02 
       163  4.528280000E-01 -5.566140000E-02  6.666670000E-01  9.003528750E-02  1.308894500E+02 
       164  1.650180000E-01 -5.486620000E-02  6.666670000E-01  7.271910761E-02  3.259225121E+02 
       165  4.939080000E-01 -5.332060000E-02  6.666670000E-01  9.074885774E-02  1.218194233E+02 
       166  5.349650000E-01 -5.060440000E-02  6.666670000E-01  9.130899170E-02  1.146427684E+02 
       167  1.241140000E-01 -5.043730000E-02  6.666670000E-01  6.430448202E-02  4.044938424E+02 
       168  5.759990000E-01 -4.755650000E-02  6.666670000E-01  9.174543453E-02  1.090100616E+02 
       169  6.170090000E-01 -4.421250000E-02  6.666670000E-01  9.207867712E-02  1.046801991E+02 
       170  8.351470000E-02 -4.379180000E-02  6.666670000E-01  5.173927647E-02  5.058409300E+02 
       171  6.579970000E-01 -4.059990000E-02  6.666670000E-01  9.232327098E-02  1.015288461E+02 
       172  5.488770000E-02 -3.697740000E-02  6.666670000E-01  3.608250353E-02  6.039216640E+02 
       173  6.989630000E-01 -3.673990000E-02  6.666670000E-01  9.248336685E-02  9.944840898E+01 
       174  7.399050000E-01 -3.264710000E-02  6.666670000E-01  9.256067504E-02  9.844050368E+01 
       175  3.777470000E-02 -3.147510000E-02  6.666670000E-01  1.862242862E-02  6.745796297E+02 
       176  7.808250000E-01 -2.833060000E-02  6.666670000E-01  9.254090790E-02  9.880020477E+01 
       177  2.634450000E-02 -2.677890000E-02  6.666670000E-01  7.465920374E-03  7.033776631E+02 
       178  8.217210000E-01 -2.379390000E-02  6.666670000E-01  9.238005075E-02  1.009885159E+02 
       179  1.821900000E-02 -2.259850000E-02  6.666670000E-01  1.610588420E-02  6.786999912E+02 
       180  1.318260000E-02 -1.942040000E-02  6.666670000E-01  3.651725352E-02  6.022646969E+02 
       181  8.625920000E-01 -1.903530000E-02  6.666670000E-01  9.202213618E-02  1.056182859E+02 
       182  9.850590000E-03 -1.691540000E-02  6.666670000E-01  5.549553755E-02  4.793723810E+02 
       183  7.411530000E-03 -1.476420000E-02  6.666670000E-01  7.379099569E-02  3.115007949E+02 
       184  9.034350000E-01 -1.404860000E-02  6.666670000E-01  9.144290033E-02  1.133635665E+02 
       185  5.510960000E-03 -1.280140000E-02  6.666670000E-01  9.212749369E-02  9.548830234E+01 
       186  3.983540000E-03 -1.093890000E-02  6.666670000E-01  1.107645344E-01 -1.738915996E+02 
       187  9.337850000E-01 -1.018640000E-02  6.666670000E-01  9.056111962E-02  1.247934830E+02 
       188  2.745270000E-03 -9.124550000E-03  6.666670000E-01  1.297683040E-01 -5.007876811E+02 
       189  1.752850000E-03 -7.324960000E-03  6.666670000E-01  1.490615451E-01 -8.870203687E+02 
       190  9.641170000E-01 -6.185660000E-03  6.666670000E-01  8.912532243E-02  1.426919500E+02 
       191  9.860190000E-04 -5.518970000E-03  6.666670000E-01  1.683390368E-01 -1.321531436E+03 
       192  4.384000000E-04 -3.696570000E-03  6.666670000E-01  1.871842011E-01 -1.792282071E+03 
       193  9.885790000E-01 -2.851310000E-03  6.666670000E-01  8.641713036E-02  1.629502801E+02 
       194  1.095110000E-04 -1.855900000E-03  6.666670000E-01  2.049329804E-01 -2.282074235E+03 
       195  0.000000000E+00  0.000000000E+00  6.666670000E-01  2.209607160E-01 -2.757979410E+03 
       196  1.008950000E+00  0.000000000E+00  6.666670000E-01  7.769387982E-02  1.627935040E+02 
       197  1.095110000E-04  1.855900000E-03  6.666670000E-01  2.346051250E-01 -3.194267754E+03 
       198  9.885790000E-01  2.851310000E-03  6.666670000E-01  7.493987424E-02  1.278534966E+02 
       199  4.384000000E-04  3.696570000E-03  6.666670000E-01  2.452579011E-01 -3.559248948E+03 
       200  9.860190000E-04  5.518970000E-03  6.666670000E-01  2.526375904E-01 -3.822435905E+03 
       201  9.641170000E-01  6.185660000E-03  6.666670000E-01  8.165832445E-02  7.334401139E+01 
       202  1.752850000E-03  7.324960000E-03  6.666670000E-01  2.568145310E-01 -3.977570681E+03 
       203  2.745270000E-03  9.124550000E-03  6.666670000E-01  2.581936380E-01 -4.032495308E+03 
       204  9.337850000E-01  1.018640000E-02  6.666670000E-01  8.612464272E-02  2.160853212E+01 
       205  3.983540000E-03  1.093890000E-02  6.666670000E-01  2.572358702E-01 -4.003773756E+03 
       206  5.510960000E-03  1.280140000E-02  6.666670000E-01  2.543323034E-01 -3.908125606E+03 
       207  9.034350000E-01  1.404860000E-02  6.666670000E-01  8.973404949E-02 -2.338063550E+01 
       208  7.411530000E-03  1.476420000E-02  6.666670000E-01  2.497682122E-01 -3.757266646E+03 
       209  9.850590000E-03  1.691540000E-02  6.666670000E-01  2.436237562E-01 -3.557241146E+03 
       210  8.625920000E-01  1.903530000E-02  6.666670000E-01  9.313495137E-02 -6.740652175E+01 
       211  1.318260000E-02  1.942040000E-02  6.666670000E-01  2.357214828E-01 -3.303353270E+03 
       212  1.821900000E-02  2.259850000E-02  6.666670000E-01  2.255449081E-01 -2.998383939E+03 
       213  8.217210000E-01  2.379390000E-02  6.666670000E-01  9.631332594E-02 -1.093757965E+02 
       214  2.634450000E-02  2.677890000E-02  6.666670000E-01  2.134613926E-01 -2.648944602E+03 
       215  7.808250000E-01  2.833060000E-02  6.666670000E-01  9.916839496E-02 -1.485865264E+02 
       216  3.777470000E-02  3.147510000E-02  6.666670000E-01  2.007092494E-01 -2.284283131E+03 
       217  7.399050000E-01  3.264710000E-02  6.666670000E-01  1.018525610E-01 -1.864634996E+02 
       218  6.989630000E-01  3.673990000E-02  6.666670000E-01  1.044651722E-01 -2.240971491E+02 
       219  5.488770000E-02  3.697740000E-02  6.666670000E-01  1.875991471E-01 -1.931829522E+03 
       220  6.579970000E-01  4.059990000E-02  6.666670000E-01  1.070453073E-01 -2.623273447E+02 
       221  8.351470000E-02  4.379180000E-02  6.666670000E-01  1.743722115E-01 -1.593961133E+03 
       222  6.170090000E-01  4.421250000E-02  6.666670000E-01  1.096483063E-01 -3.018274724E+02 
       223  5.759990000E-01  4.755650000E-02  6.666670000E-01  1.123202766E-01 -3.432161196E+02 
       224  1.241140000E-01  5.043730000E-02  6.666670000E-01  1.625554651E-01 -1.307121799E+03 
       225  5.349650000E-01  5.060440000E-02  6.666670000E-01  1.150885136E-01 -3.871191614E+02 
       226  4.939080000E-01  5.332060000E-02  6.666670000E-01  1.179821526E-01 -4.342003694E+02 
       227  1.650180000E-01  5.486620000E-02  6.666670000E-01  1.534144012E-01 -1.101963420E+03 
       228  4.528280000E-01  5.566140000E-02  6.666670000E-01  1.210356657E-01 -4.852221628E+02 
       229  4.117260000E-01  5.757270000E-02  6.666670000E-01  1.243001953E-01 -5.410835210E+02 
       230  2.060650000E-01  5.771190000E-02  6.666670000E-01  1.464661566E-01 -9.574865153E+02 
       231  3.706030000E-01  5.898830000E-02  6.666670000E-01  1.278266834E-01 -6.029680354E+02 
       232  2.471780000E-01  5.933890000E-02  6.666670000E-01  1.407952505E-01 -8.448721937E+02 
       233  3.294650000E-01  5.982680000E-02  6.666670000E-01  1.316830249E-01 -6.724703722E+02 
       234  2.883190000E-01  5.998690000E-02  6.666670000E-01  1.359525357E-01 -7.519158213E+02 
       235  2.883190000E-01 -5.998690000E-02  1.000000000E+00  8.445896543E-02  1.991189526E+02 
       236  3.294650000E-01 -5.982680000E-02  1.000000000E+00  8.644741217E-02  1.753633109E+02 
       237  2.471780000E-01 -5.933890000E-02  1.000000000E+00  8.178954075E-02  2.299764237E+02 
       238  3.706030000E-01 -5.898830000E-02  1.000000000E+00  8.795911454E-02  1.568678677E+02 
       239  2.060650000E-01 -5.771190000E-02  1.000000000E+00  7.809155760E-02  2.707385254E+02 
       240  4.117260000E-01 -5.757270000E-02  1.000000000E+00  8.912585407E-02  1.423483083E+02 
       241  4.528280000E-01 -5.566140000E-02  1.000000000E+00  9.003526743E-02  1.308897075E+02 
       242  1.650180000E-01 -5.486620000E-02  1.000000000E+00  7.271910386E-02  3.259225510E+02 
       243  4.939080000E-01 -5.332060000E-02  1.000000000E+00  9.074883256E-02  1.218197489E+02 
       244  5.349650000E-01 -5.060440000E-02  1.000000000E+00  9.130896017E-02  1.146431798E+02 
       245  1.241140000E-01 -5.043730000E-02  1.000000000E+00  6.430447972E-02  4.044938630E+02 
       246  5.759990000E-01 -4.755650000E-02  1.000000000E+00  9.174539487E-02  1.090105814E+02 
       247  6.170090000E-01 -4.421250000E-02  1.000000000E+00  9.207862622E-02  1.046808569E+02 
       248  8.351470000E-02 -4.379180000E-02  1.000000000E+00  5.173927558E-02  5.058409348E+02 
       249  6.579970000E-01 -4.059990000E-02  1.000000000E+00  9.232320760E-02  1.015296964E+02 
       250  5.488770000E-02 -3.697740000E-02  1.000000000E+00  3.608250306E-02  6.039216633E+02 
       251  6.989630000E-01 -3.673990000E-02  1.000000000E+00  9.248328671E-02  9.944944809E+01 
       252  7.399050000E-01 -3.264710000E-02  1.000000000E+00  9.256057585E-02  9.844178035E+01 
       253  3.777470000E-02 -3.147510000E-02  1.000000000E+00  1.862242726E-02  6.745796299E+02 
       254  7.808250000E-01 -2.833060000E-02  1.000000000E+00  9.254077695E-02  9.880186643E+01 
       255  2.634450000E-02 -2.677890000E-02  1.000000000E+00  7.465919589E-03  7.033776631E+02 
       256  8.217210000E-01 -2.379390000E-02  1.000000000E+00  9.237990513E-02  1.009905873E+02 
       257  1.821900000E-02 -2.259850000E-02  1.000000000E+00  1.610588579E-02  6.786999838E+02 
       258  1.318260000E-02 -1.942040000E-02  1.000000000E+00  3.651725310E-02  6.022646944E+02 
       259  8.625920000E-01 -1.903530000E-02  1.000000000E+00  9.202197928E-02  1.056208668E+02 
       260  9.850590000E-03 -1.691540000E-02  1.000000000E+00  5.549553595E-02  4.793723894E+02 
       261  7.411530000E-03 -1.476420000E-02  1.000000000E+00  7.379099433E-02  3.115008049E+02 
       262  9.034350000E-01 -1.404860000E-02  1.000000000E+00  9.144207038E-02  1.133670713E+02 
       263  5.510960000E-03 -1.280140000E-02  1.000000000E+00  9.212749309E-02  9.548830637E+01 
       264  3.983540000E-03 -1.093890000E-02  1.000000000E+00  1.107645350E-01 -1.738916113E+02 
       265  9.337850000E-01 -1.018640000E-02  1.000000000E+00  9.055929394E-02  1.247934736E+02 
       266  2.745270000E-03 -9.124550000E-03  1.000000000E+00  1.297683058E-01 -5.007877178E+02 
       267  1.752850000E-03 -7.324960000E-03  1.000000000E+00  1.490615483E-01 -8.870204382E+02 
       268  9.641170000E-01 -6.185660000E-03  1.000000000E+00  8.913518809E-02  1.426733766E+02 
       269  9.860190000E-04 -5.518970000E-03  1.000000000E+00  1.683390412E-01 -1.321531542E+03 
       270  4.384000000E-04 -3.696570000E-03  1.000000000E+00  1.871842063E-01 -1.792282211E+03 
       271  9.885790000E-01 -2.851310000E-03  1.000000000E+00  8.648140907E-02  1.630964230E+02 
       272  1.095110000E-04 -1.855900000E-03  1.000000000E+00  2.049329862E-01 -2.282074404E+03 
       273  0.000000000E+00  0.000000000E+00  1.000000000E+00  2.209607221E-01 -2.757979601E+03 
       274  1.008950000E+00  0.000000000E+00  1.000000000E+00  7.823426796E-02  1.912614571E+02 
       275  1.095110000E-04  1.855900000E-03  1.000000000E+00  2.346051315E-01 -3.194267964E+03 
       276  9.885790000E-01  2.851310000E-03  1.000000000E+00  7.494050517E-02  1.278351178E+02 
       277  4.384000000E-04  3.696570000E-03  1.000000000E+00  2.452579077E-01 -3.559249173E+03 
       278  9.860190000E-04  5.518970000E-03  1.000000000E+00  2.526375970E-01 -3.822436138E+03 
       279  9.641170000E-01  6.185660000E-03  1.000000000E+00  8.165930933E-02  7.333117273E+01 
       280  1.752850000E-03  7.324960000E-03  1.000000000E+00  2.568145374E-01 -3.977570912E+03 
       281  2.745270000E-03  9.124550000E-03  1.000000000E+00  2.581936440E-01 -4.032495525E+03 
       282  9.337850000E-01  1.018640000E-02  1.000000000E+00  8.612548511E-02  2.159879931E+01 
       283  3.983540000E-03  1.093890000E-02  1.000000000E+00  2.572358755E-01 -4.003773950E+03 
       284  5.510960000E-03  1.280140000E-02  1.000000000E+00  2.543323080E-01 -3.908125773E+03 
       285  9.034350000E-01  1.404860000E-02  1.000000000E+00  8.973463722E-02 -2.338807470E+01 
       286  7.411530000E-03  1.476420000E-02  1.000000000E+00  2.497682160E-01 -3.757266783E+03 
       287  9.850590000E-03  1.691540000E-02  1.000000000E+00  2.436237593E-01 -3.557241260E+03 
       288  8.625920000E-01  1.903530000E-02  1.000000000E+00  9.313537178E-02 -6.741215957E+01 
       289  1.318260000E-02  1.942040000E-02  1.000000000E+00  2.357214859E-01 -3.303353381E+03 
       290  1.821900000E-02  2.259850000E-02  1.000000000E+00  2.255449119E-01 -2.998384075E+03 
       291  8.217210000E-01  2.379390000E-02  1.000000000E+00  9.631363652E-02 -1.093800828E+02 
       292  2.634450000E-02  2.677890000E-02  1.000000000E+00  2.134613959E-01 -2.648944720E+03 
       293  7.808250000E-01  2.833060000E-02  1.000000000E+00  9.916862912E-02 -1.485898401E+02 
       294  3.777470000E-02  3.147510000E-02  1.000000000E+00  2.007092516E-01 -2.284283206E+03 
       295  7.399050000E-01  3.264710000E-02  1.000000000E+00  1.018527397E-01 -1.864660985E+02 
       296  6.989630000E-01  3.673990000E-02  1.000000000E+00  1.044653103E-01 -2.240992087E+02 
       297  5.488770000E-02  3.697740000E-02  1.000000000E+00  1.875991490E-01 -1.931829581E+03 
       298  6.579970000E-01  4.059990000E-02  1.000000000E+00  1.070454148E-01 -2.623289883E+02 
       299  8.351470000E-02  4.379180000E-02  1.000000000E+00  1.743722140E-01 -1.593961202E+03 
       300  6.170090000E-01  4.421250000E-02  1.000000000E+00  1.096483905E-01 -3.018287924E+02 
       301  5.759990000E-01  4.755650000E-02  1.000000000E+00  1.123203428E-01 -3.432171848E+02 
       302  1.241140000E-01  5.043730000E-02  1.000000000E+00  1.625554692E-01 -1.307121901E+03 
       303  5.349650000E-01  5.060440000E-02  1.000000000E+00  1.150885659E-01 -3.871200249E+02 
       304  4.939080000E-01  5.332060000E-02  1.000000000E+00  1.179821941E-01 -4.342010727E+02 
       305  1.650180000E-01  5.486620000E-02  1.000000000E+00  1.534144072E-01 -1.101963560E+03 
       306  4.528280000E-01  5.566140000E-02  1.000000000E+00  1.210356986E-01 -4.852227358E+02 
       307  4.117260000E-01  5.757270000E-02  1.000000000E+00  1.243002214E-01 -5.410839900E+02 
       308  2.060650000E-01  5.771190000E-02  1.000000000E+00  1.464661648E-01 -9.574866934E+02 
       309  3.706030000E-01  5.898830000E-02  1.000000000E+00  1.278267042E-01 -6.029684216E+02 
       310  2.471780000E-01  5.933890000E-02  1.000000000E+00  1.407952608E-01 -8.448724092E+02 
       311  3.294650000E-01  5.982680000E-02  1.000000000E+00  1.316830416E-01 -6.724706928E+02 
       312  2.883190000E-01  5.998690000E-02  1.000000000E+00  1.359525490E-01 -7.519160845E+02 
