ICEM CFD/CAE - Version 3.3.0.1 - Complete Topology
Origin ICEM CFD - version 23.1
DOMAINS DATA
3
1 2 3 4 5 6 1
-1 1 -2 2 -3 3 
7 8 9 10 11 12 15
-1 1 -2 2 -3 3 
13 14 15 16 17 18 29
-1 1 -2 2 -3 3 
18
1 2 6 7 8 9 10 11 12 13 14 15 16 17 18 
19 20 21 22 
1 
2 3 5 6 
4 
7 
8 
9 
1 
10 
11 
12 
13 
14 
2 
15 
11 
16 
17 
18 
18
0 1 2 5 6 7 35 4 1 2 
0 7 8 11 12 13 35 4 3 4 
0 13 14 15 16 17 2 2 5 0 
0 17 20 21 24 25 4 77 6 0 
0 25 26 27 28 29 2 2 7 0 
0 29 30 31 32 33 2 2 8 0 
0 33 34 35 36 37 4 79 9 0 
0 37 40 41 42 43 79 35 10 0 
0 43 46 47 48 49 79 35 11 0 
0 49 50 51 52 53 35 4 12 0 
0 53 56 57 58 59 4 16 13 14 
0 59 60 61 62 63 4 16 15 0 
0 63 64 65 66 67 16 35 16 0 
0 67 68 69 70 71 16 35 17 0 
0 71 72 73 74 75 35 4 18 0 
0 75 76 77 78 79 4 16 19 0 
0 79 80 81 82 83 16 35 20 0 
0 83 84 85 86 87 16 35 21 0 
11 2 3 1 1 
21 2 3 1 1 
12 2 3 1 1 
31 2 3 1 1 
12 3 1 1 2 
13 3 1 1 2 
12 3 1 1 1 
12 3 1 1 3 
14 3 1 1 1 
15 1 2 1 1 
16 1 2 1 1 
22 2 3 1 1 
23 3 1 1 1 
33 3 1 1 1 
24 3 1 1 1 
25 1 2 1 1 
26 1 2 1 1 
32 2 3 1 1 
34 3 1 1 1 
35 1 2 1 1 
36 1 2 1 1 
1 79 1 35 1 4 
1 16 1 35 1 4 
1 16 1 35 1 4 
0 0 0 
1 2 4 5 6 3 7 2 4 5 
9 8 4 12 13 14 11 13 15 17 
19 20 21 18 19 22 2 23 21 24 
5 25 3 26 8 27 10 22 17 1 
26 7 16 25 18 6 27 9 28 29 
31 30 2 4 5 32 29 33 3 34 
30 35 32 1 34 28 33 6 35 31 
36 29 38 37 8 39 37 40 32 7 
39 36 33 9 40 38 
40
35 2 4 2 2 35 35 4 35 2 2 2 2 2 2 2 77 77 2 2 
2 2 2 2 2 79 79 35 4 4 35 16 16 16 16 35 4 35 16 16 
1 14
1 2 1 1 1 
2 3 1 2 1 
-1 2 -1 1 1 
-1 3 -2 2 1 
-1 2 -1 2 1 
-1 2 -1 3 1 
-1 3 -2 4 1 
-1 2 -1 4 1 
-1 3 -2 5 1 
-1 2 -1 5 1 
-1 2 -1 6 1 
-2 3 -2 7 1 
-2 3 -2 8 1 
-2 3 -2 9 1 
2 14
1 1 1 1 1 
3 3 3 11 1 
-1 1 -1 1 1 
-1 3 -2 2 1 
-1 1 -1 2 1 
-1 1 -1 3 1 
-1 3 -2 4 1 
-1 1 -1 4 1 
-1 3 -2 5 1 
-1 1 -1 5 1 
-1 1 -1 6 1 
-10 3 -11 29 1 
-11 3 -11 32 1 
-11 3 -11 33 1 
3 14
1 1 2 2 1 
3 2 3 11 1 
-2 2 -1 2 1 
-2 1 -1 2 1 
-2 2 -1 4 1 
-2 1 -1 4 1 
-2 2 -1 5 1 
-2 1 -1 5 1 
-2 1 -2 7 1 
-2 1 -2 8 1 
-2 1 -2 9 1 
-11 2 -10 29 1 
-11 2 -11 32 1 
-11 2 -11 33 1 
VERTICES DATA - NUMBER OF VERTICES :
22
1 1 3 EN0
2 1 2 EN1
3 3 6 EN2
4 2 4 EN3
5 4 5 EN4
6 5 6 EN5
7 1 7 EN6
8 7 8 EN7
9 5 8 EN8
10 1 10 EN9
11 10 9 EN10
12 2 9 EN11
13 9 11 EN12
14 4 11 EN13
15 11 12 EN14
16 5 12 EN15
17 10 14 EN16
18 12 16 EN17
19 14 13 EN18
20 13 15 EN19
21 15 16 EN20
22 14 1 EN21
23 13 2 EN22
24 15 4 EN23
25 16 5 EN24
26 3 7 EN25
27 6 8 EN26
28 17 18 EN27
29 17 19 EN28
30 18 20 EN29
31 19 20 EN30
32 1 17 EN31
33 5 19 EN32
34 3 18 EN33
35 6 20 EN34
36 17 21 EN35
37 21 22 EN36
38 19 22 EN37
39 7 21 EN38
40 8 22 EN39
FREE SUBFACES DATA - NUMBER OF FREE SUBFACES :
0
LOOPS DATA - NUMBER OF LOOPS :
0
TWIN SUBFACES DATA
0
PERIODIC VERTEX DATA
0
PERIODIC EDGE DATA
0
PERIODIC SUBFACE DATA
0
