nodenumber     x-coordinate     y-coordinate     z-coordinate      mach-number         pressure 
         1  2.883190000E-01 -5.998690000E-02  0.000000000E+00  8.836167988E-02  1.575386910E+02 
         2  3.294650000E-01 -5.982680000E-02  0.000000000E+00  9.000492562E-02  1.370307870E+02 
         3  2.471780000E-01 -5.933890000E-02  0.000000000E+00  8.611101213E-02  1.848740705E+02 
         4  3.706030000E-01 -5.898830000E-02  0.000000000E+00  9.122392865E-02  1.215262561E+02 
         5  2.060650000E-01 -5.771190000E-02  0.000000000E+00  8.294284249E-02  2.218613419E+02 
         6  4.117260000E-01 -5.757270000E-02  0.000000000E+00  9.213622540E-02  1.097653749E+02 
         7  4.528280000E-01 -5.566140000E-02  0.000000000E+00  9.282037622E-02  1.008620342E+02 
         8  1.650180000E-01 -5.486620000E-02  0.000000000E+00  7.828756077E-02  2.730918499E+02 
         9  4.939080000E-01 -5.332060000E-02  0.000000000E+00  9.333160259E-02  9.417136872E+01 
        10  5.349650000E-01 -5.060440000E-02  0.000000000E+00  9.370761687E-02  8.922319610E+01 
        11  1.241140000E-01 -5.043730000E-02  0.000000000E+00  7.090639878E-02  3.486612150E+02 
        12  5.759990000E-01 -4.755650000E-02  0.000000000E+00  9.397361418E-02  8.569818034E+01 
        13  6.170090000E-01 -4.421250000E-02  0.000000000E+00  9.414933463E-02  8.336167270E+01 
        14  8.351470000E-02 -4.379180000E-02  0.000000000E+00  5.971839140E-02  4.507790376E+02 
        15  6.579970000E-01 -4.059990000E-02  0.000000000E+00  9.424657992E-02  8.204824529E+01 
        16  5.488770000E-02 -3.697740000E-02  0.000000000E+00  4.573835199E-02  5.557905362E+02 
        17  6.989630000E-01 -3.673990000E-02  0.000000000E+00  9.427126121E-02  8.177057054E+01 
        18  7.399050000E-01 -3.264710000E-02  0.000000000E+00  9.420879231E-02  8.266165096E+01 
        19  3.777470000E-02 -3.147510000E-02  0.000000000E+00  3.006895606E-02  6.404023674E+02 
        20  7.808250000E-01 -2.833060000E-02  0.000000000E+00  9.404002040E-02  8.491096509E+01 
        21  2.634450000E-02 -2.677890000E-02  0.000000000E+00  1.274936313E-02  6.941798628E+02 
        22  8.217210000E-01 -2.379390000E-02  0.000000000E+00  9.374085356E-02  8.894227031E+01 
        23  1.821900000E-02 -2.259850000E-02  0.000000000E+00  8.151031023E-03  7.062216397E+02 
        24  1.318260000E-02 -1.942040000E-02  0.000000000E+00  2.157599498E-02  6.716074432E+02 
        25  8.625920000E-01 -1.903530000E-02  0.000000000E+00  9.324553637E-02  9.548849752E+01 
        26  9.850590000E-03 -1.691540000E-02  0.000000000E+00  3.891940906E-02  5.967726875E+02 
        27  7.411530000E-03 -1.476420000E-02  0.000000000E+00  5.572235582E-02  4.836476061E+02 
        28  9.034350000E-01 -1.404860000E-02  0.000000000E+00  9.252440182E-02  1.052242858E+02 
        29  5.510960000E-03 -1.280140000E-02  0.000000000E+00  7.278289887E-02  3.274687736E+02 
        30  3.983540000E-03 -1.093890000E-02  0.000000000E+00  9.023948234E-02  1.241535326E+02 
        31  9.337850000E-01 -1.018640000E-02  0.000000000E+00  9.151033324E-02  1.185337648E+02 
        32  2.745270000E-03 -9.124550000E-03  0.000000000E+00  1.081379967E-01 -1.307802643E+02 
        33  1.752850000E-03 -7.324960000E-03  0.000000000E+00  1.264235600E-01 -4.401011079E+02 
        34  9.641170000E-01 -6.185660000E-03  0.000000000E+00  8.994912757E-02  1.385458769E+02 
        35  9.860190000E-04 -5.518970000E-03  0.000000000E+00  1.448202111E-01 -7.966927628E+02 
        36  4.384000000E-04 -3.696570000E-03  0.000000000E+00  1.629601981E-01 -1.192035530E+03 
        37  9.885790000E-01 -2.851310000E-03  0.000000000E+00  8.703283325E-02  1.610724285E+02 
        38  1.095110000E-04 -1.855900000E-03  0.000000000E+00  1.802404061E-01 -1.612232044E+03 
        39  0.000000000E+00  0.000000000E+00  0.000000000E+00  1.960644871E-01 -2.030930348E+03 
        40  1.008950000E+00  0.000000000E+00  0.000000000E+00  7.980751494E-02  1.910887370E+02 
        41  1.095110000E-04  1.855900000E-03  0.000000000E+00  2.098071612E-01 -2.424745692E+03 
        42  9.885790000E-01  2.851310000E-03  0.000000000E+00  7.815240233E-02  1.274734938E+02 
        43  4.384000000E-04  3.696570000E-03  0.000000000E+00  2.208497920E-01 -2.764981243E+03 
        44  9.860190000E-04  5.518970000E-03  0.000000000E+00  2.289005516E-01 -3.024752796E+03 
        45  9.641170000E-01  6.185660000E-03  0.000000000E+00  8.450370995E-02  7.462812373E+01 
        46  1.752850000E-03  7.324960000E-03  0.000000000E+00  2.339916254E-01 -3.195221830E+03 
        47  2.745270000E-03  9.124550000E-03  0.000000000E+00  2.364559748E-01 -3.280179998E+03 
        48  9.337850000E-01  1.018640000E-02  0.000000000E+00  8.868186889E-02  2.423374062E+01 
        49  3.983540000E-03  1.093890000E-02  0.000000000E+00  2.367187949E-01 -3.292057362E+03 
        50  5.510960000E-03  1.280140000E-02  0.000000000E+00  2.351267491E-01 -3.244477835E+03 
        51  9.034350000E-01  1.404860000E-02  0.000000000E+00  9.205459262E-02 -1.896754407E+01 
        52  7.411530000E-03  1.476420000E-02  0.000000000E+00  2.319535147E-01 -3.147199242E+03 
        53  9.850590000E-03  1.691540000E-02  0.000000000E+00  2.273040154E-01 -3.005611307E+03 
        54  8.625920000E-01  1.903530000E-02  0.000000000E+00  9.523586848E-02 -6.123547091E+01 
        55  1.318260000E-02  1.942040000E-02  0.000000000E+00  2.210779118E-01 -2.814850240E+03 
        56  1.821900000E-02  2.259850000E-02  0.000000000E+00  2.127811156E-01 -2.575982905E+03 
        57  8.217210000E-01  2.379390000E-02  0.000000000E+00  9.819578648E-02 -1.012002253E+02 
        58  2.634450000E-02  2.677890000E-02  0.000000000E+00  2.026076186E-01 -2.299376232E+03 
        59  7.808250000E-01  2.833060000E-02  0.000000000E+00  1.008488050E-01 -1.383518552E+02 
        60  3.777470000E-02  3.147510000E-02  0.000000000E+00  1.916583205E-01 -2.004778275E+03 
        61  7.399050000E-01  3.264710000E-02  0.000000000E+00  1.033386717E-01 -1.740923331E+02 
        62  6.989630000E-01  3.673990000E-02  0.000000000E+00  1.057582774E-01 -2.094692957E+02 
        63  5.488770000E-02  3.697740000E-02  0.000000000E+00  1.803270640E-01 -1.712068862E+03 
        64  6.579970000E-01  4.059990000E-02  0.000000000E+00  1.081449614E-01 -2.452808310E+02 
        65  8.351470000E-02  4.379180000E-02  0.000000000E+00  1.688209154E-01 -1.428123192E+03 
        66  6.170090000E-01  4.421250000E-02  0.000000000E+00  1.105499318E-01 -2.821616387E+02 
        67  5.759990000E-01  4.755650000E-02  0.000000000E+00  1.130154308E-01 -3.206812608E+02 
        68  1.241140000E-01  5.043730000E-02  0.000000000E+00  1.584105354E-01 -1.182306324E+03 
        69  5.349650000E-01  5.060440000E-02  0.000000000E+00  1.155663851E-01 -3.614045077E+02 
        70  4.939080000E-01  5.332060000E-02  0.000000000E+00  1.182289488E-01 -4.049180756E+02 
        71  1.650180000E-01  5.486620000E-02  0.000000000E+00  1.503103599E-01 -1.004275951E+03 
        72  4.528280000E-01  5.566140000E-02  0.000000000E+00  1.210339148E-01 -4.518950888E+02 
        73  4.117260000E-01  5.757270000E-02  0.000000000E+00  1.240262494E-01 -5.031111393E+02 
        74  2.060650000E-01  5.771190000E-02  0.000000000E+00  1.441074082E-01 -8.773350602E+02 
        75  3.706030000E-01  5.898830000E-02  0.000000000E+00  1.272498352E-01 -5.595708704E+02 
        76  2.471780000E-01  5.933890000E-02  0.000000000E+00  1.390130987E-01 -7.774278220E+02 
        77  3.294650000E-01  5.982680000E-02  0.000000000E+00  1.307633168E-01 -6.226291529E+02 
        78  2.883190000E-01  5.998690000E-02  0.000000000E+00  1.346383791E-01 -6.942473863E+02 
        79  2.883190000E-01 -5.998690000E-02  1.666670000E-01  8.836168010E-02  1.575386880E+02 
        80  3.294650000E-01 -5.982680000E-02  1.666670000E-01  9.000492630E-02  1.370307781E+02 
        81  2.471780000E-01 -5.933890000E-02  1.666670000E-01  8.611101185E-02  1.848740736E+02 
        82  3.706030000E-01 -5.898830000E-02  1.666670000E-01  9.122392966E-02  1.215262436E+02 
        83  2.060650000E-01 -5.771190000E-02  1.666670000E-01  8.294284183E-02  2.218613494E+02 
        84  4.117260000E-01 -5.757270000E-02  1.666670000E-01  9.213622682E-02  1.097653536E+02 
        85  4.528280000E-01 -5.566140000E-02  1.666670000E-01  9.282037770E-02  1.008619934E+02 
        86  1.650180000E-01 -5.486620000E-02  1.666670000E-01  7.828755849E-02  2.730918743E+02 
        87  4.939080000E-01 -5.332060000E-02  1.666670000E-01  9.333160960E-02  9.417128486E+01 
        88  5.349650000E-01 -5.060440000E-02  1.666670000E-01  9.370764378E-02  8.922302101E+01 
        89  1.241140000E-01 -5.043730000E-02  1.666670000E-01  7.090639380E-02  3.486612646E+02 
        90  5.759990000E-01 -4.755650000E-02  1.666670000E-01  9.397362288E-02  8.569787340E+01 
        91  6.170090000E-01 -4.421250000E-02  1.666670000E-01  9.414929838E-02  8.336209360E+01 
        92  8.351470000E-02 -4.379180000E-02  1.666670000E-01  5.971838138E-02  4.507791233E+02 
        93  6.579970000E-01 -4.059990000E-02  1.666670000E-01  9.424655087E-02  8.204886279E+01 
        94  5.488770000E-02 -3.697740000E-02  1.666670000E-01  4.573834022E-02  5.557906140E+02 
        95  6.989630000E-01 -3.673990000E-02  1.666670000E-01  9.427126562E-02  8.177046404E+01 
        96  7.399050000E-01 -3.264710000E-02  1.666670000E-01  9.420881130E-02  8.266145789E+01 
        97  3.777470000E-02 -3.147510000E-02  1.666670000E-01  3.006894584E-02  6.404024116E+02 
        98  7.808250000E-01 -2.833060000E-02  1.666670000E-01  9.404003819E-02  8.491081890E+01 
        99  2.634450000E-02 -2.677890000E-02  1.666670000E-01  1.274935836E-02  6.941798724E+02 
       100  8.217210000E-01 -2.379390000E-02  1.666670000E-01  9.374080245E-02  8.894218114E+01 
       101  1.821900000E-02 -2.259850000E-02  1.666670000E-01  8.151032985E-03  7.062216370E+02 
       102  1.318260000E-02 -1.942040000E-02  1.666670000E-01  2.157600817E-02  6.716074012E+02 
       103  8.625920000E-01 -1.903530000E-02  1.666670000E-01  9.324541424E-02  9.548847347E+01 
       104  9.850590000E-03 -1.691540000E-02  1.666670000E-01  3.891942763E-02  5.967725848E+02 
       105  7.411530000E-03 -1.476420000E-02  1.666670000E-01  5.572237536E-02  4.836474511E+02 
       106  9.034350000E-01 -1.404860000E-02  1.666670000E-01  9.252531594E-02  1.052238178E+02 
       107  5.510960000E-03 -1.280140000E-02  1.666670000E-01  7.278291716E-02  3.274685844E+02 
       108  3.983540000E-03 -1.093890000E-02  1.666670000E-01  9.023949775E-02  1.241533335E+02 
       109  9.337850000E-01 -1.018640000E-02  1.666670000E-01  9.151358519E-02  1.185484758E+02 
       110  2.745270000E-03 -9.124550000E-03  1.666670000E-01  1.081380086E-01 -1.307804482E+02 
       111  1.752850000E-03 -7.324960000E-03  1.666670000E-01  1.264235680E-01 -4.401012544E+02 
       112  9.641170000E-01 -6.185660000E-03  1.666670000E-01  8.992977286E-02  1.385880314E+02 
       113  9.860190000E-04 -5.518970000E-03  1.666670000E-01  1.448202158E-01 -7.966928598E+02 
       114  4.384000000E-04 -3.696570000E-03  1.666670000E-01  1.629602004E-01 -1.192035583E+03 
       115  9.885790000E-01 -2.851310000E-03  1.666670000E-01  8.691271464E-02  1.609124291E+02 
       116  1.095110000E-04 -1.855900000E-03  1.666670000E-01  1.802404068E-01 -1.612232063E+03 
       117  0.000000000E+00  0.000000000E+00  1.666670000E-01  1.960644872E-01 -2.030930348E+03 
       118  1.008950000E+00  0.000000000E+00  1.666670000E-01  7.953433455E-02  1.614945845E+02 
       119  1.095110000E-04  1.855900000E-03  1.666670000E-01  2.098071607E-01 -2.424745675E+03 
       120  9.885790000E-01  2.851310000E-03  1.666670000E-01  7.815421274E-02  1.274578094E+02 
       121  4.384000000E-04  3.696570000E-03  1.666670000E-01  2.208497908E-01 -2.764981205E+03 
       122  9.860190000E-04  5.518970000E-03  1.666670000E-01  2.289005500E-01 -3.024752741E+03 
       123  9.641170000E-01  6.185660000E-03  1.666670000E-01  8.450497344E-02  7.461081260E+01 
       124  1.752850000E-03  7.324960000E-03  1.666670000E-01  2.339916238E-01 -3.195221777E+03 
       125  2.745270000E-03  9.124550000E-03  1.666670000E-01  2.364559740E-01 -3.280179970E+03 
       126  9.337850000E-01  1.018640000E-02  1.666670000E-01  8.868280305E-02  2.422290909E+01 
       127  3.983540000E-03  1.093890000E-02  1.666670000E-01  2.367187956E-01 -3.292057380E+03 
       128  5.510960000E-03  1.280140000E-02  1.666670000E-01  2.351267517E-01 -3.244477914E+03 
       129  9.034350000E-01  1.404860000E-02  1.666670000E-01  9.205508993E-02 -1.897427517E+01 
       130  7.411530000E-03  1.476420000E-02  1.666670000E-01  2.319535193E-01 -3.147199382E+03 
       131  9.850590000E-03  1.691540000E-02  1.666670000E-01  2.273040214E-01 -3.005611488E+03 
       132  8.625920000E-01  1.903530000E-02  1.666670000E-01  9.523613676E-02 -6.123939594E+01 
       133  1.318260000E-02  1.942040000E-02  1.666670000E-01  2.210779170E-01 -2.814850402E+03 
       134  1.821900000E-02  2.259850000E-02  1.666670000E-01  2.127811177E-01 -2.575982963E+03 
       135  8.217210000E-01  2.379390000E-02  1.666670000E-01  9.819593847E-02 -1.012025401E+02 
       136  2.634450000E-02  2.677890000E-02  1.666670000E-01  2.026076215E-01 -2.299376310E+03 
       137  7.808250000E-01  2.833060000E-02  1.666670000E-01  1.008488967E-01 -1.383532605E+02 
       138  3.777470000E-02  3.147510000E-02  1.666670000E-01  1.916583274E-01 -2.004778459E+03 
       139  7.399050000E-01  3.264710000E-02  1.666670000E-01  1.033387275E-01 -1.740932094E+02 
       140  6.989630000E-01  3.673990000E-02  1.666670000E-01  1.057583116E-01 -2.094698467E+02 
       141  5.488770000E-02  3.697740000E-02  1.666670000E-01  1.803270733E-01 -1.712069094E+03 
       142  6.579970000E-01  4.059990000E-02  1.666670000E-01  1.081449829E-01 -2.452811857E+02 
       143  8.351470000E-02  4.379180000E-02  1.666670000E-01  1.688209243E-01 -1.428123406E+03 
       144  6.170090000E-01  4.421250000E-02  1.666670000E-01  1.105499454E-01 -2.821618687E+02 
       145  5.759990000E-01  4.755650000E-02  1.666670000E-01  1.130154396E-01 -3.206814125E+02 
       146  1.241140000E-01  5.043730000E-02  1.666670000E-01  1.584105406E-01 -1.182306441E+03 
       147  5.349650000E-01  5.060440000E-02  1.666670000E-01  1.155663908E-01 -3.614046083E+02 
       148  4.939080000E-01  5.332060000E-02  1.666670000E-01  1.182289524E-01 -4.049181414E+02 
       149  1.650180000E-01  5.486620000E-02  1.666670000E-01  1.503103630E-01 -1.004276014E+03 
       150  4.528280000E-01  5.566140000E-02  1.666670000E-01  1.210339174E-01 -4.518951379E+02 
       151  4.117260000E-01  5.757270000E-02  1.666670000E-01  1.240262513E-01 -5.031111750E+02 
       152  2.060650000E-01  5.771190000E-02  1.666670000E-01  1.441074096E-01 -8.773350873E+02 
       153  3.706030000E-01  5.898830000E-02  1.666670000E-01  1.272498364E-01 -5.595708931E+02 
       154  2.471780000E-01  5.933890000E-02  1.666670000E-01  1.390130998E-01 -7.774278445E+02 
       155  3.294650000E-01  5.982680000E-02  1.666670000E-01  1.307633173E-01 -6.226291620E+02 
       156  2.883190000E-01  5.998690000E-02  1.666670000E-01  1.346383798E-01 -6.942474002E+02 
       157  2.883190000E-01 -5.998690000E-02  3.333330000E-01  8.836168010E-02  1.575386880E+02 
       158  3.294650000E-01 -5.982680000E-02  3.333330000E-01  9.000492630E-02  1.370307781E+02 
       159  2.471780000E-01 -5.933890000E-02  3.333330000E-01  8.611101185E-02  1.848740736E+02 
       160  3.706030000E-01 -5.898830000E-02  3.333330000E-01  9.122392966E-02  1.215262436E+02 
       161  2.060650000E-01 -5.771190000E-02  3.333330000E-01  8.294284183E-02  2.218613494E+02 
       162  4.117260000E-01 -5.757270000E-02  3.333330000E-01  9.213622682E-02  1.097653536E+02 
       163  4.528280000E-01 -5.566140000E-02  3.333330000E-01  9.282037771E-02  1.008619934E+02 
       164  1.650180000E-01 -5.486620000E-02  3.333330000E-01  7.828755849E-02  2.730918743E+02 
       165  4.939080000E-01 -5.332060000E-02  3.333330000E-01  9.333160960E-02  9.417128486E+01 
       166  5.349650000E-01 -5.060440000E-02  3.333330000E-01  9.370764378E-02  8.922302102E+01 
       167  1.241140000E-01 -5.043730000E-02  3.333330000E-01  7.090639380E-02  3.486612646E+02 
       168  5.759990000E-01 -4.755650000E-02  3.333330000E-01  9.397362288E-02  8.569787341E+01 
       169  6.170090000E-01 -4.421250000E-02  3.333330000E-01  9.414929839E-02  8.336209361E+01 
       170  8.351470000E-02 -4.379180000E-02  3.333330000E-01  5.971838138E-02  4.507791233E+02 
       171  6.579970000E-01 -4.059990000E-02  3.333330000E-01  9.424655087E-02  8.204886280E+01 
       172  5.488770000E-02 -3.697740000E-02  3.333330000E-01  4.573834022E-02  5.557906140E+02 
       173  6.989630000E-01 -3.673990000E-02  3.333330000E-01  9.427126562E-02  8.177046405E+01 
       174  7.399050000E-01 -3.264710000E-02  3.333330000E-01  9.420881130E-02  8.266145791E+01 
       175  3.777470000E-02 -3.147510000E-02  3.333330000E-01  3.006894584E-02  6.404024116E+02 
       176  7.808250000E-01 -2.833060000E-02  3.333330000E-01  9.404003819E-02  8.491081893E+01 
       177  2.634450000E-02 -2.677890000E-02  3.333330000E-01  1.274935836E-02  6.941798724E+02 
       178  8.217210000E-01 -2.379390000E-02  3.333330000E-01  9.374080244E-02  8.894218118E+01 
       179  1.821900000E-02 -2.259850000E-02  3.333330000E-01  8.151032985E-03  7.062216370E+02 
       180  1.318260000E-02 -1.942040000E-02  3.333330000E-01  2.157600817E-02  6.716074012E+02 
       181  8.625920000E-01 -1.903530000E-02  3.333330000E-01  9.324541424E-02  9.548847351E+01 
       182  9.850590000E-03 -1.691540000E-02  3.333330000E-01  3.891942763E-02  5.967725848E+02 
       183  7.411530000E-03 -1.476420000E-02  3.333330000E-01  5.572237536E-02  4.836474511E+02 
       184  9.034350000E-01 -1.404860000E-02  3.333330000E-01  9.252531594E-02  1.052238179E+02 
       185  5.510960000E-03 -1.280140000E-02  3.333330000E-01  7.278291717E-02  3.274685844E+02 
       186  3.983540000E-03 -1.093890000E-02  3.333330000E-01  9.023949775E-02  1.241533335E+02 
       187  9.337850000E-01 -1.018640000E-02  3.333330000E-01  9.151358518E-02  1.185484759E+02 
       188  2.745270000E-03 -9.124550000E-03  3.333330000E-01  1.081380086E-01 -1.307804482E+02 
       189  1.752850000E-03 -7.324960000E-03  3.333330000E-01  1.264235680E-01 -4.401012544E+02 
       190  9.641170000E-01 -6.185660000E-03  3.333330000E-01  8.992977285E-02  1.385880315E+02 
       191  9.860190000E-04 -5.518970000E-03  3.333330000E-01  1.448202158E-01 -7.966928598E+02 
       192  4.384000000E-04 -3.696570000E-03  3.333330000E-01  1.629602004E-01 -1.192035583E+03 
       193  9.885790000E-01 -2.851310000E-03  3.333330000E-01  8.691271463E-02  1.609124292E+02 
       194  1.095110000E-04 -1.855900000E-03  3.333330000E-01  1.802404068E-01 -1.612232063E+03 
       195  0.000000000E+00  0.000000000E+00  3.333330000E-01  1.960644872E-01 -2.030930348E+03 
       196  1.008950000E+00  0.000000000E+00  3.333330000E-01  7.953433458E-02  1.614945843E+02 
       197  1.095110000E-04  1.855900000E-03  3.333330000E-01  2.098071607E-01 -2.424745675E+03 
       198  9.885790000E-01  2.851310000E-03  3.333330000E-01  7.815421280E-02  1.274578091E+02 
       199  4.384000000E-04  3.696570000E-03  3.333330000E-01  2.208497908E-01 -2.764981205E+03 
       200  9.860190000E-04  5.518970000E-03  3.333330000E-01  2.289005500E-01 -3.024752741E+03 
       201  9.641170000E-01  6.185660000E-03  3.333330000E-01  8.450497348E-02  7.461081244E+01 
       202  1.752850000E-03  7.324960000E-03  3.333330000E-01  2.339916238E-01 -3.195221777E+03 
       203  2.745270000E-03  9.124550000E-03  3.333330000E-01  2.364559740E-01 -3.280179970E+03 
       204  9.337850000E-01  1.018640000E-02  3.333330000E-01  8.868280308E-02  2.422290898E+01 
       205  3.983540000E-03  1.093890000E-02  3.333330000E-01  2.367187956E-01 -3.292057380E+03 
       206  5.510960000E-03  1.280140000E-02  3.333330000E-01  2.351267517E-01 -3.244477914E+03 
       207  9.034350000E-01  1.404860000E-02  3.333330000E-01  9.205508995E-02 -1.897427524E+01 
       208  7.411530000E-03  1.476420000E-02  3.333330000E-01  2.319535193E-01 -3.147199382E+03 
       209  9.850590000E-03  1.691540000E-02  3.333330000E-01  2.273040214E-01 -3.005611488E+03 
       210  8.625920000E-01  1.903530000E-02  3.333330000E-01  9.523613677E-02 -6.123939599E+01 
       211  1.318260000E-02  1.942040000E-02  3.333330000E-01  2.210779171E-01 -2.814850402E+03 
       212  1.821900000E-02  2.259850000E-02  3.333330000E-01  2.127811177E-01 -2.575982963E+03 
       213  8.217210000E-01  2.379390000E-02  3.333330000E-01  9.819593849E-02 -1.012025402E+02 
       214  2.634450000E-02  2.677890000E-02  3.333330000E-01  2.026076215E-01 -2.299376310E+03 
       215  7.808250000E-01  2.833060000E-02  3.333330000E-01  1.008488967E-01 -1.383532605E+02 
       216  3.777470000E-02  3.147510000E-02  3.333330000E-01  1.916583274E-01 -2.004778459E+03 
       217  7.399050000E-01  3.264710000E-02  3.333330000E-01  1.033387275E-01 -1.740932094E+02 
       218  6.989630000E-01  3.673990000E-02  3.333330000E-01  1.057583116E-01 -2.094698467E+02 
       219  5.488770000E-02  3.697740000E-02  3.333330000E-01  1.803270733E-01 -1.712069094E+03 
       220  6.579970000E-01  4.059990000E-02  3.333330000E-01  1.081449829E-01 -2.452811857E+02 
       221  8.351470000E-02  4.379180000E-02  3.333330000E-01  1.688209243E-01 -1.428123406E+03 
       222  6.170090000E-01  4.421250000E-02  3.333330000E-01  1.105499454E-01 -2.821618687E+02 
       223  5.759990000E-01  4.755650000E-02  3.333330000E-01  1.130154396E-01 -3.206814125E+02 
       224  1.241140000E-01  5.043730000E-02  3.333330000E-01  1.584105406E-01 -1.182306441E+03 
       225  5.349650000E-01  5.060440000E-02  3.333330000E-01  1.155663908E-01 -3.614046083E+02 
       226  4.939080000E-01  5.332060000E-02  3.333330000E-01  1.182289524E-01 -4.049181413E+02 
       227  1.650180000E-01  5.486620000E-02  3.333330000E-01  1.503103630E-01 -1.004276014E+03 
       228  4.528280000E-01  5.566140000E-02  3.333330000E-01  1.210339174E-01 -4.518951379E+02 
       229  4.117260000E-01  5.757270000E-02  3.333330000E-01  1.240262513E-01 -5.031111750E+02 
       230  2.060650000E-01  5.771190000E-02  3.333330000E-01  1.441074096E-01 -8.773350873E+02 
       231  3.706030000E-01  5.898830000E-02  3.333330000E-01  1.272498364E-01 -5.595708931E+02 
       232  2.471780000E-01  5.933890000E-02  3.333330000E-01  1.390130998E-01 -7.774278445E+02 
       233  3.294650000E-01  5.982680000E-02  3.333330000E-01  1.307633173E-01 -6.226291620E+02 
       234  2.883190000E-01  5.998690000E-02  3.333330000E-01  1.346383798E-01 -6.942474002E+02 
       235  2.883190000E-01 -5.998690000E-02  5.000000000E-01  8.836167988E-02  1.575386910E+02 
       236  3.294650000E-01 -5.982680000E-02  5.000000000E-01  9.000492562E-02  1.370307870E+02 
       237  2.471780000E-01 -5.933890000E-02  5.000000000E-01  8.611101213E-02  1.848740705E+02 
       238  3.706030000E-01 -5.898830000E-02  5.000000000E-01  9.122392865E-02  1.215262561E+02 
       239  2.060650000E-01 -5.771190000E-02  5.000000000E-01  8.294284249E-02  2.218613419E+02 
       240  4.117260000E-01 -5.757270000E-02  5.000000000E-01  9.213622540E-02  1.097653749E+02 
       241  4.528280000E-01 -5.566140000E-02  5.000000000E-01  9.282037623E-02  1.008620342E+02 
       242  1.650180000E-01 -5.486620000E-02  5.000000000E-01  7.828756077E-02  2.730918499E+02 
       243  4.939080000E-01 -5.332060000E-02  5.000000000E-01  9.333160259E-02  9.417136873E+01 
       244  5.349650000E-01 -5.060440000E-02  5.000000000E-01  9.370761687E-02  8.922319612E+01 
       245  1.241140000E-01 -5.043730000E-02  5.000000000E-01  7.090639878E-02  3.486612150E+02 
       246  5.759990000E-01 -4.755650000E-02  5.000000000E-01  9.397361418E-02  8.569818036E+01 
       247  6.170090000E-01 -4.421250000E-02  5.000000000E-01  9.414933463E-02  8.336167272E+01 
       248  8.351470000E-02 -4.379180000E-02  5.000000000E-01  5.971839140E-02  4.507790377E+02 
       249  6.579970000E-01 -4.059990000E-02  5.000000000E-01  9.424657992E-02  8.204824531E+01 
       250  5.488770000E-02 -3.697740000E-02  5.000000000E-01  4.573835199E-02  5.557905362E+02 
       251  6.989630000E-01 -3.673990000E-02  5.000000000E-01  9.427126121E-02  8.177057057E+01 
       252  7.399050000E-01 -3.264710000E-02  5.000000000E-01  9.420879231E-02  8.266165100E+01 
       253  3.777470000E-02 -3.147510000E-02  5.000000000E-01  3.006895606E-02  6.404023675E+02 
       254  7.808250000E-01 -2.833060000E-02  5.000000000E-01  9.404002040E-02  8.491096514E+01 
       255  2.634450000E-02 -2.677890000E-02  5.000000000E-01  1.274936312E-02  6.941798629E+02 
       256  8.217210000E-01 -2.379390000E-02  5.000000000E-01  9.374085356E-02  8.894227038E+01 
       257  1.821900000E-02 -2.259850000E-02  5.000000000E-01  8.151031024E-03  7.062216397E+02 
       258  1.318260000E-02 -1.942040000E-02  5.000000000E-01  2.157599498E-02  6.716074432E+02 
       259  8.625920000E-01 -1.903530000E-02  5.000000000E-01  9.324553637E-02  9.548849761E+01 
       260  9.850590000E-03 -1.691540000E-02  5.000000000E-01  3.891940907E-02  5.967726875E+02 
       261  7.411530000E-03 -1.476420000E-02  5.000000000E-01  5.572235583E-02  4.836476060E+02 
       262  9.034350000E-01 -1.404860000E-02  5.000000000E-01  9.252440181E-02  1.052242859E+02 
       263  5.510960000E-03 -1.280140000E-02  5.000000000E-01  7.278289888E-02  3.274687735E+02 
       264  3.983540000E-03 -1.093890000E-02  5.000000000E-01  9.023948235E-02  1.241535325E+02 
       265  9.337850000E-01 -1.018640000E-02  5.000000000E-01  9.151033323E-02  1.185337650E+02 
       266  2.745270000E-03 -9.124550000E-03  5.000000000E-01  1.081379967E-01 -1.307802644E+02 
       267  1.752850000E-03 -7.324960000E-03  5.000000000E-01  1.264235600E-01 -4.401011080E+02 
       268  9.641170000E-01 -6.185660000E-03  5.000000000E-01  8.994912755E-02  1.385458770E+02 
       269  9.860190000E-04 -5.518970000E-03  5.000000000E-01  1.448202111E-01 -7.966927630E+02 
       270  4.384000000E-04 -3.696570000E-03  5.000000000E-01  1.629601981E-01 -1.192035530E+03 
       271  9.885790000E-01 -2.851310000E-03  5.000000000E-01  8.703283324E-02  1.610724287E+02 
       272  1.095110000E-04 -1.855900000E-03  5.000000000E-01  1.802404061E-01 -1.612232044E+03 
       273  0.000000000E+00  0.000000000E+00  5.000000000E-01  1.960644871E-01 -2.030930348E+03 
       274  1.008950000E+00  0.000000000E+00  5.000000000E-01  7.980751498E-02  1.910887366E+02 
       275  1.095110000E-04  1.855900000E-03  5.000000000E-01  2.098071613E-01 -2.424745692E+03 
       276  9.885790000E-01  2.851310000E-03  5.000000000E-01  7.815240246E-02  1.274734933E+02 
       277  4.384000000E-04  3.696570000E-03  5.000000000E-01  2.208497920E-01 -2.764981244E+03 
       278  9.860190000E-04  5.518970000E-03  5.000000000E-01  2.289005517E-01 -3.024752796E+03 
       279  9.641170000E-01  6.185660000E-03  5.000000000E-01  8.450371003E-02  7.462812340E+01 
       280  1.752850000E-03  7.324960000E-03  5.000000000E-01  2.339916254E-01 -3.195221831E+03 
       281  2.745270000E-03  9.124550000E-03  5.000000000E-01  2.364559748E-01 -3.280179998E+03 
       282  9.337850000E-01  1.018640000E-02  5.000000000E-01  8.868186895E-02  2.423374040E+01 
       283  3.983540000E-03  1.093890000E-02  5.000000000E-01  2.367187949E-01 -3.292057362E+03 
       284  5.510960000E-03  1.280140000E-02  5.000000000E-01  2.351267491E-01 -3.244477835E+03 
       285  9.034350000E-01  1.404860000E-02  5.000000000E-01  9.205459266E-02 -1.896754423E+01 
       286  7.411530000E-03  1.476420000E-02  5.000000000E-01  2.319535147E-01 -3.147199242E+03 
       287  9.850590000E-03  1.691540000E-02  5.000000000E-01  2.273040154E-01 -3.005611307E+03 
       288  8.625920000E-01  1.903530000E-02  5.000000000E-01  9.523586851E-02 -6.123547100E+01 
       289  1.318260000E-02  1.942040000E-02  5.000000000E-01  2.210779118E-01 -2.814850241E+03 
       290  1.821900000E-02  2.259850000E-02  5.000000000E-01  2.127811156E-01 -2.575982905E+03 
       291  8.217210000E-01  2.379390000E-02  5.000000000E-01  9.819578651E-02 -1.012002253E+02 
       292  2.634450000E-02  2.677890000E-02  5.000000000E-01  2.026076186E-01 -2.299376232E+03 
       293  7.808250000E-01  2.833060000E-02  5.000000000E-01  1.008488050E-01 -1.383518552E+02 
       294  3.777470000E-02  3.147510000E-02  5.000000000E-01  1.916583205E-01 -2.004778275E+03 
       295  7.399050000E-01  3.264710000E-02  5.000000000E-01  1.033386717E-01 -1.740923331E+02 
       296  6.989630000E-01  3.673990000E-02  5.000000000E-01  1.057582774E-01 -2.094692957E+02 
       297  5.488770000E-02  3.697740000E-02  5.000000000E-01  1.803270641E-01 -1.712068862E+03 
       298  6.579970000E-01  4.059990000E-02  5.000000000E-01  1.081449614E-01 -2.452808310E+02 
       299  8.351470000E-02  4.379180000E-02  5.000000000E-01  1.688209154E-01 -1.428123192E+03 
       300  6.170090000E-01  4.421250000E-02  5.000000000E-01  1.105499318E-01 -2.821616387E+02 
       301  5.759990000E-01  4.755650000E-02  5.000000000E-01  1.130154308E-01 -3.206812608E+02 
       302  1.241140000E-01  5.043730000E-02  5.000000000E-01  1.584105354E-01 -1.182306324E+03 
       303  5.349650000E-01  5.060440000E-02  5.000000000E-01  1.155663851E-01 -3.614045077E+02 
       304  4.939080000E-01  5.332060000E-02  5.000000000E-01  1.182289488E-01 -4.049180756E+02 
       305  1.650180000E-01  5.486620000E-02  5.000000000E-01  1.503103599E-01 -1.004275951E+03 
       306  4.528280000E-01  5.566140000E-02  5.000000000E-01  1.210339148E-01 -4.518950888E+02 
       307  4.117260000E-01  5.757270000E-02  5.000000000E-01  1.240262494E-01 -5.031111393E+02 
       308  2.060650000E-01  5.771190000E-02  5.000000000E-01  1.441074082E-01 -8.773350601E+02 
       309  3.706030000E-01  5.898830000E-02  5.000000000E-01  1.272498352E-01 -5.595708703E+02 
       310  2.471780000E-01  5.933890000E-02  5.000000000E-01  1.390130987E-01 -7.774278220E+02 
       311  3.294650000E-01  5.982680000E-02  5.000000000E-01  1.307633169E-01 -6.226291529E+02 
       312  2.883190000E-01  5.998690000E-02  5.000000000E-01  1.346383791E-01 -6.942473863E+02 
