nodenumber     x-coordinate     y-coordinate     z-coordinate      mach-number         pressure 
         1  2.883190000E-01 -5.998690000E-02  0.000000000E+00  1.672111071E-02 -4.954432845E+02 
         2  3.294650000E-01 -5.982680000E-02  0.000000000E+00  1.671327440E-02 -4.811299436E+02 
         3  2.471780000E-01 -5.933890000E-02  0.000000000E+00  1.591112726E-02 -5.211634523E+02 
         4  3.706030000E-01 -5.898830000E-02  0.000000000E+00  1.646028785E-02 -4.722197670E+02 
         5  2.060650000E-01 -5.771190000E-02  0.000000000E+00  1.277768134E-02 -5.717007206E+02 
         6  4.117260000E-01 -5.757270000E-02  0.000000000E+00  1.609080187E-02 -4.655840587E+02 
         7  4.528280000E-01 -5.566140000E-02  0.000000000E+00  1.562988147E-02 -4.602143175E+02 
         8  1.650180000E-01 -5.486620000E-02  0.000000000E+00  5.722801755E-03 -6.772900811E+02 
         9  4.939080000E-01 -5.332060000E-02  0.000000000E+00  1.519631550E-02 -4.559534422E+02 
        10  5.349650000E-01 -5.060440000E-02  0.000000000E+00  1.485606466E-02 -4.524701968E+02 
        11  1.241140000E-01 -5.043730000E-02  0.000000000E+00  1.205695642E-02 -9.016101431E+02 
        12  5.759990000E-01 -4.755650000E-02  0.000000000E+00  1.458227864E-02 -4.495311506E+02 
        13  6.170090000E-01 -4.421250000E-02  0.000000000E+00  1.436347580E-02 -4.470581121E+02 
        14  8.351470000E-02 -4.379180000E-02  0.000000000E+00  4.215828005E-02 -1.308254489E+03 
        15  6.579970000E-01 -4.059990000E-02  0.000000000E+00  1.422768936E-02 -4.450430362E+02 
        16  5.488770000E-02 -3.697740000E-02  0.000000000E+00  8.019030999E-02 -1.789265713E+03 
        17  6.989630000E-01 -3.673990000E-02  0.000000000E+00  1.421639392E-02 -4.434821638E+02 
        18  7.399050000E-01 -3.264710000E-02  0.000000000E+00  1.436553990E-02 -4.423717196E+02 
        19  3.777470000E-02 -3.147510000E-02  0.000000000E+00  1.165204651E-01 -2.275983594E+03 
        20  7.808250000E-01 -2.833060000E-02  0.000000000E+00  1.469227417E-02 -4.415648708E+02 
        21  2.634450000E-02 -2.677890000E-02  0.000000000E+00  1.482580875E-01 -2.798692670E+03 
        22  8.159680000E-01 -2.444550000E-02  0.000000000E+00  1.511435027E-02 -4.408678643E+02 
        23  1.821900000E-02 -2.259850000E-02  0.000000000E+00  1.761918943E-01 -3.339581576E+03 
        24  8.510930000E-01 -2.039720000E-02  0.000000000E+00  1.555825696E-02 -4.398700863E+02 
        25  1.318260000E-02 -1.942040000E-02  0.000000000E+00  2.005422626E-01 -3.865565132E+03 
        26  8.782860000E-01 -1.714700000E-02  0.000000000E+00  1.582612049E-02 -4.384064007E+02 
        27  9.850590000E-03 -1.691540000E-02  0.000000000E+00  2.224786914E-01 -4.359505871E+03 
        28  7.411530000E-03 -1.476420000E-02  0.000000000E+00  2.406608522E-01 -4.723576389E+03 
        29  9.009380000E-01 -1.436040000E-02  0.000000000E+00  1.588551791E-02 -4.366288325E+02 
        30  5.510960000E-03 -1.280140000E-02  0.000000000E+00  2.519061073E-01 -4.945809590E+03 
        31  9.198070000E-01 -1.198220000E-02  0.000000000E+00  1.578011948E-02 -4.346285745E+02 
        32  3.983540000E-03 -1.093890000E-02  0.000000000E+00  2.583515009E-01 -5.109932350E+03 
        33  9.355260000E-01 -9.960600000E-03  0.000000000E+00  1.551139370E-02 -4.323607020E+02 
        34  2.745270000E-03 -9.124550000E-03  0.000000000E+00  2.634311669E-01 -5.225582719E+03 
        35  9.486220000E-01 -8.247430000E-03  0.000000000E+00  1.507618454E-02 -4.299910309E+02 
        36  1.752850000E-03 -7.324960000E-03  0.000000000E+00  2.665724261E-01 -5.262987371E+03 
        37  9.595320000E-01 -6.799650000E-03  0.000000000E+00  1.450156865E-02 -4.275931806E+02 
        38  9.686220000E-01 -5.578890000E-03  0.000000000E+00  1.381931786E-02 -4.252713142E+02 
        39  9.860190000E-04 -5.518970000E-03  0.000000000E+00  2.671411526E-01 -5.185399153E+03 
        40  9.761960000E-01 -4.551510000E-03  0.000000000E+00  1.308672193E-02 -4.232665706E+02 
        41  4.384000000E-04 -3.696570000E-03  0.000000000E+00  2.655487792E-01 -4.962749144E+03 
        42  9.825070000E-01 -3.688230000E-03  0.000000000E+00  1.235907511E-02 -4.215522558E+02 
        43  9.877650000E-01 -2.963870000E-03  0.000000000E+00  1.164309055E-02 -4.199824230E+02 
        44  9.921460000E-01 -2.356690000E-03  0.000000000E+00  1.091838314E-02 -4.185437490E+02 
        45  1.095110000E-04 -1.855900000E-03  0.000000000E+00  2.620461486E-01 -4.609256724E+03 
        46  9.957970000E-01 -1.848260000E-03  0.000000000E+00  1.014862302E-02 -4.171817214E+02 
        47  9.988390000E-01 -1.422790000E-03  0.000000000E+00  9.282814821E-03 -4.159675074E+02 
        48  1.001370000E+00 -1.062990000E-03  0.000000000E+00  8.278211454E-03 -4.150110266E+02 
        49  1.003480000E+00 -7.543150000E-04  0.000000000E+00  7.135522917E-03 -4.143416691E+02 
        50  1.005240000E+00 -4.991700000E-04  0.000000000E+00  5.894990495E-03 -4.138258586E+02 
        51  1.006710000E+00 -2.932730000E-04  0.000000000E+00  4.610746565E-03 -4.136291788E+02 
        52  1.007930000E+00 -1.294160000E-04  0.000000000E+00  3.235173916E-03 -4.094694831E+02 
        53  0.000000000E+00  0.000000000E+00  0.000000000E+00  2.547551398E-01 -4.203317720E+03 
        54  1.008950000E+00  0.000000000E+00  0.000000000E+00  5.291924216E-03 -4.201731130E+02 
        55  1.008950000E+00  1.428570000E-03  0.000000000E+00  8.622587836E-03 -4.331777104E+02 
        56  1.095110000E-04  1.855900000E-03  0.000000000E+00  2.425302844E-01 -3.741499054E+03 
        57  1.008950000E+00  2.857140000E-03  0.000000000E+00  1.046191830E-02 -4.374407607E+02 
        58  4.384000000E-04  3.696570000E-03  0.000000000E+00  2.269244574E-01 -3.180518072E+03 
        59  1.008950000E+00  4.285710000E-03  0.000000000E+00  1.161809261E-02 -4.393637327E+02 
        60  9.860190000E-04  5.518970000E-03  0.000000000E+00  2.092029973E-01 -2.573805629E+03 
        61  1.008950000E+00  5.714290000E-03  0.000000000E+00  1.206137058E-02 -4.417000236E+02 
        62  9.595320000E-01  6.915370000E-03  0.000000000E+00  5.107976554E-02  1.061229705E+02 
        63  1.008950000E+00  7.142860000E-03  0.000000000E+00  1.162780770E-02 -4.429000514E+02 
        64  1.752850000E-03  7.324960000E-03  0.000000000E+00  1.900953865E-01 -1.980164128E+03 
        65  9.686220000E-01  7.512630000E-03  0.000000000E+00  5.668502830E-02  6.235299669E+01 
        66  9.761960000E-01  8.000010000E-03  0.000000000E+00  6.744273619E-02 -1.954158093E+01 
        67  9.486220000E-01  8.247430000E-03  0.000000000E+00  5.643589675E-02  7.137110022E+01 
        68  9.825070000E-01  8.398830000E-03  0.000000000E+00  7.333707780E-02 -6.753991348E+01 
        69  1.008950000E+00  8.571430000E-03  0.000000000E+00  8.567217261E-03 -4.505311585E+02 
        70  9.877650000E-01  8.726080000E-03  0.000000000E+00  7.751255296E-02 -1.090526150E+02 
        71  9.921460000E-01  8.995140000E-03  0.000000000E+00  8.079154137E-02 -1.450391407E+02 
        72  2.745270000E-03  9.124550000E-03  0.000000000E+00  1.699424735E-01 -1.414732152E+03 
        73  9.957970000E-01  9.216850000E-03  0.000000000E+00  8.362869645E-02 -1.780303223E+02 
        74  9.988390000E-01  9.399780000E-03  0.000000000E+00  8.618160169E-02 -2.090858509E+02 
        75  1.001370000E+00  9.546830000E-03  0.000000000E+00  8.833055064E-02 -2.373180550E+02 
        76  1.003480000E+00  9.660280000E-03  0.000000000E+00  9.002876569E-02 -2.605491752E+02 
        77  1.005240000E+00  9.756970000E-03  0.000000000E+00  9.162602957E-02 -2.816999263E+02 
        78  1.006710000E+00  9.844450000E-03  0.000000000E+00  9.339358615E-02 -3.053842658E+02 
        79  1.007930000E+00  9.925300000E-03  0.000000000E+00  9.552384610E-02 -3.295241625E+02 
        80  9.355260000E-01  9.960600000E-03  0.000000000E+00  6.205178757E-02  3.407075282E+01 
        81  1.008950000E+00  1.000000000E-02  0.000000000E+00  6.038730921E-02 -3.951030551E+02 
        82  3.983540000E-03  1.093890000E-02  0.000000000E+00  1.496963101E-01 -9.022124182E+02 
        83  9.198070000E-01  1.198220000E-02  0.000000000E+00  6.518535677E-02  9.849982032E+00 
        84  5.510960000E-03  1.280140000E-02  0.000000000E+00  1.305248206E-01 -4.897245502E+02 
        85  9.009380000E-01  1.436040000E-02  0.000000000E+00  6.709954732E-02 -1.986197582E+00 
        86  7.411530000E-03  1.476420000E-02  0.000000000E+00  1.121220416E-01 -1.534224837E+02 
        87  9.850590000E-03  1.691540000E-02  0.000000000E+00  9.323634320E-02  1.478303242E+02 
        88  8.782860000E-01  1.714700000E-02  0.000000000E+00  6.813619812E-02 -4.164572167E+00 
        89  1.318260000E-02  1.942040000E-02  0.000000000E+00  7.285643807E-02  4.101112736E+02 
        90  8.510930000E-01  2.039720000E-02  0.000000000E+00  6.859725506E-02  1.492689142E+00 
        91  1.821900000E-02  2.259850000E-02  0.000000000E+00  5.054555901E-02  6.197157817E+02 
        92  8.159680000E-01  2.444550000E-02  0.000000000E+00  6.869037543E-02  1.369953764E+01 
        93  2.634450000E-02  2.677890000E-02  0.000000000E+00  2.730276475E-02  7.570346559E+02 
        94  7.808250000E-01  2.833060000E-02  0.000000000E+00  6.848625678E-02  2.970323770E+01 
        95  3.777470000E-02  3.147510000E-02  0.000000000E+00  9.721256439E-03  8.144106868E+02 
        96  7.399050000E-01  3.264710000E-02  0.000000000E+00  6.808762990E-02  4.986299620E+01 
        97  6.989630000E-01  3.673990000E-02  0.000000000E+00  6.757609188E-02  7.145431040E+01 
        98  5.488770000E-02  3.697740000E-02  0.000000000E+00  1.218282615E-02  8.020105035E+02 
        99  6.579970000E-01  4.059990000E-02  0.000000000E+00  6.703459370E-02  9.386349871E+01 
       100  8.351470000E-02  4.379180000E-02  0.000000000E+00  3.006883189E-02  7.350074972E+02 
       101  6.170090000E-01  4.421250000E-02  0.000000000E+00  6.647606370E-02  1.169058958E+02 
       102  5.759990000E-01  4.755650000E-02  0.000000000E+00  6.591796492E-02  1.407046772E+02 
       103  1.241140000E-01  5.043730000E-02  0.000000000E+00  4.509802730E-02  6.345255656E+02 
       104  5.349650000E-01  5.060440000E-02  0.000000000E+00  6.540817883E-02  1.654930859E+02 
       105  4.939080000E-01  5.332060000E-02  0.000000000E+00  6.497413615E-02  1.915798916E+02 
       106  1.650180000E-01  5.486620000E-02  0.000000000E+00  5.384155022E-02  5.433409942E+02 
       107  4.528280000E-01  5.566140000E-02  0.000000000E+00  6.458591534E-02  2.194189429E+02 
       108  4.117260000E-01  5.757270000E-02  0.000000000E+00  6.418447533E-02  2.496330839E+02 
       109  2.060650000E-01  5.771190000E-02  0.000000000E+00  5.824093850E-02  4.712264378E+02 
       110  3.706030000E-01  5.898830000E-02  0.000000000E+00  6.372925318E-02  2.829371538E+02 
       111  2.471780000E-01  5.933890000E-02  0.000000000E+00  6.075892958E-02  4.124684080E+02 
       112  3.294650000E-01  5.982680000E-02  0.000000000E+00  6.314257304E-02  3.202146767E+02 
       113  2.883190000E-01  5.998690000E-02  0.000000000E+00  6.225822268E-02  3.628763198E+02 
       114  2.883190000E-01 -5.998690000E-02  3.333330000E-02  1.672124191E-02 -4.954433990E+02 
       115  3.294650000E-01 -5.982680000E-02  3.333330000E-02  1.671333832E-02 -4.811299726E+02 
       116  2.471780000E-01 -5.933890000E-02  3.333330000E-02  1.591145883E-02 -5.211636939E+02 
       117  3.706030000E-01 -5.898830000E-02  3.333330000E-02  1.646031752E-02 -4.722197571E+02 
       118  2.060650000E-01 -5.771190000E-02  3.333330000E-02  1.277838002E-02 -5.717010715E+02 
       119  4.117260000E-01 -5.757270000E-02  3.333330000E-02  1.609080784E-02 -4.655840363E+02 
       120  4.528280000E-01 -5.566140000E-02  3.333330000E-02  1.562987392E-02 -4.602143127E+02 
       121  1.650180000E-01 -5.486620000E-02  3.333330000E-02  5.722756281E-03 -6.772903193E+02 
       122  4.939080000E-01 -5.332060000E-02  3.333330000E-02  1.519630776E-02 -4.559534704E+02 
       123  5.349650000E-01 -5.060440000E-02  3.333330000E-02  1.485606591E-02 -4.524702452E+02 
       124  1.241140000E-01 -5.043730000E-02  3.333330000E-02  1.205636680E-02 -9.016104021E+02 
       125  5.759990000E-01 -4.755650000E-02  3.333330000E-02  1.458228522E-02 -4.495311914E+02 
       126  6.170090000E-01 -4.421250000E-02  3.333330000E-02  1.436348154E-02 -4.470581357E+02 
       127  8.351470000E-02 -4.379180000E-02  3.333330000E-02  4.215872783E-02 -1.308262917E+03 
       128  6.579970000E-01 -4.059990000E-02  3.333330000E-02  1.422769269E-02 -4.450430488E+02 
       129  5.488770000E-02 -3.697740000E-02  3.333330000E-02  8.019139794E-02 -1.789279129E+03 
       130  6.989630000E-01 -3.673990000E-02  3.333330000E-02  1.421639591E-02 -4.434821691E+02 
       131  7.399050000E-01 -3.264710000E-02  3.333330000E-02  1.436554111E-02 -4.423717228E+02 
       132  3.777470000E-02 -3.147510000E-02  3.333330000E-02  1.165211493E-01 -2.275993510E+03 
       133  7.808250000E-01 -2.833060000E-02  3.333330000E-02  1.469227757E-02 -4.415648675E+02 
       134  2.634450000E-02 -2.677890000E-02  3.333330000E-02  1.482583700E-01 -2.798697758E+03 
       135  8.159680000E-01 -2.444550000E-02  3.333330000E-02  1.511435096E-02 -4.408678646E+02 
       136  1.821900000E-02 -2.259850000E-02  3.333330000E-02  1.761921051E-01 -3.339585815E+03 
       137  8.510930000E-01 -2.039720000E-02  3.333330000E-02  1.555826202E-02 -4.398700733E+02 
       138  1.318260000E-02 -1.942040000E-02  3.333330000E-02  2.005426974E-01 -3.865575044E+03 
       139  8.782860000E-01 -1.714700000E-02  3.333330000E-02  1.582612257E-02 -4.384063868E+02 
       140  9.850590000E-03 -1.691540000E-02  3.333330000E-02  2.224792733E-01 -4.359518648E+03 
       141  7.411530000E-03 -1.476420000E-02  3.333330000E-02  2.406612902E-01 -4.723583829E+03 
       142  9.009380000E-01 -1.436040000E-02  3.333330000E-02  1.588551890E-02 -4.366288235E+02 
       143  5.510960000E-03 -1.280140000E-02  3.333330000E-02  2.519062946E-01 -4.945814277E+03 
       144  9.198070000E-01 -1.198220000E-02  3.333330000E-02  1.578012009E-02 -4.346285633E+02 
       145  3.983540000E-03 -1.093890000E-02  3.333330000E-02  2.583516221E-01 -5.109935429E+03 
       146  9.355260000E-01 -9.960600000E-03  3.333330000E-02  1.551139369E-02 -4.323606884E+02 
       147  2.745270000E-03 -9.124550000E-03  3.333330000E-02  2.634312375E-01 -5.225584006E+03 
       148  9.486220000E-01 -8.247430000E-03  3.333330000E-02  1.507618458E-02 -4.299910187E+02 
       149  1.752850000E-03 -7.324960000E-03  3.333330000E-02  2.665724435E-01 -5.262987172E+03 
       150  9.595320000E-01 -6.799650000E-03  3.333330000E-02  1.450156893E-02 -4.275931693E+02 
       151  9.686220000E-01 -5.578890000E-03  3.333330000E-02  1.381931850E-02 -4.252713040E+02 
       152  9.860190000E-04 -5.518970000E-03  3.333330000E-02  2.671411466E-01 -5.185398146E+03 
       153  9.761960000E-01 -4.551510000E-03  3.333330000E-02  1.308672332E-02 -4.232665620E+02 
       154  4.384000000E-04 -3.696570000E-03  3.333330000E-02  2.655487696E-01 -4.962748121E+03 
       155  9.825070000E-01 -3.688230000E-03  3.333330000E-02  1.235907708E-02 -4.215522476E+02 
       156  9.877650000E-01 -2.963870000E-03  3.333330000E-02  1.164309280E-02 -4.199824144E+02 
       157  9.921460000E-01 -2.356690000E-03  3.333330000E-02  1.091838566E-02 -4.185437400E+02 
       158  1.095110000E-04 -1.855900000E-03  3.333330000E-02  2.620461424E-01 -4.609256219E+03 
       159  9.957970000E-01 -1.848260000E-03  3.333330000E-02  1.014862577E-02 -4.171817120E+02 
       160  9.988390000E-01 -1.422790000E-03  3.333330000E-02  9.282817627E-03 -4.159674971E+02 
       161  1.001370000E+00 -1.062990000E-03  3.333330000E-02  8.278215153E-03 -4.150110161E+02 
       162  1.003480000E+00 -7.543150000E-04  3.333330000E-02  7.135527012E-03 -4.143416579E+02 
       163  1.005240000E+00 -4.991700000E-04  3.333330000E-02  5.894992747E-03 -4.138258461E+02 
       164  1.006710000E+00 -2.932730000E-04  3.333330000E-02  4.610746339E-03 -4.136291661E+02 
       165  1.007930000E+00 -1.294160000E-04  3.333330000E-02  3.235170864E-03 -4.094694393E+02 
       166  0.000000000E+00  0.000000000E+00  3.333330000E-02  2.547551384E-01 -4.203317664E+03 
       167  1.008950000E+00  0.000000000E+00  3.333330000E-02  5.006356595E-03 -4.177787016E+02 
       168  1.008950000E+00  1.428570000E-03  3.333330000E-02  8.622588129E-03 -4.331776886E+02 
       169  1.095110000E-04  1.855900000E-03  3.333330000E-02  2.425302988E-01 -3.741499575E+03 
       170  1.008950000E+00  2.857140000E-03  3.333330000E-02  1.046191912E-02 -4.374407407E+02 
       171  4.384000000E-04  3.696570000E-03  3.333330000E-02  2.269245101E-01 -3.180519958E+03 
       172  1.008950000E+00  4.285710000E-03  3.333330000E-02  1.161809367E-02 -4.393637130E+02 
       173  9.860190000E-04  5.518970000E-03  3.333330000E-02  2.092031154E-01 -2.573809503E+03 
       174  1.008950000E+00  5.714290000E-03  3.333330000E-02  1.206137134E-02 -4.417000048E+02 
       175  9.595320000E-01  6.915370000E-03  3.333330000E-02  5.107894979E-02  1.061292702E+02 
       176  1.008950000E+00  7.142860000E-03  3.333330000E-02  1.162780787E-02 -4.429000319E+02 
       177  1.752850000E-03  7.324960000E-03  3.333330000E-02  1.900955984E-01 -1.980170359E+03 
       178  9.686220000E-01  7.512630000E-03  3.333330000E-02  5.669106221E-02  6.230600006E+01 
       179  9.761960000E-01  8.000010000E-03  3.333330000E-02  6.744521233E-02 -1.955953381E+01 
       180  9.486220000E-01  8.247430000E-03  3.333330000E-02  5.643577034E-02  7.137184636E+01 
       181  9.825070000E-01  8.398830000E-03  3.333330000E-02  7.333850234E-02 -6.755337010E+01 
       182  1.008950000E+00  8.571430000E-03  3.333330000E-02  8.567217336E-03 -4.505311379E+02 
       183  9.877650000E-01  8.726080000E-03  3.333330000E-02  7.751344887E-02 -1.090621135E+02 
       184  9.921460000E-01  8.995140000E-03  3.333330000E-02  8.079216880E-02 -1.450463054E+02 
       185  2.745270000E-03  9.124550000E-03  3.333330000E-02  1.699428087E-01 -1.414741122E+03 
       186  9.957970000E-01  9.216850000E-03  3.333330000E-02  8.362916900E-02 -1.780359262E+02 
       187  9.988390000E-01  9.399780000E-03  3.333330000E-02  8.618195624E-02 -2.090902843E+02 
       188  1.001370000E+00  9.546830000E-03  3.333330000E-02  8.833077925E-02 -2.373212451E+02 
       189  1.003480000E+00  9.660280000E-03  3.333330000E-02  9.002891838E-02 -2.605512128E+02 
       190  1.005240000E+00  9.756970000E-03  3.333330000E-02  9.162617274E-02 -2.817018089E+02 
       191  1.006710000E+00  9.844450000E-03  3.333330000E-02  9.339372139E-02 -3.053861088E+02 
       192  1.007930000E+00  9.925300000E-03  3.333330000E-02  9.552399684E-02 -3.295255989E+02 
       193  9.355260000E-01  9.960600000E-03  3.333330000E-02  6.205176997E-02  3.407089475E+01 
       194  1.008950000E+00  1.000000000E-02  3.333330000E-02  5.134973461E-02 -3.998836307E+02 
       195  3.983540000E-03  1.093890000E-02  3.333330000E-02  1.496967411E-01 -9.022226739E+02 
       196  9.198070000E-01  1.198220000E-02  3.333330000E-02  6.518534666E-02  9.850053849E+00 
       197  5.510960000E-03  1.280140000E-02  3.333330000E-02  1.305253088E-01 -4.897338589E+02 
       198  9.009380000E-01  1.436040000E-02  3.333330000E-02  6.709954132E-02 -1.986170948E+00 
       199  7.411530000E-03  1.476420000E-02  3.333330000E-02  1.121225705E-01 -1.534317195E+02 
       200  9.850590000E-03  1.691540000E-02  3.333330000E-02  9.323688452E-02  1.478224603E+02 
       201  8.782860000E-01  1.714700000E-02  3.333330000E-02  6.813619332E-02 -4.164589835E+00 
       202  1.318260000E-02  1.942040000E-02  3.333330000E-02  7.285684727E-02  4.101066340E+02 
       203  8.510930000E-01  2.039720000E-02  3.333330000E-02  6.859725189E-02  1.492586691E+00 
       204  1.821900000E-02  2.259850000E-02  3.333330000E-02  5.054575300E-02  6.197143090E+02 
       205  8.159680000E-01  2.444550000E-02  3.333330000E-02  6.869037534E-02  1.369953841E+01 
       206  2.634450000E-02  2.677890000E-02  3.333330000E-02  2.730298811E-02  7.570337315E+02 
       207  7.808250000E-01  2.833060000E-02  3.333330000E-02  6.848625861E-02  2.970312046E+01 
       208  3.777470000E-02  3.147510000E-02  3.333330000E-02  9.721507118E-03  8.144103130E+02 
       209  7.399050000E-01  3.264710000E-02  3.333330000E-02  6.808762966E-02  4.986300101E+01 
       210  6.989630000E-01  3.673990000E-02  3.333330000E-02  6.757609213E-02  7.145429372E+01 
       211  5.488770000E-02  3.697740000E-02  3.333330000E-02  1.218227665E-02  8.020118788E+02 
       212  6.579970000E-01  4.059990000E-02  3.333330000E-02  6.703459348E-02  9.386350093E+01 
       213  8.351470000E-02  4.379180000E-02  3.333330000E-02  3.006846955E-02  7.350094595E+02 
       214  6.170090000E-01  4.421250000E-02  3.333330000E-02  6.647606341E-02  1.169059025E+02 
       215  5.759990000E-01  4.755650000E-02  3.333330000E-02  6.591796446E-02  1.407046948E+02 
       216  1.241140000E-01  5.043730000E-02  3.333330000E-02  4.509795946E-02  6.345261547E+02 
       217  5.349650000E-01  5.060440000E-02  3.333330000E-02  6.540817841E-02  1.654931057E+02 
       218  4.939080000E-01  5.332060000E-02  3.333330000E-02  6.497413595E-02  1.915799021E+02 
       219  1.650180000E-01  5.486620000E-02  3.333330000E-02  5.384152515E-02  5.433413504E+02 
       220  4.528280000E-01  5.566140000E-02  3.333330000E-02  6.458591473E-02  2.194189851E+02 
       221  4.117260000E-01  5.757270000E-02  3.333330000E-02  6.418447466E-02  2.496331316E+02 
       222  2.060650000E-01  5.771190000E-02  3.333330000E-02  5.824093158E-02  4.712265813E+02 
       223  3.706030000E-01  5.898830000E-02  3.333330000E-02  6.372925277E-02  2.829371796E+02 
       224  2.471780000E-01  5.933890000E-02  3.333330000E-02  6.075892580E-02  4.124685141E+02 
       225  3.294650000E-01  5.982680000E-02  3.333330000E-02  6.314257335E-02  3.202146562E+02 
       226  2.883190000E-01  5.998690000E-02  3.333330000E-02  6.225822181E-02  3.628763553E+02 
       227  2.883190000E-01 -5.998690000E-02  6.666670000E-02  1.672145018E-02 -4.954435301E+02 
       228  3.294650000E-01 -5.982680000E-02  6.666670000E-02  1.671343200E-02 -4.811300126E+02 
       229  2.471780000E-01 -5.933890000E-02  6.666670000E-02  1.591202013E-02 -5.211639675E+02 
       230  3.706030000E-01 -5.898830000E-02  6.666670000E-02  1.646035798E-02 -4.722197378E+02 
       231  2.060650000E-01 -5.771190000E-02  6.666670000E-02  1.277959381E-02 -5.717014641E+02 
       232  4.117260000E-01 -5.757270000E-02  6.666670000E-02  1.609081419E-02 -4.655840004E+02 
       233  4.528280000E-01 -5.566140000E-02  6.666670000E-02  1.562986280E-02 -4.602143045E+02 
       234  1.650180000E-01 -5.486620000E-02  6.666670000E-02  5.722749473E-03 -6.772897634E+02 
       235  4.939080000E-01 -5.332060000E-02  6.666670000E-02  1.519629810E-02 -4.559535116E+02 
       236  5.349650000E-01 -5.060440000E-02  6.666670000E-02  1.485606778E-02 -4.524703091E+02 
       237  1.241140000E-01 -5.043730000E-02  6.666670000E-02  1.205514321E-02 -9.016079364E+02 
       238  5.759990000E-01 -4.755650000E-02  6.666670000E-02  1.458229381E-02 -4.495312468E+02 
       239  6.170090000E-01 -4.421250000E-02  6.666670000E-02  1.436348925E-02 -4.470581700E+02 
       240  8.351470000E-02 -4.379180000E-02  6.666670000E-02  4.215819523E-02 -1.308260056E+03 
       241  6.579970000E-01 -4.059990000E-02  6.666670000E-02  1.422769741E-02 -4.450430695E+02 
       242  5.488770000E-02 -3.697740000E-02  6.666670000E-02  8.019123540E-02 -1.789277415E+03 
       243  6.989630000E-01 -3.673990000E-02  6.666670000E-02  1.421639901E-02 -4.434821814E+02 
       244  7.399050000E-01 -3.264710000E-02  6.666670000E-02  1.436554334E-02 -4.423717299E+02 
       245  3.777470000E-02 -3.147510000E-02  6.666670000E-02  1.165211079E-01 -2.275992662E+03 
       246  7.808250000E-01 -2.833060000E-02  6.666670000E-02  1.469227914E-02 -4.415648711E+02 
       247  2.634450000E-02 -2.677890000E-02  6.666670000E-02  1.482583554E-01 -2.798697280E+03 
       248  8.159680000E-01 -2.444550000E-02  6.666670000E-02  1.511435210E-02 -4.408678665E+02 
       249  1.821900000E-02 -2.259850000E-02  6.666670000E-02  1.761920958E-01 -3.339585485E+03 
       250  8.510930000E-01 -2.039720000E-02  6.666670000E-02  1.555826304E-02 -4.398700743E+02 
       251  1.318260000E-02 -1.942040000E-02  6.666670000E-02  2.005426899E-01 -3.865574760E+03 
       252  8.782860000E-01 -1.714700000E-02  6.666670000E-02  1.582612364E-02 -4.384063870E+02 
       253  9.850590000E-03 -1.691540000E-02  6.666670000E-02  2.224792664E-01 -4.359518381E+03 
       254  7.411530000E-03 -1.476420000E-02  6.666670000E-02  2.406612846E-01 -4.723583603E+03 
       255  9.009380000E-01 -1.436040000E-02  6.666670000E-02  1.588552009E-02 -4.366288230E+02 
       256  5.510960000E-03 -1.280140000E-02  6.666670000E-02  2.519062904E-01 -4.945814087E+03 
       257  9.198070000E-01 -1.198220000E-02  6.666670000E-02  1.578012137E-02 -4.346285621E+02 
       258  3.983540000E-03 -1.093890000E-02  6.666670000E-02  2.583516184E-01 -5.109935251E+03 
       259  9.355260000E-01 -9.960600000E-03  6.666670000E-02  1.551139504E-02 -4.323606865E+02 
       260  2.745270000E-03 -9.124550000E-03  6.666670000E-02  2.634312340E-01 -5.225583842E+03 
       261  9.486220000E-01 -8.247430000E-03  6.666670000E-02  1.507618604E-02 -4.299910162E+02 
       262  1.752850000E-03 -7.324960000E-03  6.666670000E-02  2.665724403E-01 -5.262987022E+03 
       263  9.595320000E-01 -6.799650000E-03  6.666670000E-02  1.450157052E-02 -4.275931660E+02 
       264  9.686220000E-01 -5.578890000E-03  6.666670000E-02  1.381932021E-02 -4.252712998E+02 
       265  9.860190000E-04 -5.518970000E-03  6.666670000E-02  2.671411436E-01 -5.185398012E+03 
       266  9.761960000E-01 -4.551510000E-03  6.666670000E-02  1.308672516E-02 -4.232665569E+02 
       267  4.384000000E-04 -3.696570000E-03  6.666670000E-02  2.655487669E-01 -4.962748006E+03 
       268  9.825070000E-01 -3.688230000E-03  6.666670000E-02  1.235907903E-02 -4.215522415E+02 
       269  9.877650000E-01 -2.963870000E-03  6.666670000E-02  1.164309489E-02 -4.199824074E+02 
       270  9.921460000E-01 -2.356690000E-03  6.666670000E-02  1.091838789E-02 -4.185437320E+02 
       271  1.095110000E-04 -1.855900000E-03  6.666670000E-02  2.620461399E-01 -4.609256120E+03 
       272  9.957970000E-01 -1.848260000E-03  6.666670000E-02  1.014862817E-02 -4.171817030E+02 
       273  9.988390000E-01 -1.422790000E-03  6.666670000E-02  9.282820201E-03 -4.159674868E+02 
       274  1.001370000E+00 -1.062990000E-03  6.666670000E-02  8.278217874E-03 -4.150110047E+02 
       275  1.003480000E+00 -7.543150000E-04  6.666670000E-02  7.135529808E-03 -4.143416455E+02 
       276  1.005240000E+00 -4.991700000E-04  6.666670000E-02  5.894995535E-03 -4.138258330E+02 
       277  1.006710000E+00 -2.932730000E-04  6.666670000E-02  4.610749046E-03 -4.136291522E+02 
       278  1.007930000E+00 -1.294160000E-04  6.666670000E-02  3.235173392E-03 -4.094694239E+02 
       279  0.000000000E+00  0.000000000E+00  6.666670000E-02  2.547551362E-01 -4.203317576E+03 
       280  1.008950000E+00  0.000000000E+00  6.666670000E-02  5.006357667E-03 -4.177786824E+02 
       281  1.008950000E+00  1.428570000E-03  6.666670000E-02  8.622588167E-03 -4.331776686E+02 
       282  1.095110000E-04  1.855900000E-03  6.666670000E-02  2.425302968E-01 -3.741499499E+03 
       283  1.008950000E+00  2.857140000E-03  6.666670000E-02  1.046191963E-02 -4.374407234E+02 
       284  4.384000000E-04  3.696570000E-03  6.666670000E-02  2.269245083E-01 -3.180519896E+03 
       285  1.008950000E+00  4.285710000E-03  6.666670000E-02  1.161809441E-02 -4.393636966E+02 
       286  9.860190000E-04  5.518970000E-03  6.666670000E-02  2.092031137E-01 -2.573809452E+03 
       287  1.008950000E+00  5.714290000E-03  6.666670000E-02  1.206137208E-02 -4.416999894E+02 
       288  9.595320000E-01  6.915370000E-03  6.666670000E-02  5.107894994E-02  1.061292722E+02 
       289  1.008950000E+00  7.142860000E-03  6.666670000E-02  1.162780847E-02 -4.429000168E+02 
       290  1.752850000E-03  7.324960000E-03  6.666670000E-02  1.900955970E-01 -1.980170319E+03 
       291  9.686220000E-01  7.512630000E-03  6.666670000E-02  5.669106231E-02  6.230600280E+01 
       292  9.761960000E-01  8.000010000E-03  6.666670000E-02  6.744521236E-02 -1.955953041E+01 
       293  9.486220000E-01  8.247430000E-03  6.666670000E-02  5.643577052E-02  7.137184758E+01 
       294  9.825070000E-01  8.398830000E-03  6.666670000E-02  7.333850231E-02 -6.755336590E+01 
       295  1.008950000E+00  8.571430000E-03  6.666670000E-02  8.567217773E-03 -4.505311220E+02 
       296  9.877650000E-01  8.726080000E-03  6.666670000E-02  7.751344877E-02 -1.090621084E+02 
       297  9.921460000E-01  8.995140000E-03  6.666670000E-02  8.079216862E-02 -1.450462992E+02 
       298  2.745270000E-03  9.124550000E-03  6.666670000E-02  1.699428075E-01 -1.414741093E+03 
       299  9.957970000E-01  9.216850000E-03  6.666670000E-02  8.362916874E-02 -1.780359189E+02 
       300  9.988390000E-01  9.399780000E-03  6.666670000E-02  8.618195589E-02 -2.090902759E+02 
       301  1.001370000E+00  9.546830000E-03  6.666670000E-02  8.833077881E-02 -2.373212355E+02 
       302  1.003480000E+00  9.660280000E-03  6.666670000E-02  9.002891786E-02 -2.605512020E+02 
       303  1.005240000E+00  9.756970000E-03  6.666670000E-02  9.162617212E-02 -2.817017969E+02 
       304  1.006710000E+00  9.844450000E-03  6.666670000E-02  9.339372065E-02 -3.053860952E+02 
       305  1.007930000E+00  9.925300000E-03  6.666670000E-02  9.552399597E-02 -3.295255832E+02 
       306  9.355260000E-01  9.960600000E-03  6.666670000E-02  6.205177018E-02  3.407089544E+01 
       307  1.008950000E+00  1.000000000E-02  6.666670000E-02  5.134973431E-02 -3.998836144E+02 
       308  3.983540000E-03  1.093890000E-02  6.666670000E-02  1.496967401E-01 -9.022226527E+02 
       309  9.198070000E-01  1.198220000E-02  6.666670000E-02  6.518534684E-02  9.850054095E+00 
       310  5.510960000E-03  1.280140000E-02  6.666670000E-02  1.305253079E-01 -4.897338422E+02 
       311  9.009380000E-01  1.436040000E-02  6.666670000E-02  6.709954144E-02 -1.986170904E+00 
       312  7.411530000E-03  1.476420000E-02  6.666670000E-02  1.121225697E-01 -1.534317063E+02 
       313  9.850590000E-03  1.691540000E-02  6.666670000E-02  9.323688377E-02  1.478224704E+02 
       314  8.782860000E-01  1.714700000E-02  6.666670000E-02  6.813619335E-02 -4.164589748E+00 
       315  1.318260000E-02  1.942040000E-02  6.666670000E-02  7.285684659E-02  4.101066411E+02 
       316  8.510930000E-01  2.039720000E-02  6.666670000E-02  6.859725185E-02  1.492586849E+00 
       317  1.821900000E-02  2.259850000E-02  6.666670000E-02  5.054575239E-02  6.197143135E+02 
       318  8.159680000E-01  2.444550000E-02  6.666670000E-02  6.869037528E-02  1.369953879E+01 
       319  2.634450000E-02  2.677890000E-02  6.666670000E-02  2.730298755E-02  7.570337340E+02 
       320  7.808250000E-01  2.833060000E-02  6.666670000E-02  6.848625863E-02  2.970312114E+01 
       321  3.777470000E-02  3.147510000E-02  6.666670000E-02  9.721507015E-03  8.144103138E+02 
       322  7.399050000E-01  3.264710000E-02  6.666670000E-02  6.808762983E-02  4.986300192E+01 
       323  6.989630000E-01  3.673990000E-02  6.666670000E-02  6.757609241E-02  7.145429476E+01 
       324  5.488770000E-02  3.697740000E-02  6.666670000E-02  1.218227697E-02  8.020118785E+02 
       325  6.579970000E-01  4.059990000E-02  6.666670000E-02  6.703459376E-02  9.386350202E+01 
       326  8.351470000E-02  4.379180000E-02  6.666670000E-02  3.006846977E-02  7.350094590E+02 
       327  6.170090000E-01  4.421250000E-02  6.666670000E-02  6.647606356E-02  1.169059036E+02 
       328  5.759990000E-01  4.755650000E-02  6.666670000E-02  6.591796446E-02  1.407046958E+02 
       329  1.241140000E-01  5.043730000E-02  6.666670000E-02  4.509795955E-02  6.345261545E+02 
       330  5.349650000E-01  5.060440000E-02  6.666670000E-02  6.540817838E-02  1.654931068E+02 
       331  4.939080000E-01  5.332060000E-02  6.666670000E-02  6.497413591E-02  1.915799032E+02 
       332  1.650180000E-01  5.486620000E-02  6.666670000E-02  5.384152513E-02  5.433413505E+02 
       333  4.528280000E-01  5.566140000E-02  6.666670000E-02  6.458591467E-02  2.194189861E+02 
       334  4.117260000E-01  5.757270000E-02  6.666670000E-02  6.418447458E-02  2.496331325E+02 
       335  2.060650000E-01  5.771190000E-02  6.666670000E-02  5.824093148E-02  4.712265817E+02 
       336  3.706030000E-01  5.898830000E-02  6.666670000E-02  6.372925269E-02  2.829371805E+02 
       337  2.471780000E-01  5.933890000E-02  6.666670000E-02  6.075892569E-02  4.124685147E+02 
       338  3.294650000E-01  5.982680000E-02  6.666670000E-02  6.314257326E-02  3.202146570E+02 
       339  2.883190000E-01  5.998690000E-02  6.666670000E-02  6.225822171E-02  3.628763560E+02 
       340  2.883190000E-01 -5.998690000E-02  1.000000000E-01  1.672152725E-02 -4.954435467E+02 
       341  3.294650000E-01 -5.982680000E-02  1.000000000E-01  1.671346176E-02 -4.811300237E+02 
       342  2.471780000E-01 -5.933890000E-02  1.000000000E-01  1.591224985E-02 -5.211639996E+02 
       343  3.706030000E-01 -5.898830000E-02  1.000000000E-01  1.646036878E-02 -4.722197284E+02 
       344  2.060650000E-01 -5.771190000E-02  1.000000000E-01  1.278010893E-02 -5.717015058E+02 
       345  4.117260000E-01 -5.757270000E-02  1.000000000E-01  1.609081456E-02 -4.655839868E+02 
       346  4.528280000E-01 -5.566140000E-02  1.000000000E-01  1.562985922E-02 -4.602143012E+02 
       347  1.650180000E-01 -5.486620000E-02  1.000000000E-01  5.722788167E-03 -6.772889693E+02 
       348  4.939080000E-01 -5.332060000E-02  1.000000000E-01  1.519629618E-02 -4.559535246E+02 
       349  5.349650000E-01 -5.060440000E-02  1.000000000E-01  1.485606841E-02 -4.524703245E+02 
       350  1.241140000E-01 -5.043730000E-02  1.000000000E-01  1.205450922E-02 -9.016052118E+02 
       351  5.759990000E-01 -4.755650000E-02  1.000000000E-01  1.458229583E-02 -4.495312614E+02 
       352  6.170090000E-01 -4.421250000E-02  1.000000000E-01  1.436349122E-02 -4.470581808E+02 
       353  8.351470000E-02 -4.379180000E-02  1.000000000E-01  4.215721482E-02 -1.308248768E+03 
       354  6.579970000E-01 -4.059990000E-02  1.000000000E-01  1.422769880E-02 -4.450430776E+02 
       355  5.488770000E-02 -3.697740000E-02  1.000000000E-01  8.018998490E-02 -1.789262286E+03 
       356  6.989630000E-01 -3.673990000E-02  1.000000000E-01  1.421640011E-02 -4.434821884E+02 
       357  7.399050000E-01 -3.264710000E-02  1.000000000E-01  1.436554437E-02 -4.423717337E+02 
       358  3.777470000E-02 -3.147510000E-02  1.000000000E-01  1.165203823E-01 -2.275981899E+03 
       359  7.808250000E-01 -2.833060000E-02  1.000000000E-01  1.469227731E-02 -4.415648780E+02 
       360  2.634450000E-02 -2.677890000E-02  1.000000000E-01  1.482580584E-01 -2.798691715E+03 
       361  8.159680000E-01 -2.444550000E-02  1.000000000E-01  1.511435255E-02 -4.408678681E+02 
       362  1.821900000E-02 -2.259850000E-02  1.000000000E-01  1.761918757E-01 -3.339580914E+03 
       363  8.510930000E-01 -2.039720000E-02  1.000000000E-01  1.555825899E-02 -4.398700882E+02 
       364  1.318260000E-02 -1.942040000E-02  1.000000000E-01  2.005422476E-01 -3.865564565E+03 
       365  8.782860000E-01 -1.714700000E-02  1.000000000E-01  1.582612264E-02 -4.384064012E+02 
       366  9.850590000E-03 -1.691540000E-02  1.000000000E-01  2.224786777E-01 -4.359505336E+03 
       367  7.411530000E-03 -1.476420000E-02  1.000000000E-01  2.406608409E-01 -4.723575937E+03 
       368  9.009380000E-01 -1.436040000E-02  1.000000000E-01  1.588552027E-02 -4.366288315E+02 
       369  5.510960000E-03 -1.280140000E-02  1.000000000E-01  2.519060991E-01 -4.945809210E+03 
       370  9.198070000E-01 -1.198220000E-02  1.000000000E-01  1.578012203E-02 -4.346285722E+02 
       371  3.983540000E-03 -1.093890000E-02  1.000000000E-01  2.583514935E-01 -5.109931995E+03 
       372  9.355260000E-01 -9.960600000E-03  1.000000000E-01  1.551139641E-02 -4.323606983E+02 
       373  2.745270000E-03 -9.124550000E-03  1.000000000E-01  2.634311599E-01 -5.225582392E+03 
       374  9.486220000E-01 -8.247430000E-03  1.000000000E-01  1.507618746E-02 -4.299910259E+02 
       375  1.752850000E-03 -7.324960000E-03  1.000000000E-01  2.665724195E-01 -5.262987072E+03 
       376  9.595320000E-01 -6.799650000E-03  1.000000000E-01  1.450157183E-02 -4.275931740E+02 
       377  9.686220000E-01 -5.578890000E-03  1.000000000E-01  1.381932129E-02 -4.252713059E+02 
       378  9.860190000E-04 -5.518970000E-03  1.000000000E-01  2.671411467E-01 -5.185398885E+03 
       379  9.761960000E-01 -4.551510000E-03  1.000000000E-01  1.308672560E-02 -4.232665604E+02 
       380  4.384000000E-04 -3.696570000E-03  1.000000000E-01  2.655487738E-01 -4.962748914E+03 
       381  9.825070000E-01 -3.688230000E-03  1.000000000E-01  1.235907902E-02 -4.215522437E+02 
       382  9.877650000E-01 -2.963870000E-03  1.000000000E-01  1.164309472E-02 -4.199824089E+02 
       383  9.921460000E-01 -2.356690000E-03  1.000000000E-01  1.091838760E-02 -4.185437330E+02 
       384  1.095110000E-04 -1.855900000E-03  1.000000000E-01  2.620461438E-01 -4.609256525E+03 
       385  9.957970000E-01 -1.848260000E-03  1.000000000E-01  1.014862781E-02 -4.171817034E+02 
       386  9.988390000E-01 -1.422790000E-03  1.000000000E-01  9.282819969E-03 -4.159674869E+02 
       387  1.001370000E+00 -1.062990000E-03  1.000000000E-01  8.278216896E-03 -4.150110037E+02 
       388  1.003480000E+00 -7.543150000E-04  1.000000000E-01  7.135528509E-03 -4.143416444E+02 
       389  1.005240000E+00 -4.991700000E-04  1.000000000E-01  5.894996071E-03 -4.138258324E+02 
       390  1.006710000E+00 -2.932730000E-04  1.000000000E-01  4.610751978E-03 -4.136291511E+02 
       391  1.007930000E+00 -1.294160000E-04  1.000000000E-01  3.235178972E-03 -4.094694523E+02 
       392  0.000000000E+00  0.000000000E+00  1.000000000E-01  2.547551354E-01 -4.203317544E+03 
       393  1.008950000E+00  0.000000000E+00  1.000000000E-01  5.291926253E-03 -4.201730771E+02 
       394  1.008950000E+00  1.428570000E-03  1.000000000E-01  8.622587911E-03 -4.331776704E+02 
       395  1.095110000E-04  1.855900000E-03  1.000000000E-01  2.425302804E-01 -3.741498902E+03 
       396  1.008950000E+00  2.857140000E-03  1.000000000E-01  1.046191933E-02 -4.374407261E+02 
       397  4.384000000E-04  3.696570000E-03  1.000000000E-01  2.269244538E-01 -3.180517946E+03 
       398  1.008950000E+00  4.285710000E-03  1.000000000E-01  1.161809409E-02 -4.393636999E+02 
       399  9.860190000E-04  5.518970000E-03  1.000000000E-01  2.092029941E-01 -2.573805527E+03 
       400  1.008950000E+00  5.714290000E-03  1.000000000E-01  1.206137205E-02 -4.416999928E+02 
       401  9.595320000E-01  6.915370000E-03  1.000000000E-01  5.107976582E-02  1.061229745E+02 
       402  1.008950000E+00  7.142860000E-03  1.000000000E-01  1.162780890E-02 -4.429000210E+02 
       403  1.752850000E-03  7.324960000E-03  1.000000000E-01  1.900953836E-01 -1.980164047E+03 
       404  9.686220000E-01  7.512630000E-03  1.000000000E-01  5.668502851E-02  6.235300216E+01 
       405  9.761960000E-01  8.000010000E-03  1.000000000E-01  6.744273626E-02 -1.954157413E+01 
       406  9.486220000E-01  8.247430000E-03  1.000000000E-01  5.643589711E-02  7.137110267E+01 
       407  9.825070000E-01  8.398830000E-03  1.000000000E-01  7.333707774E-02 -6.753990508E+01 
       408  1.008950000E+00  8.571430000E-03  1.000000000E-01  8.567218134E-03 -4.505311266E+02 
       409  9.877650000E-01  8.726080000E-03  1.000000000E-01  7.751255276E-02 -1.090526046E+02 
       410  9.921460000E-01  8.995140000E-03  1.000000000E-01  8.079154101E-02 -1.450391283E+02 
       411  2.745270000E-03  9.124550000E-03  1.000000000E-01  1.699424711E-01 -1.414732093E+03 
       412  9.957970000E-01  9.216850000E-03  1.000000000E-01  8.362869593E-02 -1.780303077E+02 
       413  9.988390000E-01  9.399780000E-03  1.000000000E-01  8.618160099E-02 -2.090858342E+02 
       414  1.001370000E+00  9.546830000E-03  1.000000000E-01  8.833054977E-02 -2.373180360E+02 
       415  1.003480000E+00  9.660280000E-03  1.000000000E-01  9.002876465E-02 -2.605491538E+02 
       416  1.005240000E+00  9.756970000E-03  1.000000000E-01  9.162602834E-02 -2.816999022E+02 
       417  1.006710000E+00  9.844450000E-03  1.000000000E-01  9.339358468E-02 -3.053842385E+02 
       418  1.007930000E+00  9.925300000E-03  1.000000000E-01  9.552384435E-02 -3.295241312E+02 
       419  9.355260000E-01  9.960600000E-03  1.000000000E-01  6.205178797E-02  3.407075419E+01 
       420  1.008950000E+00  1.000000000E-02  1.000000000E-01  6.038730830E-02 -3.951030218E+02 
       421  3.983540000E-03  1.093890000E-02  1.000000000E-01  1.496963081E-01 -9.022123757E+02 
       422  9.198070000E-01  1.198220000E-02  1.000000000E-01  6.518535714E-02  9.849982523E+00 
       423  5.510960000E-03  1.280140000E-02  1.000000000E-01  1.305248188E-01 -4.897245169E+02 
       424  9.009380000E-01  1.436040000E-02  1.000000000E-01  6.709954757E-02 -1.986197493E+00 
       425  7.411530000E-03  1.476420000E-02  1.000000000E-01  1.121220400E-01 -1.534224574E+02 
       426  9.850590000E-03  1.691540000E-02  1.000000000E-01  9.323634169E-02  1.478303444E+02 
       427  8.782860000E-01  1.714700000E-02  1.000000000E-01  6.813619820E-02 -4.164571992E+00 
       428  1.318260000E-02  1.942040000E-02  1.000000000E-01  7.285643671E-02  4.101112878E+02 
       429  8.510930000E-01  2.039720000E-02  1.000000000E-01  6.859725498E-02  1.492689457E+00 
       430  1.821900000E-02  2.259850000E-02  1.000000000E-01  5.054555779E-02  6.197157908E+02 
       431  8.159680000E-01  2.444550000E-02  1.000000000E-01  6.869037531E-02  1.369953839E+01 
       432  2.634450000E-02  2.677890000E-02  1.000000000E-01  2.730276365E-02  7.570346609E+02 
       433  7.808250000E-01  2.833060000E-02  1.000000000E-01  6.848625682E-02  2.970323905E+01 
       434  3.777470000E-02  3.147510000E-02  1.000000000E-01  9.721256232E-03  8.144106885E+02 
       435  7.399050000E-01  3.264710000E-02  1.000000000E-01  6.808763023E-02  4.986299801E+01 
       436  6.989630000E-01  3.673990000E-02  1.000000000E-01  6.757609243E-02  7.145431248E+01 
       437  5.488770000E-02  3.697740000E-02  1.000000000E-01  1.218282679E-02  8.020105029E+02 
       438  6.579970000E-01  4.059990000E-02  1.000000000E-01  6.703459426E-02  9.386350088E+01 
       439  8.351470000E-02  4.379180000E-02  1.000000000E-01  3.006883232E-02  7.350074961E+02 
       440  6.170090000E-01  4.421250000E-02  1.000000000E-01  6.647606399E-02  1.169058979E+02 
       441  5.759990000E-01  4.755650000E-02  1.000000000E-01  6.591796492E-02  1.407046794E+02 
       442  1.241140000E-01  5.043730000E-02  1.000000000E-01  4.509802748E-02  6.345255651E+02 
       443  5.349650000E-01  5.060440000E-02  1.000000000E-01  6.540817877E-02  1.654930881E+02 
       444  4.939080000E-01  5.332060000E-02  1.000000000E-01  6.497413607E-02  1.915798938E+02 
       445  1.650180000E-01  5.486620000E-02  1.000000000E-01  5.384155019E-02  5.433409943E+02 
       446  4.528280000E-01  5.566140000E-02  1.000000000E-01  6.458591521E-02  2.194189450E+02 
       447  4.117260000E-01  5.757270000E-02  1.000000000E-01  6.418447517E-02  2.496330858E+02 
       448  2.060650000E-01  5.771190000E-02  1.000000000E-01  5.824093830E-02  4.712264386E+02 
       449  3.706030000E-01  5.898830000E-02  1.000000000E-01  6.372925301E-02  2.829371557E+02 
       450  2.471780000E-01  5.933890000E-02  1.000000000E-01  6.075892936E-02  4.124684093E+02 
       451  3.294650000E-01  5.982680000E-02  1.000000000E-01  6.314257287E-02  3.202146784E+02 
       452  2.883190000E-01  5.998690000E-02  1.000000000E-01  6.225822249E-02  3.628763214E+02 
