nodenumber     x-coordinate     y-coordinate     z-coordinate      mach-number         pressure 
         1  2.883190000E-01 -5.998690000E-02  0.000000000E+00  1.018078753E-01 -6.645318756E+01 
         2  3.294650000E-01 -5.982680000E-02  0.000000000E+00  1.015352840E-01 -8.717816595E+01 
         3  2.471780000E-01 -5.933890000E-02  0.000000000E+00  1.021313603E-01 -4.222008071E+01 
         4  3.706030000E-01 -5.898830000E-02  0.000000000E+00  1.012920692E-01 -1.054413121E+02 
         5  2.060650000E-01 -5.771190000E-02  0.000000000E+00  1.025524335E-01 -1.245737814E+01 
         6  4.117260000E-01 -5.757270000E-02  0.000000000E+00  1.010702191E-01 -1.218163727E+02 
         7  4.528280000E-01 -5.566140000E-02  0.000000000E+00  1.008722124E-01 -1.366524586E+02 
         8  1.650180000E-01 -5.486620000E-02  0.000000000E+00  1.031869458E-01  2.621126658E+01 
         9  4.939080000E-01 -5.332060000E-02  0.000000000E+00  1.007025425E-01 -1.502119401E+02 
        10  5.349650000E-01 -5.060440000E-02  0.000000000E+00  1.005557734E-01 -1.627040786E+02 
        11  1.241140000E-01 -5.043730000E-02  0.000000000E+00  1.041802595E-01  8.190568285E+01 
        12  5.759990000E-01 -4.755650000E-02  0.000000000E+00  1.004249314E-01 -1.742961250E+02 
        13  6.170090000E-01 -4.421250000E-02  0.000000000E+00  1.003089633E-01 -1.851262945E+02 
        14  8.351470000E-02 -4.379180000E-02  0.000000000E+00  1.054590453E-01  1.622540416E+02 
        15  6.579970000E-01 -4.059990000E-02  0.000000000E+00  1.002078392E-01 -1.952746560E+02 
        16  5.488770000E-02 -3.697740000E-02  0.000000000E+00  1.061729175E-01  2.570627656E+02 
        17  6.989630000E-01 -3.673990000E-02  0.000000000E+00  1.001168402E-01 -2.047219085E+02 
        18  7.399050000E-01 -3.264710000E-02  0.000000000E+00  1.000284579E-01 -2.132552745E+02 
        19  3.777470000E-02 -3.147510000E-02  0.000000000E+00  1.050920689E-01  3.542134289E+02 
        20  7.808250000E-01 -2.833060000E-02  0.000000000E+00  9.993521968E-02 -2.202940980E+02 
        21  2.634450000E-02 -2.677890000E-02  0.000000000E+00  1.013649714E-01  4.563329481E+02 
        22  8.217210000E-01 -2.379390000E-02  0.000000000E+00  9.981182481E-02 -2.245450970E+02 
        23  1.821900000E-02 -2.259850000E-02  0.000000000E+00  9.528063248E-02  5.630655331E+02 
        24  1.318260000E-02 -1.942040000E-02  0.000000000E+00  8.837103143E-02  6.635968957E+02 
        25  8.625920000E-01 -1.903530000E-02  0.000000000E+00  9.964795078E-02 -2.235652728E+02 
        26  9.850590000E-03 -1.691540000E-02  0.000000000E+00  8.176200108E-02  7.530615377E+02 
        27  7.411530000E-03 -1.476420000E-02  0.000000000E+00  7.545387854E-02  8.351075221E+02 
        28  9.034350000E-01 -1.404860000E-02  0.000000000E+00  9.938077435E-02 -2.142093164E+02 
        29  5.510960000E-03 -1.280140000E-02  0.000000000E+00  6.903400049E-02  9.125475233E+02 
        30  3.983540000E-03 -1.093890000E-02  0.000000000E+00  6.216320522E-02  9.860298695E+02 
        31  9.337850000E-01 -1.018640000E-02  0.000000000E+00  9.877117918E-02 -1.880784777E+02 
        32  2.745270000E-03 -9.124550000E-03  0.000000000E+00  5.461666211E-02  1.055569568E+03 
        33  1.752850000E-03 -7.324960000E-03  0.000000000E+00  4.620168287E-02  1.120498990E+03 
        34  9.641170000E-01 -6.185660000E-03  0.000000000E+00  9.734602940E-02 -1.313799920E+02 
        35  9.860190000E-04 -5.518970000E-03  0.000000000E+00  3.651891683E-02  1.181255366E+03 
        36  4.384000000E-04 -3.696570000E-03  0.000000000E+00  2.535815441E-02  1.233661827E+03 
        37  9.885790000E-01 -2.851310000E-03  0.000000000E+00  9.367146242E-02 -5.622961791E+01 
        38  1.095110000E-04 -1.855900000E-03  0.000000000E+00  1.276477282E-02  1.271174331E+03 
        39  0.000000000E+00  0.000000000E+00  0.000000000E+00  6.094243667E-03  1.285857437E+03 
        40  1.008950000E+00  0.000000000E+00  0.000000000E+00  9.108344488E-02  3.316163927E+01 
        41  1.095110000E-04  1.855900000E-03  0.000000000E+00  1.276209594E-02  1.271172277E+03 
        42  9.885790000E-01  2.851310000E-03  0.000000000E+00  9.367145009E-02 -5.622857567E+01 
        43  4.384000000E-04  3.696570000E-03  0.000000000E+00  2.535630711E-02  1.233651997E+03 
        44  9.860190000E-04  5.518970000E-03  0.000000000E+00  3.651733423E-02  1.181236777E+03 
        45  9.641170000E-01  6.185660000E-03  0.000000000E+00  9.734602725E-02 -1.313796454E+02 
        46  1.752850000E-03  7.324960000E-03  0.000000000E+00  4.619960664E-02  1.120473814E+03 
        47  2.745270000E-03  9.124550000E-03  0.000000000E+00  5.461367774E-02  1.055545663E+03 
        48  9.337850000E-01  1.018640000E-02  0.000000000E+00  9.877119080E-02 -1.880792622E+02 
        49  3.983540000E-03  1.093890000E-02  0.000000000E+00  6.215968238E-02  9.860143868E+02 
        50  5.510960000E-03  1.280140000E-02  0.000000000E+00  6.903098870E-02  9.125428240E+02 
        51  9.034350000E-01  1.404860000E-02  0.000000000E+00  9.938079455E-02 -2.142106327E+02 
        52  7.411530000E-03  1.476420000E-02  0.000000000E+00  7.545238263E-02  8.351109484E+02 
        53  9.850590000E-03  1.691540000E-02  0.000000000E+00  8.176245768E-02  7.530687499E+02 
        54  8.625920000E-01  1.903530000E-02  0.000000000E+00  9.964796819E-02 -2.235663039E+02 
        55  1.318260000E-02  1.942040000E-02  0.000000000E+00  8.837320415E-02  6.636045577E+02 
        56  1.821900000E-02  2.259850000E-02  0.000000000E+00  9.528354713E-02  5.630701873E+02 
        57  8.217210000E-01  2.379390000E-02  0.000000000E+00  9.981183352E-02 -2.245454007E+02 
        58  2.634450000E-02  2.677890000E-02  0.000000000E+00  1.013676205E-01  4.563337759E+02 
        59  7.808250000E-01  2.833060000E-02  0.000000000E+00  9.993522032E-02 -2.202935819E+02 
        60  3.777470000E-02  3.147510000E-02  0.000000000E+00  1.050941052E-01  3.542133590E+02 
        61  7.399050000E-01  3.264710000E-02  0.000000000E+00  1.000284508E-01 -2.132542187E+02 
        62  6.989630000E-01  3.673990000E-02  0.000000000E+00  1.001168300E-01 -2.047207198E+02 
        63  5.488770000E-02  3.697740000E-02  0.000000000E+00  1.061743090E-01  2.570651975E+02 
        64  6.579970000E-01  4.059990000E-02  0.000000000E+00  1.002078285E-01 -1.952735961E+02 
        65  8.351470000E-02  4.379180000E-02  0.000000000E+00  1.054597818E-01  1.622583693E+02 
        66  6.170090000E-01  4.421250000E-02  0.000000000E+00  1.003089508E-01 -1.851255129E+02 
        67  5.759990000E-01  4.755650000E-02  0.000000000E+00  1.004249158E-01 -1.742958085E+02 
        68  1.241140000E-01  5.043730000E-02  0.000000000E+00  1.041805501E-01  8.190905484E+01 
        69  5.349650000E-01  5.060440000E-02  0.000000000E+00  1.005557585E-01 -1.627043993E+02 
        70  4.939080000E-01  5.332060000E-02  0.000000000E+00  1.007025351E-01 -1.502128529E+02 
        71  1.650180000E-01  5.486620000E-02  0.000000000E+00  1.031870510E-01  2.621301364E+01 
        72  4.528280000E-01  5.566140000E-02  0.000000000E+00  1.008722161E-01 -1.366536812E+02 
        73  4.117260000E-01  5.757270000E-02  0.000000000E+00  1.010702314E-01 -1.218175908E+02 
        74  2.060650000E-01  5.771190000E-02  0.000000000E+00  1.025524608E-01 -1.245674002E+01 
        75  3.706030000E-01  5.898830000E-02  0.000000000E+00  1.012920838E-01 -1.054423340E+02 
        76  2.471780000E-01  5.933890000E-02  0.000000000E+00  1.021313654E-01 -4.221993785E+01 
        77  3.294650000E-01  5.982680000E-02  0.000000000E+00  1.015352959E-01 -8.717889480E+01 
        78  2.883190000E-01  5.998690000E-02  0.000000000E+00  1.018078826E-01 -6.645351986E+01 
        79  2.883190000E-01 -5.998690000E-02  1.666670000E-01  1.018078741E-01 -6.645338578E+01 
        80  3.294650000E-01 -5.982680000E-02  1.666670000E-01  1.015352829E-01 -8.717831235E+01 
        81  2.471780000E-01 -5.933890000E-02  1.666670000E-01  1.021313592E-01 -4.222033574E+01 
        82  3.706030000E-01 -5.898830000E-02  1.666670000E-01  1.012920684E-01 -1.054414163E+02 
        83  2.060650000E-01 -5.771190000E-02  1.666670000E-01  1.025524320E-01 -1.245767403E+01 
        84  4.117260000E-01 -5.757270000E-02  1.666670000E-01  1.010702185E-01 -1.218164467E+02 
        85  4.528280000E-01 -5.566140000E-02  1.666670000E-01  1.008722119E-01 -1.366525104E+02 
        86  1.650180000E-01 -5.486620000E-02  1.666670000E-01  1.031869437E-01  2.621093987E+01 
        87  4.939080000E-01 -5.332060000E-02  1.666670000E-01  1.007025421E-01 -1.502119772E+02 
        88  5.349650000E-01 -5.060440000E-02  1.666670000E-01  1.005557731E-01 -1.627041053E+02 
        89  1.241140000E-01 -5.043730000E-02  1.666670000E-01  1.041802581E-01  8.190531234E+01 
        90  5.759990000E-01 -4.755650000E-02  1.666670000E-01  1.004249311E-01 -1.742961447E+02 
        91  6.170090000E-01 -4.421250000E-02  1.666670000E-01  1.003089630E-01 -1.851263082E+02 
        92  8.351470000E-02 -4.379180000E-02  1.666670000E-01  1.054590466E-01  1.622536786E+02 
        93  6.579970000E-01 -4.059990000E-02  1.666670000E-01  1.002078390E-01 -1.952746656E+02 
        94  5.488770000E-02 -3.697740000E-02  1.666670000E-01  1.061729209E-01  2.570624252E+02 
        95  6.989630000E-01 -3.673990000E-02  1.666670000E-01  1.001168401E-01 -2.047219181E+02 
        96  7.399050000E-01 -3.264710000E-02  1.666670000E-01  1.000284579E-01 -2.132552839E+02 
        97  3.777470000E-02 -3.147510000E-02  1.666670000E-01  1.050920746E-01  3.542131122E+02 
        98  7.808250000E-01 -2.833060000E-02  1.666670000E-01  9.993521964E-02 -2.202941064E+02 
        99  2.634450000E-02 -2.677890000E-02  1.666670000E-01  1.013649840E-01  4.563326543E+02 
       100  8.217210000E-01 -2.379390000E-02  1.666670000E-01  9.981182475E-02 -2.245451011E+02 
       101  1.821900000E-02 -2.259850000E-02  1.666670000E-01  9.528065464E-02  5.630652888E+02 
       102  1.318260000E-02 -1.942040000E-02  1.666670000E-01  8.837105748E-02  6.635967615E+02 
       103  8.625920000E-01 -1.903530000E-02  1.666670000E-01  9.964795079E-02 -2.235652720E+02 
       104  9.850590000E-03 -1.691540000E-02  1.666670000E-01  8.176202585E-02  7.530615159E+02 
       105  7.411530000E-03 -1.476420000E-02  1.666670000E-01  7.545389605E-02  8.351076125E+02 
       106  9.034350000E-01 -1.404860000E-02  1.666670000E-01  9.938077437E-02 -2.142093122E+02 
       107  5.510960000E-03 -1.280140000E-02  1.666670000E-01  6.903400519E-02  9.125477276E+02 
       108  3.983540000E-03 -1.093890000E-02  1.666670000E-01  6.216319582E-02  9.860301701E+02 
       109  9.337850000E-01 -1.018640000E-02  1.666670000E-01  9.877117919E-02 -1.880784726E+02 
       110  2.745270000E-03 -9.124550000E-03  1.666670000E-01  5.461664076E-02  1.055569916E+03 
       111  1.752850000E-03 -7.324960000E-03  1.666670000E-01  4.620165335E-02  1.120499329E+03 
       112  9.641170000E-01 -6.185660000E-03  1.666670000E-01  9.734602919E-02 -1.313799836E+02 
       113  9.860190000E-04 -5.518970000E-03  1.666670000E-01  3.651888401E-02  1.181255657E+03 
       114  4.384000000E-04 -3.696570000E-03  1.666670000E-01  2.535812616E-02  1.233662043E+03 
       115  9.885790000E-01 -2.851310000E-03  1.666670000E-01  9.367146024E-02 -5.622959483E+01 
       116  1.095110000E-04 -1.855900000E-03  1.666670000E-01  1.276476061E-02  1.271174460E+03 
       117  0.000000000E+00  0.000000000E+00  1.666670000E-01  6.094241410E-03  1.285857521E+03 
       118  1.008950000E+00  0.000000000E+00  1.666670000E-01  9.099102761E-02 -1.863366081E+01 
       119  1.095110000E-04  1.855900000E-03  1.666670000E-01  1.276208571E-02  1.271172385E+03 
       120  9.885790000E-01  2.851310000E-03  1.666670000E-01  9.367144980E-02 -5.622859863E+01 
       121  4.384000000E-04  3.696570000E-03  1.666670000E-01  2.535628915E-02  1.233652156E+03 
       122  9.860190000E-04  5.518970000E-03  1.666670000E-01  3.651731605E-02  1.181236986E+03 
       123  9.641170000E-01  6.185660000E-03  1.666670000E-01  9.734602777E-02 -1.313796907E+02 
       124  1.752850000E-03  7.324960000E-03  1.666670000E-01  4.619959314E-02  1.120474064E+03 
       125  2.745270000E-03  9.124550000E-03  1.666670000E-01  5.461367096E-02  1.055545949E+03 
       126  9.337850000E-01  1.018640000E-02  1.666670000E-01  9.877119123E-02 -1.880793144E+02 
       127  3.983540000E-03  1.093890000E-02  1.666670000E-01  6.215968239E-02  9.860147109E+02 
       128  5.510960000E-03  1.280140000E-02  1.666670000E-01  6.903099666E-02  9.125431874E+02 
       129  9.034350000E-01  1.404860000E-02  1.666670000E-01  9.938079478E-02 -2.142106837E+02 
       130  7.411530000E-03  1.476420000E-02  1.666670000E-01  7.545240116E-02  8.351113519E+02 
       131  9.850590000E-03  1.691540000E-02  1.666670000E-01  8.176248708E-02  7.530691678E+02 
       132  8.625920000E-01  1.903530000E-02  1.666670000E-01  9.964796823E-02 -2.235663510E+02 
       133  1.318260000E-02  1.942040000E-02  1.666670000E-01  8.837324154E-02  6.636049490E+02 
       134  1.821900000E-02  2.259850000E-02  1.666670000E-01  9.528358395E-02  5.630705192E+02 
       135  8.217210000E-01  2.379390000E-02  1.666670000E-01  9.981183329E-02 -2.245454346E+02 
       136  2.634450000E-02  2.677890000E-02  1.666670000E-01  1.013676426E-01  4.563340609E+02 
       137  7.808250000E-01  2.833060000E-02  1.666670000E-01  9.993521996E-02 -2.202935961E+02 
       138  3.777470000E-02  3.147510000E-02  1.666670000E-01  1.050941107E-01  3.542135933E+02 
       139  7.399050000E-01  3.264710000E-02  1.666670000E-01  1.000284504E-01 -2.132542178E+02 
       140  6.989630000E-01  3.673990000E-02  1.666670000E-01  1.001168296E-01 -2.047207123E+02 
       141  5.488770000E-02  3.697740000E-02  1.666670000E-01  1.061743066E-01  2.570653798E+02 
       142  6.579970000E-01  4.059990000E-02  1.666670000E-01  1.002078281E-01 -1.952735853E+02 
       143  8.351470000E-02  4.379180000E-02  1.666670000E-01  1.054597799E-01  1.622585206E+02 
       144  6.170090000E-01  4.421250000E-02  1.666670000E-01  1.003089504E-01 -1.851255006E+02 
       145  5.759990000E-01  4.755650000E-02  1.666670000E-01  1.004249153E-01 -1.742957938E+02 
       146  1.241140000E-01  5.043730000E-02  1.666670000E-01  1.041805507E-01  8.190914013E+01 
       147  5.349650000E-01  5.060440000E-02  1.666670000E-01  1.005557580E-01 -1.627043842E+02 
       148  4.939080000E-01  5.332060000E-02  1.666670000E-01  1.007025344E-01 -1.502128419E+02 
       149  1.650180000E-01  5.486620000E-02  1.666670000E-01  1.031870527E-01  2.621302471E+01 
       150  4.528280000E-01  5.566140000E-02  1.666670000E-01  1.008722152E-01 -1.366536770E+02 
       151  4.117260000E-01  5.757270000E-02  1.666670000E-01  1.010702302E-01 -1.218176014E+02 
       152  2.060650000E-01  5.771190000E-02  1.666670000E-01  1.025524622E-01 -1.245678547E+01 
       153  3.706030000E-01  5.898830000E-02  1.666670000E-01  1.012920826E-01 -1.054423693E+02 
       154  2.471780000E-01  5.933890000E-02  1.666670000E-01  1.021313658E-01 -4.222000888E+01 
       155  3.294650000E-01  5.982680000E-02  1.666670000E-01  1.015352949E-01 -8.717895613E+01 
       156  2.883190000E-01  5.998690000E-02  1.666670000E-01  1.018078821E-01 -6.645359379E+01 
       157  2.883190000E-01 -5.998690000E-02  3.333330000E-01  1.018078730E-01 -6.645354103E+01 
       158  3.294650000E-01 -5.982680000E-02  3.333330000E-01  1.015352817E-01 -8.717844401E+01 
       159  2.471780000E-01 -5.933890000E-02  3.333330000E-01  1.021313583E-01 -4.222050281E+01 
       160  3.706030000E-01 -5.898830000E-02  3.333330000E-01  1.012920674E-01 -1.054415272E+02 
       161  2.060650000E-01 -5.771190000E-02  3.333330000E-01  1.025524309E-01 -1.245781945E+01 
       162  4.117260000E-01 -5.757270000E-02  3.333330000E-01  1.010702175E-01 -1.218165388E+02 
       163  4.528280000E-01 -5.566140000E-02  3.333330000E-01  1.008722110E-01 -1.366525833E+02 
       164  1.650180000E-01 -5.486620000E-02  3.333330000E-01  1.031869420E-01  2.621082155E+01 
       165  4.939080000E-01 -5.332060000E-02  3.333330000E-01  1.007025413E-01 -1.502120326E+02 
       166  5.349650000E-01 -5.060440000E-02  3.333330000E-01  1.005557726E-01 -1.627041479E+02 
       167  1.241140000E-01 -5.043730000E-02  3.333330000E-01  1.041802579E-01  8.190519147E+01 
       168  5.759990000E-01 -4.755650000E-02  3.333330000E-01  1.004249307E-01 -1.742961778E+02 
       169  6.170090000E-01 -4.421250000E-02  3.333330000E-01  1.003089627E-01 -1.851263329E+02 
       170  8.351470000E-02 -4.379180000E-02  3.333330000E-01  1.054590496E-01  1.622535802E+02 
       171  6.579970000E-01 -4.059990000E-02  3.333330000E-01  1.002078387E-01 -1.952746843E+02 
       172  5.488770000E-02 -3.697740000E-02  3.333330000E-01  1.061729237E-01  2.570623649E+02 
       173  6.989630000E-01 -3.673990000E-02  3.333330000E-01  1.001168400E-01 -2.047219362E+02 
       174  7.399050000E-01 -3.264710000E-02  3.333330000E-01  1.000284579E-01 -2.132553059E+02 
       175  3.777470000E-02 -3.147510000E-02  3.333330000E-01  1.050920733E-01  3.542131045E+02 
       176  7.808250000E-01 -2.833060000E-02  3.333330000E-01  9.993521968E-02 -2.202941322E+02 
       177  2.634450000E-02 -2.677890000E-02  3.333330000E-01  1.013649788E-01  4.563327119E+02 
       178  8.217210000E-01 -2.379390000E-02  3.333330000E-01  9.981182478E-02 -2.245451268E+02 
       179  1.821900000E-02 -2.259850000E-02  3.333330000E-01  9.528064670E-02  5.630653361E+02 
       180  1.318260000E-02 -1.942040000E-02  3.333330000E-01  8.837104575E-02  6.635967158E+02 
       181  8.625920000E-01 -1.903530000E-02  3.333330000E-01  9.964795076E-02 -2.235652925E+02 
       182  9.850590000E-03 -1.691540000E-02  3.333330000E-01  8.176200823E-02  7.530613669E+02 
       183  7.411530000E-03 -1.476420000E-02  3.333330000E-01  7.545387227E-02  8.351073839E+02 
       184  9.034350000E-01 -1.404860000E-02  3.333330000E-01  9.938077426E-02 -2.142093249E+02 
       185  5.510960000E-03 -1.280140000E-02  3.333330000E-01  6.903398017E-02  9.125474433E+02 
       186  3.983540000E-03 -1.093890000E-02  3.333330000E-01  6.216317807E-02  9.860298703E+02 
       187  9.337850000E-01 -1.018640000E-02  3.333330000E-01  9.877117910E-02 -1.880784825E+02 
       188  2.745270000E-03 -9.124550000E-03  3.333330000E-01  5.461663443E-02  1.055569644E+03 
       189  1.752850000E-03 -7.324960000E-03  3.333330000E-01  4.620165421E-02  1.120499127E+03 
       190  9.641170000E-01 -6.185660000E-03  3.333330000E-01  9.734602919E-02 -1.313800003E+02 
       191  9.860190000E-04 -5.518970000E-03  3.333330000E-01  3.651888217E-02  1.181255551E+03 
       192  4.384000000E-04 -3.696570000E-03  3.333330000E-01  2.535811807E-02  1.233661999E+03 
       193  9.885790000E-01 -2.851310000E-03  3.333330000E-01  9.367145984E-02 -5.622962010E+01 
       194  1.095110000E-04 -1.855900000E-03  3.333330000E-01  1.276475367E-02  1.271174419E+03 
       195  0.000000000E+00  0.000000000E+00  3.333330000E-01  6.094239748E-03  1.285857480E+03 
       196  1.008950000E+00  0.000000000E+00  3.333330000E-01  9.099102863E-02 -1.863371798E+01 
       197  1.095110000E-04  1.855900000E-03  3.333330000E-01  1.276208143E-02  1.271172373E+03 
       198  9.885790000E-01  2.851310000E-03  3.333330000E-01  9.367145186E-02 -5.622867341E+01 
       199  4.384000000E-04  3.696570000E-03  3.333330000E-01  2.535628071E-02  1.233652182E+03 
       200  9.860190000E-04  5.518970000E-03  3.333330000E-01  3.651731105E-02  1.181237028E+03 
       201  9.641170000E-01  6.185660000E-03  3.333330000E-01  9.734602851E-02 -1.313797359E+02 
       202  1.752850000E-03  7.324960000E-03  3.333330000E-01  4.619959448E-02  1.120474106E+03 
       203  2.745270000E-03  9.124550000E-03  3.333330000E-01  5.461367741E-02  1.055545985E+03 
       204  9.337850000E-01  1.018640000E-02  3.333330000E-01  9.877119136E-02 -1.880793306E+02 
       205  3.983540000E-03  1.093890000E-02  3.333330000E-01  6.215968862E-02  9.860147552E+02 
       206  5.510960000E-03  1.280140000E-02  3.333330000E-01  6.903099532E-02  9.125432572E+02 
       207  9.034350000E-01  1.404860000E-02  3.333330000E-01  9.938079474E-02 -2.142106889E+02 
       208  7.411530000E-03  1.476420000E-02  3.333330000E-01  7.545238748E-02  8.351114497E+02 
       209  9.850590000E-03  1.691540000E-02  3.333330000E-01  8.176246210E-02  7.530693050E+02 
       210  8.625920000E-01  1.903530000E-02  3.333330000E-01  9.964796801E-02 -2.235663555E+02 
       211  1.318260000E-02  1.942040000E-02  3.333330000E-01  8.837321024E-02  6.636051476E+02 
       212  1.821900000E-02  2.259850000E-02  3.333330000E-01  9.528355325E-02  5.630707824E+02 
       213  8.217210000E-01  2.379390000E-02  3.333330000E-01  9.981183292E-02 -2.245454345E+02 
       214  2.634450000E-02  2.677890000E-02  3.333330000E-01  1.013676194E-01  4.563343805E+02 
       215  7.808250000E-01  2.833060000E-02  3.333330000E-01  9.993521961E-02 -2.202935851E+02 
       216  3.777470000E-02  3.147510000E-02  3.333330000E-01  1.050940977E-01  3.542139548E+02 
       217  7.399050000E-01  3.264710000E-02  3.333330000E-01  1.000284501E-01 -2.132541929E+02 
       218  6.989630000E-01  3.673990000E-02  3.333330000E-01  1.001168293E-01 -2.047206751E+02 
       219  5.488770000E-02  3.697740000E-02  3.333330000E-01  1.061743021E-01  2.570657570E+02 
       220  6.579970000E-01  4.059990000E-02  3.333330000E-01  1.002078277E-01 -1.952735415E+02 
       221  8.351470000E-02  4.379180000E-02  3.333330000E-01  1.054597804E-01  1.622588823E+02 
       222  6.170090000E-01  4.421250000E-02  3.333330000E-01  1.003089499E-01 -1.851254535E+02 
       223  5.759990000E-01  4.755650000E-02  3.333330000E-01  1.004249149E-01 -1.742957415E+02 
       224  1.241140000E-01  5.043730000E-02  3.333330000E-01  1.041805538E-01  8.190944699E+01 
       225  5.349650000E-01  5.060440000E-02  3.333330000E-01  1.005557575E-01 -1.627043242E+02 
       226  4.939080000E-01  5.332060000E-02  3.333330000E-01  1.007025337E-01 -1.502127767E+02 
       227  1.650180000E-01  5.486620000E-02  3.333330000E-01  1.031870567E-01  2.621325587E+01 
       228  4.528280000E-01  5.566140000E-02  3.333330000E-01  1.008722141E-01 -1.366536141E+02 
       229  4.117260000E-01  5.757270000E-02  3.333330000E-01  1.010702289E-01 -1.218175508E+02 
       230  2.060650000E-01  5.771190000E-02  3.333330000E-01  1.025524660E-01 -1.245663177E+01 
       231  3.706030000E-01  5.898830000E-02  3.333330000E-01  1.012920815E-01 -1.054423378E+02 
       232  2.471780000E-01  5.933890000E-02  3.333330000E-01  1.021313686E-01 -4.221992562E+01 
       233  3.294650000E-01  5.982680000E-02  3.333330000E-01  1.015352948E-01 -8.717893336E+01 
       234  2.883190000E-01  5.998690000E-02  3.333330000E-01  1.018078834E-01 -6.645355500E+01 
       235  2.883190000E-01 -5.998690000E-02  5.000000000E-01  1.018078732E-01 -6.645349806E+01 
       236  3.294650000E-01 -5.982680000E-02  5.000000000E-01  1.015352816E-01 -8.717842927E+01 
       237  2.471780000E-01 -5.933890000E-02  5.000000000E-01  1.021313587E-01 -4.222041484E+01 
       238  3.706030000E-01 -5.898830000E-02  5.000000000E-01  1.012920671E-01 -1.054415339E+02 
       239  2.060650000E-01 -5.771190000E-02  5.000000000E-01  1.025524313E-01 -1.245766897E+01 
       240  4.117260000E-01 -5.757270000E-02  5.000000000E-01  1.010702172E-01 -1.218165569E+02 
       241  4.528280000E-01 -5.566140000E-02  5.000000000E-01  1.008722107E-01 -1.366526044E+02 
       242  1.650180000E-01 -5.486620000E-02  5.000000000E-01  1.031869424E-01  2.621102993E+01 
       243  4.939080000E-01 -5.332060000E-02  5.000000000E-01  1.007025411E-01 -1.502120509E+02 
       244  5.349650000E-01 -5.060440000E-02  5.000000000E-01  1.005557723E-01 -1.627041637E+02 
       245  1.241140000E-01 -5.043730000E-02  5.000000000E-01  1.041802591E-01  8.190544110E+01 
       246  5.759990000E-01 -4.755650000E-02  5.000000000E-01  1.004249305E-01 -1.742961911E+02 
       247  6.170090000E-01 -4.421250000E-02  5.000000000E-01  1.003089626E-01 -1.851263438E+02 
       248  8.351470000E-02 -4.379180000E-02  5.000000000E-01  1.054590513E-01  1.622538449E+02 
       249  6.579970000E-01 -4.059990000E-02  5.000000000E-01  1.002078387E-01 -1.952746935E+02 
       250  5.488770000E-02 -3.697740000E-02  5.000000000E-01  1.061729232E-01  2.570626450E+02 
       251  6.989630000E-01 -3.673990000E-02  5.000000000E-01  1.001168400E-01 -2.047219447E+02 
       252  7.399050000E-01 -3.264710000E-02  5.000000000E-01  1.000284579E-01 -2.132553184E+02 
       253  3.777470000E-02 -3.147510000E-02  5.000000000E-01  1.050920663E-01  3.542134135E+02 
       254  7.808250000E-01 -2.833060000E-02  5.000000000E-01  9.993521977E-02 -2.202941496E+02 
       255  2.634450000E-02 -2.677890000E-02  5.000000000E-01  1.013649609E-01  4.563330634E+02 
       256  8.217210000E-01 -2.379390000E-02  5.000000000E-01  9.981182486E-02 -2.245451483E+02 
       257  1.821900000E-02 -2.259850000E-02  5.000000000E-01  9.528061662E-02  5.630656276E+02 
       258  1.318260000E-02 -1.942040000E-02  5.000000000E-01  8.837100797E-02  6.635968044E+02 
       259  8.625920000E-01 -1.903530000E-02  5.000000000E-01  9.964795072E-02 -2.235653136E+02 
       260  9.850590000E-03 -1.691540000E-02  5.000000000E-01  8.176196584E-02  7.530612396E+02 
       261  7.411530000E-03 -1.476420000E-02  5.000000000E-01  7.545383097E-02  8.351070650E+02 
       262  9.034350000E-01 -1.404860000E-02  5.000000000E-01  9.938077414E-02 -2.142093417E+02 
       263  5.510960000E-03 -1.280140000E-02  5.000000000E-01  6.903395043E-02  9.125469548E+02 
       264  3.983540000E-03 -1.093890000E-02  5.000000000E-01  6.216316972E-02  9.860292698E+02 
       265  9.337850000E-01 -1.018640000E-02  5.000000000E-01  9.877117901E-02 -1.880784976E+02 
       266  2.745270000E-03 -9.124550000E-03  5.000000000E-01  5.461664947E-02  1.055569024E+03 
       267  1.752850000E-03 -7.324960000E-03  5.000000000E-01  4.620168458E-02  1.120498586E+03 
       268  9.641170000E-01 -6.185660000E-03  5.000000000E-01  9.734602940E-02 -1.313800254E+02 
       269  9.860190000E-04 -5.518970000E-03  5.000000000E-01  3.651891315E-02  1.181255154E+03 
       270  4.384000000E-04 -3.696570000E-03  5.000000000E-01  2.535813824E-02  1.233661739E+03 
       271  9.885790000E-01 -2.851310000E-03  5.000000000E-01  9.367146162E-02 -5.622966846E+01 
       272  1.095110000E-04 -1.855900000E-03  5.000000000E-01  1.276475894E-02  1.271174250E+03 
       273  0.000000000E+00  0.000000000E+00  5.000000000E-01  6.094240343E-03  1.285857354E+03 
       274  1.008950000E+00  0.000000000E+00  5.000000000E-01  9.108344730E-02  3.316153262E+01 
       275  1.095110000E-04  1.855900000E-03  5.000000000E-01  1.276208738E-02  1.271172252E+03 
       276  9.885790000E-01  2.851310000E-03  5.000000000E-01  9.367145422E-02 -5.622872522E+01 
       277  4.384000000E-04  3.696570000E-03  5.000000000E-01  2.535629023E-02  1.233652049E+03 
       278  9.860190000E-04  5.518970000E-03  5.000000000E-01  3.651732422E-02  1.181236861E+03 
       279  9.641170000E-01  6.185660000E-03  5.000000000E-01  9.734602873E-02 -1.313797358E+02 
       280  1.752850000E-03  7.324960000E-03  5.000000000E-01  4.619960931E-02  1.120473897E+03 
       281  2.745270000E-03  9.124550000E-03  5.000000000E-01  5.461369064E-02  1.055545735E+03 
       282  9.337850000E-01  1.018640000E-02  5.000000000E-01  9.877119106E-02 -1.880792945E+02 
       283  3.983540000E-03  1.093890000E-02  5.000000000E-01  6.215969483E-02  9.860144754E+02 
       284  5.510960000E-03  1.280140000E-02  5.000000000E-01  6.903098602E-02  9.125429636E+02 
       285  9.034350000E-01  1.404860000E-02  5.000000000E-01  9.938079447E-02 -2.142106431E+02 
       286  7.411530000E-03  1.476420000E-02  5.000000000E-01  7.545235528E-02  8.351111440E+02 
       287  9.850590000E-03  1.691540000E-02  5.000000000E-01  8.176240772E-02  7.530690244E+02 
       288  8.625920000E-01  1.903530000E-02  5.000000000E-01  9.964796775E-02 -2.235663129E+02 
       289  1.318260000E-02  1.942040000E-02  5.000000000E-01  8.837314153E-02  6.636049550E+02 
       290  1.821900000E-02  2.259850000E-02  5.000000000E-01  9.528348575E-02  5.630707137E+02 
       291  8.217210000E-01  2.379390000E-02  5.000000000E-01  9.981183278E-02 -2.245454004E+02 
       292  2.634450000E-02  2.677890000E-02  5.000000000E-01  1.013675741E-01  4.563344149E+02 
       293  7.808250000E-01  2.833060000E-02  5.000000000E-01  9.993521961E-02 -2.202935600E+02 
       294  3.777470000E-02  3.147510000E-02  5.000000000E-01  1.050940793E-01  3.542140819E+02 
       295  7.399050000E-01  3.264710000E-02  5.000000000E-01  1.000284502E-01 -2.132541690E+02 
       296  6.989630000E-01  3.673990000E-02  5.000000000E-01  1.001168293E-01 -2.047206455E+02 
       297  5.488770000E-02  3.697740000E-02  5.000000000E-01  1.061743000E-01  2.570659521E+02 
       298  6.579970000E-01  4.059990000E-02  5.000000000E-01  1.002078276E-01 -1.952735086E+02 
       299  8.351470000E-02  4.379180000E-02  5.000000000E-01  1.054597829E-01  1.622590927E+02 
       300  6.170090000E-01  4.421250000E-02  5.000000000E-01  1.003089498E-01 -1.851254188E+02 
       301  5.759990000E-01  4.755650000E-02  5.000000000E-01  1.004249149E-01 -1.742957038E+02 
       302  1.241140000E-01  5.043730000E-02  5.000000000E-01  1.041805563E-01  8.190966856E+01 
       303  5.349650000E-01  5.060440000E-02  5.000000000E-01  1.005557576E-01 -1.627042792E+02 
       304  4.939080000E-01  5.332060000E-02  5.000000000E-01  1.007025337E-01 -1.502127224E+02 
       305  1.650180000E-01  5.486620000E-02  5.000000000E-01  1.031870589E-01  2.621347597E+01 
       306  4.528280000E-01  5.566140000E-02  5.000000000E-01  1.008722139E-01 -1.366535554E+02 
       307  4.117260000E-01  5.757270000E-02  5.000000000E-01  1.010702286E-01 -1.218174898E+02 
       308  2.060650000E-01  5.771190000E-02  5.000000000E-01  1.025524684E-01 -1.245643262E+01 
       309  3.706030000E-01  5.898830000E-02  5.000000000E-01  1.012920816E-01 -1.054422709E+02 
       310  2.471780000E-01  5.933890000E-02  5.000000000E-01  1.021313709E-01 -4.221977134E+01 
       311  3.294650000E-01  5.982680000E-02  5.000000000E-01  1.015352957E-01 -8.717884925E+01 
       312  2.883190000E-01  5.998690000E-02  5.000000000E-01  1.018078851E-01 -6.645344229E+01 
